 x      300.00000000000000        873.00000000000000        1273.0000000000000        1673.0000000000000     
  -680.000  0.000000E+00  0.000000E+00  0.000000E+00  0.000000E+00  0.000000E+00
  -679.900  0.000000E+00  0.000000E+00  0.000000E+00  0.000000E+00  0.000000E+00
  -679.800  0.000000E+00  0.000000E+00  0.000000E+00  0.000000E+00  0.000000E+00
  -679.700  0.000000E+00  0.000000E+00  0.000000E+00  0.000000E+00  0.000000E+00
  -679.600  0.000000E+00  0.000000E+00  0.000000E+00  0.000000E+00  0.000000E+00
  -679.500  0.000000E+00  0.000000E+00  0.000000E+00  0.000000E+00  0.000000E+00
  -679.400  0.000000E+00  0.000000E+00  0.000000E+00  0.000000E+00  0.000000E+00
  -679.300  0.000000E+00  0.000000E+00  0.000000E+00  0.000000E+00  0.000000E+00
  -679.200  0.000000E+00  0.000000E+00  0.000000E+00  0.000000E+00  0.000000E+00
  -679.100  0.000000E+00  0.000000E+00  0.000000E+00  0.000000E+00  0.000000E+00
  -679.000  0.000000E+00  0.000000E+00  0.000000E+00  0.000000E+00  0.000000E+00
  -678.900  0.000000E+00  0.000000E+00  0.000000E+00  0.000000E+00  0.000000E+00
  -678.800  0.000000E+00  0.000000E+00  0.000000E+00  0.000000E+00  0.000000E+00
  -678.700  0.000000E+00  0.000000E+00  0.000000E+00  0.000000E+00  0.000000E+00
  -678.600  0.000000E+00  0.000000E+00  0.000000E+00  0.000000E+00  0.000000E+00
  -678.500  0.000000E+00  0.000000E+00  0.000000E+00  0.000000E+00  0.000000E+00
  -678.400  0.000000E+00  0.000000E+00  0.000000E+00  0.000000E+00  0.000000E+00
  -678.300  0.000000E+00  0.000000E+00  0.000000E+00  0.000000E+00  0.000000E+00
  -678.200  0.000000E+00  0.000000E+00  0.000000E+00  0.000000E+00  0.000000E+00
  -678.100  0.000000E+00  0.000000E+00  0.000000E+00  0.000000E+00  0.000000E+00
  -678.000  0.000000E+00  0.000000E+00  0.000000E+00  0.000000E+00  0.000000E+00
  -677.900  0.000000E+00  0.000000E+00  0.000000E+00  0.000000E+00  0.000000E+00
  -677.800  0.000000E+00  0.000000E+00  0.000000E+00  0.000000E+00  0.000000E+00
  -677.700  0.000000E+00  0.000000E+00  0.000000E+00  0.000000E+00  0.000000E+00
  -677.600  0.000000E+00  0.000000E+00  0.000000E+00  0.000000E+00  0.000000E+00
  -677.500  0.000000E+00  0.000000E+00  0.000000E+00  0.000000E+00  0.000000E+00
  -677.400  0.000000E+00  0.000000E+00  0.000000E+00  0.000000E+00  0.000000E+00
  -677.300  0.000000E+00  0.000000E+00  0.000000E+00  0.000000E+00  0.000000E+00
  -677.200  0.000000E+00  0.000000E+00  0.000000E+00  0.000000E+00  0.000000E+00
  -677.100  0.000000E+00  0.000000E+00  0.000000E+00  0.000000E+00  0.000000E+00
  -677.000  0.000000E+00  0.000000E+00  0.000000E+00  0.000000E+00  0.000000E+00
  -676.900  0.000000E+00  0.000000E+00  0.000000E+00  0.000000E+00  0.000000E+00
  -676.800  0.000000E+00  0.000000E+00  0.000000E+00  0.000000E+00  0.000000E+00
  -676.700  0.000000E+00  0.000000E+00  0.000000E+00  0.000000E+00  0.000000E+00
  -676.600  0.000000E+00  0.000000E+00  0.000000E+00  0.000000E+00  0.000000E+00
  -676.500  0.000000E+00  0.000000E+00  0.000000E+00  0.000000E+00  0.000000E+00
  -676.400  0.000000E+00  0.000000E+00  0.000000E+00  0.000000E+00  0.000000E+00
  -676.300  0.000000E+00  0.000000E+00  0.000000E+00  0.000000E+00  0.000000E+00
  -676.200  0.000000E+00  0.000000E+00  0.000000E+00  0.000000E+00  0.000000E+00
  -676.100  0.000000E+00  0.000000E+00  0.000000E+00  0.000000E+00  0.000000E+00
  -676.000  0.000000E+00  0.000000E+00  0.000000E+00  0.000000E+00  0.000000E+00
  -675.900  0.000000E+00  0.000000E+00  0.000000E+00  0.000000E+00  0.000000E+00
  -675.800  0.000000E+00  0.000000E+00  0.000000E+00  0.000000E+00  0.000000E+00
  -675.700  0.000000E+00  0.000000E+00  0.000000E+00  0.000000E+00  0.000000E+00
  -675.600  0.000000E+00  0.000000E+00  0.000000E+00  0.000000E+00  0.000000E+00
  -675.500  0.000000E+00  0.000000E+00  0.000000E+00  0.000000E+00  0.000000E+00
  -675.400  0.000000E+00  0.000000E+00  0.000000E+00  0.000000E+00  0.000000E+00
  -675.300  0.000000E+00  0.000000E+00  0.000000E+00  0.000000E+00  0.000000E+00
  -675.200  0.000000E+00  0.000000E+00  0.000000E+00  0.000000E+00  0.000000E+00
  -675.100  0.000000E+00  0.000000E+00  0.000000E+00  0.000000E+00  0.000000E+00
  -675.000  0.000000E+00  0.000000E+00  0.000000E+00  0.000000E+00  0.000000E+00
  -674.900  0.000000E+00  0.000000E+00  0.000000E+00  0.000000E+00  0.000000E+00
  -674.800  0.000000E+00  0.000000E+00  0.000000E+00  0.000000E+00  0.000000E+00
  -674.700  0.000000E+00  0.000000E+00  0.000000E+00  0.000000E+00  0.000000E+00
  -674.600  0.000000E+00  0.000000E+00  0.000000E+00  0.000000E+00  0.000000E+00
  -674.500  0.000000E+00  0.000000E+00  0.000000E+00  0.000000E+00  0.000000E+00
  -674.400  0.000000E+00  0.000000E+00  0.000000E+00  0.000000E+00  0.000000E+00
  -674.300  0.000000E+00  0.000000E+00  0.000000E+00  0.000000E+00  0.000000E+00
  -674.200  0.000000E+00  0.000000E+00  0.000000E+00  0.000000E+00  0.000000E+00
  -674.100  0.000000E+00  0.000000E+00  0.000000E+00  0.000000E+00  0.000000E+00
  -674.000  0.000000E+00  0.000000E+00  0.000000E+00  0.000000E+00  0.000000E+00
  -673.900  0.000000E+00  0.000000E+00  0.000000E+00  0.000000E+00  0.000000E+00
  -673.800  0.000000E+00  0.000000E+00  0.000000E+00  0.000000E+00  0.000000E+00
  -673.700  0.000000E+00  0.000000E+00  0.000000E+00  0.000000E+00  0.000000E+00
  -673.600  0.000000E+00  0.000000E+00  0.000000E+00  0.000000E+00  0.000000E+00
  -673.500  0.000000E+00  0.000000E+00  0.000000E+00  0.000000E+00  0.000000E+00
  -673.400  0.000000E+00  0.000000E+00  0.000000E+00  0.000000E+00  0.000000E+00
  -673.300  0.000000E+00  0.000000E+00  0.000000E+00  0.000000E+00  0.000000E+00
  -673.200  0.000000E+00  0.000000E+00  0.000000E+00  0.000000E+00  0.000000E+00
  -673.100  0.000000E+00  0.000000E+00  0.000000E+00  0.000000E+00  0.000000E+00
  -673.000  0.000000E+00  0.000000E+00  0.000000E+00  0.000000E+00  0.000000E+00
  -672.900  0.000000E+00  0.000000E+00  0.000000E+00  0.000000E+00  0.000000E+00
  -672.800  0.000000E+00  0.000000E+00  0.000000E+00  0.000000E+00  0.000000E+00
  -672.700  0.000000E+00  0.000000E+00  0.000000E+00  0.000000E+00  0.000000E+00
  -672.600  0.000000E+00  0.000000E+00  0.000000E+00  0.000000E+00  0.000000E+00
  -672.500  0.000000E+00  0.000000E+00  0.000000E+00  0.000000E+00  0.000000E+00
  -672.400  0.000000E+00  0.000000E+00  0.000000E+00  0.000000E+00  0.000000E+00
  -672.300  0.000000E+00  0.000000E+00  0.000000E+00  0.000000E+00  0.000000E+00
  -672.200  0.000000E+00  0.000000E+00  0.000000E+00  0.000000E+00  0.000000E+00
  -672.100  0.000000E+00  0.000000E+00  0.000000E+00  0.000000E+00  0.000000E+00
  -672.000  0.000000E+00  0.000000E+00  0.000000E+00  0.000000E+00  0.000000E+00
  -671.900  0.000000E+00  0.000000E+00  0.000000E+00  0.000000E+00  0.000000E+00
  -671.800  0.000000E+00  0.000000E+00  0.000000E+00  0.000000E+00  0.000000E+00
  -671.700  0.000000E+00  0.000000E+00  0.000000E+00  0.000000E+00  0.000000E+00
  -671.600  0.000000E+00  0.000000E+00  0.000000E+00  0.000000E+00  0.000000E+00
  -671.500  0.000000E+00  0.000000E+00  0.000000E+00  0.000000E+00  0.000000E+00
  -671.400  0.000000E+00  0.000000E+00  0.000000E+00  0.000000E+00  0.000000E+00
  -671.300  0.000000E+00  0.000000E+00  0.000000E+00  0.000000E+00  0.000000E+00
  -671.200  0.000000E+00  0.000000E+00  0.000000E+00  0.000000E+00  0.000000E+00
  -671.100  0.000000E+00  0.000000E+00  0.000000E+00  0.000000E+00  0.000000E+00
  -671.000  0.000000E+00  0.000000E+00  0.000000E+00  0.000000E+00  0.000000E+00
  -670.900  0.000000E+00  0.000000E+00  0.000000E+00  0.000000E+00  0.000000E+00
  -670.800  0.000000E+00  0.000000E+00  0.000000E+00  0.000000E+00  0.000000E+00
  -670.700  0.000000E+00  0.000000E+00  0.000000E+00  0.000000E+00  0.000000E+00
  -670.600  0.000000E+00  0.000000E+00  0.000000E+00  0.000000E+00  0.000000E+00
  -670.500  0.000000E+00  0.000000E+00  0.000000E+00  0.000000E+00  0.000000E+00
  -670.400  0.000000E+00  0.000000E+00  0.000000E+00  0.000000E+00  0.000000E+00
  -670.300  0.000000E+00  0.000000E+00  0.000000E+00  0.000000E+00  0.000000E+00
  -670.200  0.000000E+00  0.000000E+00  0.000000E+00  0.000000E+00  0.000000E+00
  -670.100  0.000000E+00  0.000000E+00  0.000000E+00  0.000000E+00  0.000000E+00
  -670.000  0.000000E+00  0.000000E+00  0.000000E+00  0.000000E+00  0.000000E+00
  -669.900  0.000000E+00  0.000000E+00  0.000000E+00  0.000000E+00  0.000000E+00
  -669.800  0.000000E+00  0.000000E+00  0.000000E+00  0.000000E+00  0.000000E+00
  -669.700  0.000000E+00  0.000000E+00  0.000000E+00  0.000000E+00  0.000000E+00
  -669.600  0.000000E+00  0.000000E+00  0.000000E+00  0.000000E+00  0.000000E+00
  -669.500  0.000000E+00  0.000000E+00  0.000000E+00  0.000000E+00  0.000000E+00
  -669.400  0.000000E+00  0.000000E+00  0.000000E+00  0.000000E+00  0.000000E+00
  -669.300  0.000000E+00  0.000000E+00  0.000000E+00  0.000000E+00  0.000000E+00
  -669.200  0.000000E+00  0.000000E+00  0.000000E+00  0.000000E+00  0.000000E+00
  -669.100  0.000000E+00  0.000000E+00  0.000000E+00  0.000000E+00  0.000000E+00
  -669.000  0.000000E+00  0.000000E+00  0.000000E+00  0.000000E+00  0.000000E+00
  -668.900  0.000000E+00  0.000000E+00  0.000000E+00  0.000000E+00  0.000000E+00
  -668.800  0.000000E+00  0.000000E+00  0.000000E+00  0.000000E+00  0.000000E+00
  -668.700  0.000000E+00  0.000000E+00  0.000000E+00  0.000000E+00  0.000000E+00
  -668.600  0.000000E+00  0.000000E+00  0.000000E+00  0.000000E+00  0.000000E+00
  -668.500  0.000000E+00  0.000000E+00  0.000000E+00  0.000000E+00  0.000000E+00
  -668.400  0.000000E+00  0.000000E+00  0.000000E+00  0.000000E+00  0.000000E+00
  -668.300  0.000000E+00  0.000000E+00  0.000000E+00  0.000000E+00  0.000000E+00
  -668.200  0.000000E+00  0.000000E+00  0.000000E+00  0.000000E+00  0.000000E+00
  -668.100  0.000000E+00  0.000000E+00  0.000000E+00  0.000000E+00  0.000000E+00
  -668.000  0.000000E+00  0.000000E+00  0.000000E+00  0.000000E+00  0.000000E+00
  -667.900  0.000000E+00  0.000000E+00  0.000000E+00  0.000000E+00  0.000000E+00
  -667.800  0.000000E+00  0.000000E+00  0.000000E+00  0.000000E+00  0.000000E+00
  -667.700  0.000000E+00  0.000000E+00  0.000000E+00  0.000000E+00  0.000000E+00
  -667.600  0.000000E+00  0.000000E+00  0.000000E+00  0.000000E+00  0.000000E+00
  -667.500  0.000000E+00  0.000000E+00  0.000000E+00  0.000000E+00  0.000000E+00
  -667.400  0.000000E+00  0.000000E+00  0.000000E+00  0.000000E+00  0.000000E+00
  -667.300  0.000000E+00  0.000000E+00  0.000000E+00  0.000000E+00  0.000000E+00
  -667.200  0.000000E+00  0.000000E+00  0.000000E+00  0.000000E+00  0.000000E+00
  -667.100  0.000000E+00  0.000000E+00  0.000000E+00  0.000000E+00  0.000000E+00
  -667.000  0.000000E+00  0.000000E+00  0.000000E+00  0.000000E+00  0.000000E+00
  -666.900  0.171296E-04  0.209355E-04  0.211654E-04  0.212459E-04  0.213337E-04
  -666.800  0.257766E-04  0.313654E-04  0.316981E-04  0.318136E-04  0.319329E-04
  -666.700  0.384122E-04  0.465280E-04  0.470034E-04  0.471666E-04  0.473247E-04
  -666.600  0.566911E-04  0.683471E-04  0.690176E-04  0.692451E-04  0.694478E-04
  -666.500  0.828677E-04  0.994268E-04  0.100360E-03  0.100672E-03  0.100922E-03
  -666.400  0.119975E-03  0.143248E-03  0.144530E-03  0.144951E-03  0.145244E-03
  -666.300  0.172043E-03  0.204402E-03  0.206140E-03  0.206701E-03  0.207018E-03
  -666.200  0.244351E-03  0.288871E-03  0.291195E-03  0.291928E-03  0.292230E-03
  -666.100  0.343719E-03  0.404328E-03  0.407394E-03  0.408335E-03  0.408546E-03
  -666.000  0.478829E-03  0.560483E-03  0.564470E-03  0.565655E-03  0.565648E-03
  -665.900  0.660563E-03  0.769429E-03  0.774541E-03  0.776002E-03  0.775572E-03
  -665.800  0.902338E-03  0.104599E-02  0.105244E-02  0.105420E-02  0.105304E-02
  -665.700  0.122041E-02  0.140800E-02  0.141603E-02  0.141809E-02  0.141573E-02
  -665.600  0.163414E-02  0.187659E-02  0.188641E-02  0.188875E-02  0.188454E-02
  -665.500  0.216611E-02  0.247624E-02  0.248804E-02  0.249059E-02  0.248362E-02
  -665.400  0.284214E-02  0.323475E-02  0.324869E-02  0.325132E-02  0.324036E-02
  -665.300  0.369108E-02  0.418303E-02  0.419915E-02  0.420166E-02  0.418509E-02
  -665.200  0.474443E-02  0.535453E-02  0.537277E-02  0.537486E-02  0.535057E-02
  -665.100  0.603560E-02  0.678451E-02  0.680465E-02  0.680587E-02  0.677121E-02
  -665.000  0.759901E-02  0.850898E-02  0.853059E-02  0.853038E-02  0.848207E-02
  -664.900  0.946883E-02  0.105634E-01  0.105858E-01  0.105834E-01  0.105175E-01
  -664.800  0.116776E-01  0.129811E-01  0.130034E-01  0.129979E-01  0.129097E-01
  -664.700  0.142544E-01  0.157918E-01  0.158126E-01  0.158029E-01  0.156869E-01
  -664.600  0.172237E-01  0.190196E-01  0.190374E-01  0.190222E-01  0.188723E-01
  -664.500  0.206028E-01  0.226814E-01  0.226944E-01  0.226721E-01  0.224817E-01
  -664.400  0.244010E-01  0.267857E-01  0.267917E-01  0.267609E-01  0.265225E-01
  -664.300  0.286183E-01  0.313311E-01  0.313280E-01  0.312868E-01  0.309930E-01
  -664.200  0.332439E-01  0.363057E-01  0.362910E-01  0.362378E-01  0.358809E-01
  -664.100  0.382560E-01  0.416866E-01  0.416581E-01  0.415912E-01  0.411639E-01
  -664.000  0.436217E-01  0.474400E-01  0.473959E-01  0.473138E-01  0.468093E-01
  -663.900  0.492974E-01  0.535220E-01  0.534607E-01  0.533622E-01  0.527747E-01
  -663.800  0.552294E-01  0.598790E-01  0.597997E-01  0.596839E-01  0.590091E-01
  -663.700  0.613546E-01  0.664491E-01  0.663517E-01  0.662183E-01  0.654536E-01
  -663.600  0.676026E-01  0.731630E-01  0.730487E-01  0.728980E-01  0.720429E-01
  -663.500  0.738964E-01  0.799456E-01  0.798166E-01  0.796496E-01  0.787060E-01
  -663.400  0.801540E-01  0.867169E-01  0.865767E-01  0.863950E-01  0.853678E-01
  -663.300  0.862902E-01  0.933930E-01  0.932465E-01  0.930526E-01  0.919493E-01
  -663.200  0.922181E-01  0.998876E-01  0.997408E-01  0.995381E-01  0.983691E-01
  -663.100  0.978503E-01  0.106113E+00  0.105973E+00  0.105765E+00  0.104544E+00
  -663.000  0.103101E+00  0.111979E+00  0.111855E+00  0.111647E+00  0.110389E+00
  -662.900  0.107888E+00  0.117401E+00  0.117301E+00  0.117097E+00  0.115820E+00
  -662.800  0.112135E+00  0.122293E+00  0.122226E+00  0.122032E+00  0.120756E+00
  -662.700  0.115773E+00  0.126576E+00  0.126551E+00  0.126373E+00  0.125119E+00
  -662.600  0.118744E+00  0.130180E+00  0.130205E+00  0.130048E+00  0.128836E+00
  -662.500  0.121003E+00  0.133043E+00  0.133126E+00  0.132995E+00  0.131846E+00
  -662.400  0.122523E+00  0.135120E+00  0.135266E+00  0.135165E+00  0.134097E+00
  -662.300  0.123292E+00  0.136380E+00  0.136593E+00  0.136526E+00  0.135556E+00
  -662.200  0.123322E+00  0.136814E+00  0.137095E+00  0.137063E+00  0.136203E+00
  -662.100  0.122644E+00  0.136433E+00  0.136780E+00  0.136783E+00  0.136042E+00
  -662.000  0.121312E+00  0.135269E+00  0.135676E+00  0.135714E+00  0.135094E+00
  -661.900  0.119403E+00  0.133379E+00  0.133836E+00  0.133905E+00  0.133403E+00
  -661.800  0.117009E+00  0.130838E+00  0.131332E+00  0.131426E+00  0.131031E+00
  -661.700  0.114242E+00  0.127740E+00  0.128254E+00  0.128365E+00  0.128058E+00
  -661.600  0.111225E+00  0.124195E+00  0.124707E+00  0.124825E+00  0.124579E+00
  -661.500  0.108088E+00  0.120323E+00  0.120806E+00  0.120920E+00  0.120701E+00
  -661.400  0.104965E+00  0.116251E+00  0.116677E+00  0.116771E+00  0.116537E+00
  -661.300  0.101989E+00  0.112108E+00  0.112444E+00  0.112502E+00  0.112204E+00
  -661.200  0.992864E-01  0.108022E+00  0.108232E+00  0.108237E+00  0.107820E+00
  -661.100  0.969736E-01  0.104113E+00  0.104161E+00  0.104093E+00  0.103499E+00
  -661.000  0.951557E-01  0.100497E+00  0.100345E+00  0.100185E+00  0.993521E-01
  -660.900  0.939246E-01  0.972781E-01  0.968893E-01  0.966176E-01  0.954820E-01
  -660.800  0.933593E-01  0.945541E-01  0.938916E-01  0.934885E-01  0.919876E-01
  -660.700  0.935284E-01  0.924139E-01  0.914432E-01  0.908900E-01  0.889627E-01
  -660.600  0.944928E-01  0.909422E-01  0.896312E-01  0.889105E-01  0.864986E-01
  -660.500  0.963106E-01  0.902222E-01  0.885420E-01  0.876377E-01  0.846873E-01
  -660.400  0.990425E-01  0.903401E-01  0.882650E-01  0.871629E-01  0.836246E-01
  -660.300  0.102757E+00  0.913894E-01  0.888971E-01  0.875844E-01  0.834132E-01
  -660.200  0.107537E+00  0.934749E-01  0.905460E-01  0.890114E-01  0.841666E-01
  -660.100  0.113482E+00  0.967154E-01  0.933331E-01  0.915665E-01  0.860106E-01
  -660.000  0.120710E+00  0.101245E+00  0.973947E-01  0.953867E-01  0.890839E-01
  -659.900  0.129359E+00  0.107214E+00  0.102881E+00  0.100622E+00  0.935377E-01
  -659.800  0.139584E+00  0.114782E+00  0.109951E+00  0.107433E+00  0.995312E-01
  -659.700  0.151544E+00  0.124113E+00  0.118771E+00  0.115984E+00  0.107226E+00
  -659.600  0.165396E+00  0.135366E+00  0.129497E+00  0.126431E+00  0.116779E+00
  -659.500  0.181279E+00  0.148684E+00  0.142272E+00  0.138917E+00  0.128327E+00
  -659.400  0.199296E+00  0.164177E+00  0.157206E+00  0.153551E+00  0.141982E+00
  -659.300  0.219498E+00  0.181911E+00  0.174365E+00  0.170401E+00  0.157811E+00
  -659.200  0.241867E+00  0.201888E+00  0.193757E+00  0.189475E+00  0.175830E+00
  -659.100  0.266300E+00  0.224043E+00  0.215321E+00  0.210716E+00  0.195988E+00
  -659.000  0.292601E+00  0.248227E+00  0.238919E+00  0.233990E+00  0.218166E+00
  -658.900  0.320476E+00  0.274212E+00  0.264331E+00  0.259083E+00  0.242172E+00
  -658.800  0.349538E+00  0.301687E+00  0.291263E+00  0.285710E+00  0.267744E+00
  -658.700  0.379315E+00  0.330271E+00  0.319351E+00  0.313516E+00  0.294555E+00
  -658.600  0.409275E+00  0.359529E+00  0.348179E+00  0.342094E+00  0.322233E+00
  -658.500  0.438843E+00  0.388987E+00  0.377294E+00  0.371002E+00  0.350370E+00
  -658.400  0.467438E+00  0.418160E+00  0.406230E+00  0.399784E+00  0.378545E+00
  -658.300  0.494494E+00  0.446571E+00  0.434529E+00  0.427995E+00  0.406344E+00
  -658.200  0.519498E+00  0.473776E+00  0.461763E+00  0.455212E+00  0.433373E+00
  -658.100  0.542009E+00  0.499382E+00  0.487550E+00  0.481061E+00  0.459281E+00
  -658.000  0.561679E+00  0.523058E+00  0.511566E+00  0.505222E+00  0.483759E+00
  -657.900  0.578262E+00  0.544541E+00  0.533550E+00  0.527435E+00  0.506553E+00
  -657.800  0.591616E+00  0.563638E+00  0.553305E+00  0.547499E+00  0.527458E+00
  -657.700  0.601699E+00  0.580220E+00  0.570688E+00  0.565268E+00  0.546310E+00
  -657.600  0.608549E+00  0.594205E+00  0.585602E+00  0.580636E+00  0.562981E+00
  -657.500  0.612275E+00  0.605550E+00  0.597981E+00  0.593526E+00  0.577360E+00
  -657.400  0.613027E+00  0.614233E+00  0.607778E+00  0.603877E+00  0.589347E+00
  -657.300  0.610985E+00  0.620240E+00  0.614949E+00  0.611631E+00  0.598841E+00
  -657.200  0.606337E+00  0.623559E+00  0.619452E+00  0.616730E+00  0.605737E+00
  -657.100  0.599267E+00  0.624171E+00  0.621237E+00  0.619111E+00  0.609923E+00
  -657.000  0.589954E+00  0.622057E+00  0.620255E+00  0.618706E+00  0.611290E+00
  -656.900  0.578565E+00  0.617201E+00  0.616463E+00  0.615461E+00  0.609736E+00
  -656.800  0.565266E+00  0.609604E+00  0.609835E+00  0.609335E+00  0.605186E+00
  -656.700  0.550229E+00  0.599294E+00  0.600380E+00  0.600327E+00  0.597603E+00
  -656.600  0.533645E+00  0.586346E+00  0.588152E+00  0.588483E+00  0.587007E+00
  -656.500  0.515731E+00  0.570890E+00  0.573270E+00  0.573915E+00  0.573487E+00
  -656.400  0.496747E+00  0.553125E+00  0.555923E+00  0.556805E+00  0.557211E+00
  -656.300  0.476996E+00  0.533323E+00  0.536377E+00  0.537417E+00  0.538432E+00
  -656.200  0.456827E+00  0.511831E+00  0.514976E+00  0.516093E+00  0.517487E+00
  -656.100  0.436634E+00  0.489063E+00  0.492135E+00  0.493251E+00  0.494793E+00
  -656.000  0.416843E+00  0.465494E+00  0.468335E+00  0.469370E+00  0.470833E+00
  -655.900  0.397902E+00  0.441643E+00  0.444101E+00  0.444981E+00  0.446147E+00
  -655.800  0.380266E+00  0.418060E+00  0.419992E+00  0.420648E+00  0.421310E+00
  -655.700  0.364373E+00  0.395302E+00  0.396581E+00  0.396948E+00  0.396917E+00
  -655.600  0.350633E+00  0.373922E+00  0.374435E+00  0.374457E+00  0.373564E+00
  -655.500  0.339411E+00  0.354448E+00  0.354103E+00  0.353732E+00  0.351835E+00
  -655.400  0.331006E+00  0.337367E+00  0.336094E+00  0.335296E+00  0.332284E+00
  -655.300  0.325649E+00  0.323119E+00  0.320875E+00  0.319625E+00  0.315422E+00
  -655.200  0.323492E+00  0.312082E+00  0.308851E+00  0.307142E+00  0.301715E+00
  -655.100  0.324607E+00  0.304569E+00  0.300368E+00  0.298205E+00  0.291565E+00
  -655.000  0.328986E+00  0.300819E+00  0.295699E+00  0.293106E+00  0.285314E+00
  -654.900  0.336548E+00  0.300999E+00  0.295045E+00  0.292062E+00  0.283228E+00
  -654.800  0.347142E+00  0.305199E+00  0.298528E+00  0.295212E+00  0.285496E+00
  -654.700  0.360556E+00  0.313424E+00  0.306187E+00  0.302610E+00  0.292221E+00
  -654.600  0.376522E+00  0.325600E+00  0.317974E+00  0.314223E+00  0.303412E+00
  -654.500  0.394725E+00  0.341559E+00  0.333745E+00  0.329920E+00  0.318972E+00
  -654.400  0.414803E+00  0.361045E+00  0.353259E+00  0.349465E+00  0.338692E+00
  -654.300  0.436353E+00  0.383700E+00  0.376169E+00  0.372519E+00  0.362247E+00
  -654.200  0.458934E+00  0.409074E+00  0.402024E+00  0.398628E+00  0.389185E+00
  -654.100  0.482067E+00  0.436616E+00  0.430264E+00  0.427231E+00  0.418933E+00
  -654.000  0.505240E+00  0.465686E+00  0.460235E+00  0.457664E+00  0.450805E+00
  -653.900  0.527911E+00  0.495567E+00  0.491194E+00  0.489174E+00  0.484011E+00
  -653.800  0.549521E+00  0.525479E+00  0.522333E+00  0.520936E+00  0.517683E+00
  -653.700  0.569506E+00  0.554607E+00  0.552800E+00  0.552083E+00  0.550900E+00
  -653.600  0.587309E+00  0.582127E+00  0.581735E+00  0.581734E+00  0.582728E+00
  -653.500  0.602404E+00  0.607239E+00  0.608301E+00  0.609034E+00  0.612253E+00
  -653.400  0.614317E+00  0.629205E+00  0.631721E+00  0.633187E+00  0.638626E+00
  -653.300  0.622648E+00  0.647377E+00  0.651315E+00  0.653497E+00  0.661098E+00
  -653.200  0.627088E+00  0.661232E+00  0.666530E+00  0.669396E+00  0.679059E+00
  -653.100  0.627444E+00  0.670395E+00  0.676967E+00  0.680473E+00  0.692063E+00
  -653.000  0.623645E+00  0.674658E+00  0.682398E+00  0.686492E+00  0.699849E+00
  -652.900  0.615753E+00  0.673984E+00  0.682777E+00  0.687400E+00  0.702347E+00
  -652.800  0.603959E+00  0.668509E+00  0.678232E+00  0.683323E+00  0.699677E+00
  -652.700  0.588577E+00  0.658532E+00  0.669063E+00  0.674560E+00  0.692140E+00
  -652.600  0.570034E+00  0.644495E+00  0.655714E+00  0.661559E+00  0.680191E+00
  -652.500  0.548844E+00  0.626956E+00  0.638753E+00  0.644890E+00  0.664413E+00
  -652.400  0.525588E+00  0.606563E+00  0.618835E+00  0.625214E+00  0.645483E+00
  -652.300  0.500887E+00  0.584014E+00  0.596670E+00  0.603248E+00  0.624136E+00
  -652.200  0.475376E+00  0.560028E+00  0.572990E+00  0.579727E+00  0.601124E+00
  -652.100  0.449673E+00  0.535311E+00  0.548509E+00  0.555373E+00  0.577183E+00
  -652.000  0.424355E+00  0.510520E+00  0.523897E+00  0.530858E+00  0.553001E+00
  -651.900  0.399938E+00  0.486243E+00  0.499748E+00  0.506782E+00  0.529185E+00
  -651.800  0.376856E+00  0.462971E+00  0.476559E+00  0.483645E+00  0.506244E+00
  -651.700  0.355447E+00  0.441087E+00  0.454718E+00  0.461835E+00  0.484568E+00
  -651.600  0.335944E+00  0.420852E+00  0.434489E+00  0.441617E+00  0.464424E+00
  -651.500  0.318475E+00  0.402408E+00  0.416013E+00  0.423132E+00  0.445950E+00
  -651.400  0.303062E+00  0.385777E+00  0.399310E+00  0.406400E+00  0.429164E+00
  -651.300  0.289630E+00  0.370871E+00  0.384292E+00  0.391332E+00  0.413971E+00
  -651.200  0.278021E+00  0.357514E+00  0.370780E+00  0.377747E+00  0.400185E+00
  -651.100  0.268007E+00  0.345455E+00  0.358520E+00  0.365390E+00  0.387549E+00
  -651.000  0.259312E+00  0.334395E+00  0.347211E+00  0.353960E+00  0.375758E+00
  -650.900  0.251629E+00  0.324011E+00  0.336529E+00  0.343129E+00  0.364482E+00
  -650.800  0.244644E+00  0.313978E+00  0.326147E+00  0.332574E+00  0.353399E+00
  -650.700  0.238053E+00  0.303993E+00  0.315764E+00  0.321992E+00  0.342207E+00
  -650.600  0.231576E+00  0.293790E+00  0.305116E+00  0.311120E+00  0.330649E+00
  -650.500  0.224975E+00  0.283159E+00  0.293996E+00  0.299754E+00  0.318523E+00
  -650.400  0.218056E+00  0.271948E+00  0.282257E+00  0.287748E+00  0.305695E+00
  -650.300  0.210684E+00  0.260074E+00  0.269820E+00  0.275027E+00  0.292095E+00
  -650.200  0.202773E+00  0.247514E+00  0.256671E+00  0.261579E+00  0.277722E+00
  -650.100  0.194291E+00  0.234307E+00  0.242853E+00  0.247452E+00  0.262634E+00
  -650.000  0.185253E+00  0.220538E+00  0.228461E+00  0.232742E+00  0.246937E+00
  -649.900  0.175711E+00  0.206333E+00  0.213627E+00  0.217587E+00  0.230779E+00
  -649.800  0.165751E+00  0.191844E+00  0.198511E+00  0.202150E+00  0.214334E+00
  -649.700  0.155479E+00  0.177240E+00  0.183289E+00  0.186609E+00  0.197790E+00
  -649.600  0.145015E+00  0.162692E+00  0.168138E+00  0.171146E+00  0.181338E+00
  -649.500  0.134487E+00  0.148370E+00  0.153233E+00  0.155938E+00  0.165164E+00
  -649.400  0.124021E+00  0.134429E+00  0.138734E+00  0.141148E+00  0.149440E+00
  -649.300  0.113739E+00  0.121006E+00  0.124784E+00  0.126920E+00  0.134317E+00
  -649.200  0.103752E+00  0.108219E+00  0.111503E+00  0.113377E+00  0.119924E+00
  -649.100  0.941571E-01  0.961621E-01  0.989867E-01  0.100616E+00  0.106364E+00
  -649.000  0.850383E-01  0.849048E-01  0.873070E-01  0.887102E-01  0.937126E-01
  -648.900  0.764612E-01  0.744941E-01  0.765114E-01  0.777070E-01  0.820217E-01
  -648.800  0.684744E-01  0.649553E-01  0.666250E-01  0.676321E-01  0.713181E-01
  -648.700  0.611094E-01  0.562939E-01  0.576527E-01  0.584901E-01  0.616070E-01
  -648.600  0.543808E-01  0.484982E-01  0.495816E-01  0.502677E-01  0.528741E-01
  -648.500  0.482876E-01  0.415418E-01  0.423834E-01  0.429360E-01  0.450892E-01
  -648.400  0.428146E-01  0.353864E-01  0.360179E-01  0.364537E-01  0.382083E-01
  -648.300  0.379348E-01  0.299841E-01  0.304351E-01  0.307699E-01  0.321773E-01
  -648.200  0.336112E-01  0.252804E-01  0.255780E-01  0.258263E-01  0.269345E-01
  -648.100  0.297995E-01  0.212164E-01  0.213853E-01  0.215605E-01  0.224134E-01
  -648.000  0.264509E-01  0.177309E-01  0.177935E-01  0.179076E-01  0.185452E-01
  -647.900  0.235139E-01  0.147624E-01  0.147389E-01  0.148026E-01  0.152607E-01
  -647.800  0.209377E-01  0.122508E-01  0.121590E-01  0.121820E-01  0.124924E-01
  -647.700  0.186735E-01  0.101386E-01  0.999422E-02  0.998506E-02  0.101757E-01
  -647.600  0.166762E-01  0.837198E-02  0.818891E-02  0.815489E-02  0.825014E-02
  -647.500  0.149063E-01  0.690172E-02  0.669181E-02  0.663930E-02  0.666014E-02
  -647.400  0.133302E-01  0.568343E-02  0.545673E-02  0.539112E-02  0.535537E-02
  -647.300  0.119209E-01  0.467787E-02  0.444270E-02  0.436846E-02  0.429101E-02
  -647.200  0.106581E-01  0.385098E-02  0.361396E-02  0.353473E-02  0.342777E-02
  -647.100  0.952788E-02  0.317370E-02  0.293982E-02  0.285839E-02  0.273162E-02
  -647.000  0.852281E-02  0.262169E-02  0.239437E-02  0.231276E-02  0.217354E-02
  -646.900  0.764116E-02  0.217505E-02  0.195610E-02  0.187560E-02  0.172912E-02
  -646.800  0.688672E-02  0.181786E-02  0.160757E-02  0.152871E-02  0.137809E-02
  -646.700  0.626834E-02  0.153785E-02  0.133493E-02  0.125753E-02  0.110391E-02
  -646.600  0.579974E-02  0.132600E-02  0.112755E-02  0.105073E-02  0.893312E-03
  -646.500  0.549924E-02  0.117619E-02  0.977680E-03  0.899786E-03  0.735874E-03
  -646.400  0.538960E-02  0.108485E-02  0.880034E-03  0.798688E-03  0.623650E-03
  -646.300  0.549783E-02  0.105068E-02  0.831514E-03  0.743550E-03  0.550805E-03
  -646.200  0.585480E-02  0.107433E-02  0.830881E-03  0.732320E-03  0.513286E-03
  -646.100  0.649472E-02  0.115809E-02  0.878457E-03  0.764479E-03  0.508525E-03
  -646.000  0.745425E-02  0.130556E-02  0.975812E-03  0.840734E-03  0.535153E-03
  -645.900  0.877118E-02  0.152127E-02  0.112543E-02  0.962706E-03  0.592728E-03
  -645.800  0.104827E-01  0.181023E-02  0.133035E-02  0.113259E-02  0.681458E-03
  -645.700  0.126232E-01  0.217745E-02  0.159377E-02  0.135282E-02  0.801933E-03
  -645.600  0.152216E-01  0.262739E-02  0.191857E-02  0.162562E-02  0.954843E-03
  -645.500  0.182983E-01  0.316334E-02  0.230693E-02  0.195268E-02  0.114070E-02
  -645.400  0.218619E-01  0.378680E-02  0.275976E-02  0.233467E-02  0.135956E-02
  -645.300  0.259066E-01  0.449687E-02  0.327629E-02  0.277085E-02  0.161077E-02
  -645.200  0.304085E-01  0.528969E-02  0.385365E-02  0.325876E-02  0.189270E-02
  -645.100  0.353242E-01  0.615797E-02  0.448648E-02  0.379382E-02  0.220261E-02
  -645.000  0.405889E-01  0.709070E-02  0.516674E-02  0.436922E-02  0.253645E-02
  -644.900  0.461162E-01  0.807304E-02  0.588361E-02  0.497578E-02  0.288884E-02
  -644.800  0.517995E-01  0.908642E-02  0.662352E-02  0.560205E-02  0.325309E-02
  -644.700  0.575140E-01  0.101089E-01  0.737051E-02  0.623448E-02  0.362130E-02
  -644.600  0.631208E-01  0.111160E-01  0.810660E-02  0.685787E-02  0.398460E-02
  -644.500  0.684723E-01  0.120812E-01  0.881250E-02  0.745587E-02  0.433346E-02
  -644.400  0.734180E-01  0.129773E-01  0.946835E-02  0.801166E-02  0.465804E-02
  -644.300  0.778118E-01  0.137778E-01  0.100546E-01  0.850868E-02  0.494867E-02
  -644.200  0.815190E-01  0.144577E-01  0.105531E-01  0.893146E-02  0.519628E-02
  -644.100  0.844231E-01  0.149953E-01  0.109477E-01  0.926641E-02  0.539288E-02
  -644.000  0.864321E-01  0.153730E-01  0.112255E-01  0.950250E-02  0.553196E-02
  -643.900  0.874833E-01  0.155783E-01  0.113774E-01  0.963190E-02  0.560890E-02
  -643.800  0.875467E-01  0.156047E-01  0.113983E-01  0.965041E-02  0.562113E-02
  -643.700  0.866265E-01  0.154517E-01  0.112880E-01  0.955767E-02  0.556838E-02
  -643.600  0.847605E-01  0.151253E-01  0.110506E-01  0.935717E-02  0.545261E-02
  -643.500  0.820177E-01  0.146372E-01  0.106946E-01  0.905606E-02  0.527791E-02
  -643.400  0.784945E-01  0.140042E-01  0.102323E-01  0.866470E-02  0.505029E-02
  -643.300  0.743085E-01  0.132473E-01  0.967898E-02  0.819611E-02  0.477732E-02
  -643.200  0.695928E-01  0.123907E-01  0.905235E-02  0.766525E-02  0.446770E-02
  -643.100  0.644885E-01  0.114604E-01  0.837139E-02  0.708820E-02  0.413084E-02
  -643.000  0.591383E-01  0.104826E-01  0.765548E-02  0.648139E-02  0.377636E-02
  -642.900  0.536796E-01  0.948328E-02  0.692350E-02  0.586087E-02  0.341366E-02
  -642.800  0.482392E-01  0.848620E-02  0.619304E-02  0.524156E-02  0.305151E-02
  -642.700  0.429289E-01  0.751270E-02  0.547976E-02  0.463677E-02  0.269775E-02
  -642.600  0.378428E-01  0.658075E-02  0.479691E-02  0.405776E-02  0.235901E-02
  -642.500  0.330547E-01  0.570469E-02  0.415506E-02  0.351352E-02  0.204061E-02
  -642.400  0.286187E-01  0.489507E-02  0.356199E-02  0.301069E-02  0.174647E-02
  -642.300  0.245696E-01  0.415872E-02  0.302277E-02  0.255357E-02  0.147915E-02
  -642.200  0.209244E-01  0.349908E-02  0.253994E-02  0.214434E-02  0.123995E-02
  -642.100  0.176848E-01  0.291658E-02  0.211384E-02  0.178329E-02  0.102907E-02
  -642.000  0.148401E-01  0.240917E-02  0.174297E-02  0.146916E-02  0.845767E-03
  -641.900  0.123699E-01  0.197287E-02  0.142439E-02  0.119945E-02  0.688586E-03
  -641.800  0.102471E-01  0.160230E-02  0.115415E-02  0.970790E-03  0.555540E-03
  -641.700  0.844007E-02  0.129121E-02  0.927619E-03  0.779255E-03  0.444312E-03
  -641.600  0.691546E-02  0.103291E-02  0.739863E-03  0.620638E-03  0.352416E-03
  -641.500  0.563956E-02  0.820639E-03  0.585893E-03  0.490693E-03  0.277341E-03
  -641.400  0.457992E-02  0.647889E-03  0.460887E-03  0.385313E-03  0.216657E-03
  -641.300  0.370619E-02  0.508571E-03  0.360345E-03  0.300668E-03  0.168095E-03
  -641.200  0.299083E-02  0.397167E-03  0.280189E-03  0.233285E-03  0.129600E-03
  -641.100  0.240934E-02  0.308794E-03  0.216812E-03  0.180092E-03  0.993540E-04
  -641.000  0.194039E-02  0.239227E-03  0.167093E-03  0.138434E-03  0.757876E-04
  -640.900  0.156567E-02  0.184877E-03  0.128387E-03  0.106061E-03  0.575713E-04
  -640.800  0.126967E-02  0.142748E-03  0.984846E-04  0.810953E-04  0.435990E-04
  -640.700  0.103943E-02  0.110374E-03  0.755743E-04  0.619975E-04  0.329653E-04
  -640.600  0.864180E-03  0.857500E-04  0.581866E-04  0.475212E-04  0.249398E-04
  -640.500  0.735025E-03  0.672678E-04  0.451444E-04  0.366692E-04  0.189403E-04
  -640.400  0.644633E-03  0.536451E-04  0.355138E-04  0.286519E-04  0.145080E-04
  -640.300  0.586937E-03  0.438677E-04  0.285591E-04  0.228483E-04  0.000000E+00
  -640.200  0.556877E-03  0.371355E-04  0.237036E-04  0.187731E-04  0.000000E+00
  -640.100  0.550160E-03  0.328172E-04  0.204953E-04  0.160475E-04  0.000000E+00
  -640.000  0.563066E-03  0.304122E-04  0.185796E-04  0.143753E-04  0.000000E+00
  -639.900  0.592273E-03  0.295190E-04  0.176754E-04  0.000000E+00  0.000000E+00
  -639.800  0.634722E-03  0.298102E-04  0.175571E-04  0.000000E+00  0.000000E+00
  -639.700  0.687518E-03  0.310128E-04  0.180399E-04  0.000000E+00  0.000000E+00
  -639.600  0.747852E-03  0.328928E-04  0.189689E-04  0.141977E-04  0.000000E+00
  -639.500  0.812963E-03  0.352446E-04  0.202108E-04  0.150751E-04  0.000000E+00
  -639.400  0.880131E-03  0.378838E-04  0.216484E-04  0.161122E-04  0.000000E+00
  -639.300  0.946690E-03  0.406420E-04  0.231769E-04  0.172270E-04  0.000000E+00
  -639.200  0.101007E-02  0.433657E-04  0.247018E-04  0.183465E-04  0.000000E+00
  -639.100  0.106787E-02  0.459157E-04  0.261389E-04  0.194056E-04  0.000000E+00
  -639.000  0.111788E-02  0.481684E-04  0.274137E-04  0.203475E-04  0.000000E+00
  -638.900  0.115821E-02  0.500183E-04  0.284632E-04  0.211240E-04  0.000000E+00
  -638.800  0.118734E-02  0.513798E-04  0.292364E-04  0.216963E-04  0.000000E+00
  -638.700  0.120415E-02  0.521899E-04  0.296958E-04  0.220359E-04  0.000000E+00
  -638.600  0.120800E-02  0.524096E-04  0.298180E-04  0.221251E-04  0.000000E+00
  -638.500  0.119869E-02  0.520247E-04  0.295944E-04  0.219569E-04  0.000000E+00
  -638.400  0.117655E-02  0.510451E-04  0.290302E-04  0.215354E-04  0.000000E+00
  -638.300  0.114229E-02  0.495038E-04  0.281444E-04  0.208744E-04  0.000000E+00
  -638.200  0.109707E-02  0.474534E-04  0.269671E-04  0.199966E-04  0.000000E+00
  -638.100  0.104232E-02  0.449632E-04  0.255383E-04  0.189317E-04  0.000000E+00
  -638.000  0.979735E-03  0.421145E-04  0.239048E-04  0.177148E-04  0.000000E+00
  -637.900  0.911149E-03  0.389958E-04  0.221178E-04  0.163841E-04  0.000000E+00
  -637.800  0.838451E-03  0.356983E-04  0.202299E-04  0.149788E-04  0.000000E+00
  -637.700  0.763502E-03  0.323115E-04  0.182925E-04  0.000000E+00  0.000000E+00
  -637.600  0.688057E-03  0.289190E-04  0.163538E-04  0.000000E+00  0.000000E+00
  -637.500  0.613703E-03  0.255956E-04  0.144566E-04  0.000000E+00  0.000000E+00
  -637.400  0.541813E-03  0.224049E-04  0.000000E+00  0.000000E+00  0.000000E+00
  -637.300  0.473518E-03  0.193981E-04  0.000000E+00  0.000000E+00  0.000000E+00
  -637.200  0.409692E-03  0.166133E-04  0.000000E+00  0.000000E+00  0.000000E+00
  -637.100  0.350953E-03  0.000000E+00  0.000000E+00  0.000000E+00  0.000000E+00
  -637.000  0.297679E-03  0.000000E+00  0.000000E+00  0.000000E+00  0.000000E+00
  -636.900  0.250030E-03  0.000000E+00  0.000000E+00  0.000000E+00  0.000000E+00
  -636.800  0.207977E-03  0.000000E+00  0.000000E+00  0.000000E+00  0.000000E+00
  -636.700  0.171339E-03  0.000000E+00  0.000000E+00  0.000000E+00  0.000000E+00
  -636.600  0.139814E-03  0.000000E+00  0.000000E+00  0.000000E+00  0.000000E+00
  -636.500  0.113015E-03  0.000000E+00  0.000000E+00  0.000000E+00  0.000000E+00
  -636.400  0.905009E-04  0.000000E+00  0.000000E+00  0.000000E+00  0.000000E+00
  -636.300  0.718027E-04  0.000000E+00  0.000000E+00  0.000000E+00  0.000000E+00
  -636.200  0.564472E-04  0.000000E+00  0.000000E+00  0.000000E+00  0.000000E+00
  -636.100  0.439748E-04  0.000000E+00  0.000000E+00  0.000000E+00  0.000000E+00
  -636.000  0.339525E-04  0.000000E+00  0.000000E+00  0.000000E+00  0.000000E+00
  -635.900  0.259834E-04  0.000000E+00  0.000000E+00  0.000000E+00  0.000000E+00
  -635.800  0.197119E-04  0.000000E+00  0.000000E+00  0.000000E+00  0.000000E+00
  -635.700  0.148259E-04  0.000000E+00  0.000000E+00  0.000000E+00  0.000000E+00
  -635.600  0.000000E+00  0.000000E+00  0.000000E+00  0.000000E+00  0.000000E+00
  -635.500  0.000000E+00  0.000000E+00  0.000000E+00  0.000000E+00  0.000000E+00
  -635.400  0.000000E+00  0.000000E+00  0.000000E+00  0.000000E+00  0.000000E+00
  -635.300  0.000000E+00  0.000000E+00  0.000000E+00  0.000000E+00  0.000000E+00
  -635.200  0.000000E+00  0.000000E+00  0.000000E+00  0.000000E+00  0.000000E+00
  -635.100  0.000000E+00  0.000000E+00  0.000000E+00  0.000000E+00  0.000000E+00
  -635.000  0.000000E+00  0.000000E+00  0.000000E+00  0.000000E+00  0.000000E+00
  -634.900  0.000000E+00  0.000000E+00  0.000000E+00  0.000000E+00  0.000000E+00
  -634.800  0.000000E+00  0.000000E+00  0.000000E+00  0.000000E+00  0.000000E+00
  -634.700  0.000000E+00  0.000000E+00  0.000000E+00  0.000000E+00  0.000000E+00
  -634.600  0.000000E+00  0.000000E+00  0.000000E+00  0.000000E+00  0.000000E+00
  -634.500  0.000000E+00  0.000000E+00  0.000000E+00  0.000000E+00  0.000000E+00
  -634.400  0.000000E+00  0.000000E+00  0.000000E+00  0.000000E+00  0.000000E+00
  -634.300  0.000000E+00  0.000000E+00  0.000000E+00  0.000000E+00  0.000000E+00
  -634.200  0.000000E+00  0.000000E+00  0.000000E+00  0.000000E+00  0.000000E+00
  -634.100  0.000000E+00  0.000000E+00  0.000000E+00  0.000000E+00  0.000000E+00
  -634.000  0.000000E+00  0.000000E+00  0.000000E+00  0.000000E+00  0.000000E+00
  -633.900  0.000000E+00  0.000000E+00  0.000000E+00  0.000000E+00  0.000000E+00
  -633.800  0.000000E+00  0.000000E+00  0.000000E+00  0.000000E+00  0.000000E+00
  -633.700  0.000000E+00  0.000000E+00  0.000000E+00  0.000000E+00  0.000000E+00
  -633.600  0.000000E+00  0.000000E+00  0.000000E+00  0.000000E+00  0.000000E+00
  -633.500  0.000000E+00  0.000000E+00  0.000000E+00  0.000000E+00  0.000000E+00
  -633.400  0.000000E+00  0.000000E+00  0.000000E+00  0.000000E+00  0.000000E+00
  -633.300  0.000000E+00  0.000000E+00  0.000000E+00  0.000000E+00  0.000000E+00
  -633.200  0.000000E+00  0.000000E+00  0.000000E+00  0.000000E+00  0.000000E+00
  -633.100  0.000000E+00  0.000000E+00  0.000000E+00  0.000000E+00  0.000000E+00
  -633.000  0.000000E+00  0.000000E+00  0.000000E+00  0.000000E+00  0.000000E+00
  -632.900  0.000000E+00  0.000000E+00  0.000000E+00  0.000000E+00  0.000000E+00
  -632.800  0.000000E+00  0.000000E+00  0.000000E+00  0.000000E+00  0.000000E+00
  -632.700  0.000000E+00  0.000000E+00  0.000000E+00  0.000000E+00  0.000000E+00
  -632.600  0.000000E+00  0.000000E+00  0.000000E+00  0.000000E+00  0.000000E+00
  -632.500  0.000000E+00  0.000000E+00  0.000000E+00  0.000000E+00  0.000000E+00
  -632.400  0.000000E+00  0.000000E+00  0.000000E+00  0.000000E+00  0.000000E+00
  -632.300  0.000000E+00  0.000000E+00  0.000000E+00  0.000000E+00  0.000000E+00
  -632.200  0.000000E+00  0.000000E+00  0.000000E+00  0.000000E+00  0.000000E+00
  -632.100  0.000000E+00  0.000000E+00  0.000000E+00  0.000000E+00  0.000000E+00
  -632.000  0.000000E+00  0.000000E+00  0.000000E+00  0.000000E+00  0.000000E+00
  -631.900  0.000000E+00  0.000000E+00  0.000000E+00  0.000000E+00  0.000000E+00
  -631.800  0.000000E+00  0.000000E+00  0.000000E+00  0.000000E+00  0.000000E+00
  -631.700  0.000000E+00  0.000000E+00  0.000000E+00  0.000000E+00  0.000000E+00
  -631.600  0.000000E+00  0.000000E+00  0.000000E+00  0.000000E+00  0.000000E+00
  -631.500  0.000000E+00  0.000000E+00  0.000000E+00  0.000000E+00  0.000000E+00
  -631.400  0.000000E+00  0.000000E+00  0.000000E+00  0.000000E+00  0.000000E+00
  -631.300  0.000000E+00  0.000000E+00  0.000000E+00  0.000000E+00  0.000000E+00
  -631.200  0.000000E+00  0.000000E+00  0.000000E+00  0.000000E+00  0.000000E+00
  -631.100  0.000000E+00  0.000000E+00  0.000000E+00  0.000000E+00  0.000000E+00
  -631.000  0.000000E+00  0.000000E+00  0.000000E+00  0.000000E+00  0.000000E+00
  -630.900  0.000000E+00  0.000000E+00  0.000000E+00  0.000000E+00  0.000000E+00
  -630.800  0.000000E+00  0.000000E+00  0.000000E+00  0.000000E+00  0.000000E+00
  -630.700  0.000000E+00  0.000000E+00  0.000000E+00  0.000000E+00  0.000000E+00
  -630.600  0.000000E+00  0.000000E+00  0.000000E+00  0.000000E+00  0.000000E+00
  -630.500  0.000000E+00  0.000000E+00  0.000000E+00  0.000000E+00  0.000000E+00
  -630.400  0.000000E+00  0.000000E+00  0.000000E+00  0.000000E+00  0.000000E+00
  -630.300  0.000000E+00  0.000000E+00  0.000000E+00  0.000000E+00  0.000000E+00
  -630.200  0.000000E+00  0.000000E+00  0.000000E+00  0.000000E+00  0.000000E+00
  -630.100  0.000000E+00  0.000000E+00  0.000000E+00  0.000000E+00  0.000000E+00
  -630.000  0.000000E+00  0.000000E+00  0.000000E+00  0.000000E+00  0.000000E+00
  -629.900  0.000000E+00  0.000000E+00  0.000000E+00  0.000000E+00  0.000000E+00
  -629.800  0.000000E+00  0.000000E+00  0.000000E+00  0.000000E+00  0.000000E+00
  -629.700  0.000000E+00  0.000000E+00  0.000000E+00  0.000000E+00  0.000000E+00
  -629.600  0.000000E+00  0.000000E+00  0.000000E+00  0.000000E+00  0.000000E+00
  -629.500  0.000000E+00  0.000000E+00  0.000000E+00  0.000000E+00  0.000000E+00
  -629.400  0.000000E+00  0.000000E+00  0.000000E+00  0.000000E+00  0.000000E+00
  -629.300  0.000000E+00  0.000000E+00  0.000000E+00  0.000000E+00  0.000000E+00
  -629.200  0.000000E+00  0.000000E+00  0.000000E+00  0.000000E+00  0.000000E+00
  -629.100  0.000000E+00  0.000000E+00  0.000000E+00  0.000000E+00  0.000000E+00
  -629.000  0.000000E+00  0.000000E+00  0.000000E+00  0.000000E+00  0.000000E+00
  -628.900  0.000000E+00  0.000000E+00  0.000000E+00  0.000000E+00  0.000000E+00
  -628.800  0.000000E+00  0.000000E+00  0.000000E+00  0.000000E+00  0.000000E+00
  -628.700  0.000000E+00  0.000000E+00  0.000000E+00  0.000000E+00  0.000000E+00
  -628.600  0.000000E+00  0.000000E+00  0.000000E+00  0.000000E+00  0.000000E+00
  -628.500  0.000000E+00  0.000000E+00  0.000000E+00  0.000000E+00  0.000000E+00
  -628.400  0.000000E+00  0.000000E+00  0.000000E+00  0.000000E+00  0.000000E+00
  -628.300  0.000000E+00  0.000000E+00  0.000000E+00  0.000000E+00  0.000000E+00
  -628.200  0.000000E+00  0.000000E+00  0.000000E+00  0.000000E+00  0.000000E+00
  -628.100  0.000000E+00  0.000000E+00  0.000000E+00  0.000000E+00  0.000000E+00
  -628.000  0.000000E+00  0.000000E+00  0.000000E+00  0.000000E+00  0.000000E+00
  -627.900  0.000000E+00  0.000000E+00  0.000000E+00  0.000000E+00  0.000000E+00
  -627.800  0.000000E+00  0.000000E+00  0.000000E+00  0.000000E+00  0.000000E+00
  -627.700  0.000000E+00  0.000000E+00  0.000000E+00  0.000000E+00  0.000000E+00
  -627.600  0.000000E+00  0.000000E+00  0.000000E+00  0.000000E+00  0.000000E+00
  -627.500  0.000000E+00  0.000000E+00  0.000000E+00  0.000000E+00  0.000000E+00
  -627.400  0.000000E+00  0.000000E+00  0.000000E+00  0.000000E+00  0.000000E+00
  -627.300  0.000000E+00  0.000000E+00  0.000000E+00  0.000000E+00  0.000000E+00
  -627.200  0.000000E+00  0.000000E+00  0.000000E+00  0.000000E+00  0.000000E+00
  -627.100  0.000000E+00  0.000000E+00  0.000000E+00  0.000000E+00  0.000000E+00
  -627.000  0.000000E+00  0.000000E+00  0.000000E+00  0.000000E+00  0.000000E+00
  -626.900  0.000000E+00  0.000000E+00  0.000000E+00  0.000000E+00  0.000000E+00
  -626.800  0.000000E+00  0.000000E+00  0.000000E+00  0.000000E+00  0.000000E+00
  -626.700  0.000000E+00  0.000000E+00  0.000000E+00  0.000000E+00  0.000000E+00
  -626.600  0.000000E+00  0.000000E+00  0.000000E+00  0.000000E+00  0.000000E+00
  -626.500  0.000000E+00  0.000000E+00  0.000000E+00  0.000000E+00  0.000000E+00
  -626.400  0.000000E+00  0.000000E+00  0.000000E+00  0.000000E+00  0.000000E+00
  -626.300  0.000000E+00  0.000000E+00  0.000000E+00  0.000000E+00  0.000000E+00
  -626.200  0.000000E+00  0.000000E+00  0.000000E+00  0.000000E+00  0.000000E+00
  -626.100  0.000000E+00  0.000000E+00  0.000000E+00  0.000000E+00  0.000000E+00
  -626.000  0.000000E+00  0.000000E+00  0.000000E+00  0.000000E+00  0.000000E+00
  -625.900  0.000000E+00  0.000000E+00  0.000000E+00  0.000000E+00  0.000000E+00
  -625.800  0.000000E+00  0.000000E+00  0.000000E+00  0.000000E+00  0.000000E+00
  -625.700  0.000000E+00  0.000000E+00  0.000000E+00  0.000000E+00  0.000000E+00
  -625.600  0.000000E+00  0.000000E+00  0.000000E+00  0.000000E+00  0.000000E+00
  -625.500  0.000000E+00  0.000000E+00  0.000000E+00  0.000000E+00  0.000000E+00
  -625.400  0.000000E+00  0.000000E+00  0.000000E+00  0.000000E+00  0.000000E+00
  -625.300  0.000000E+00  0.000000E+00  0.000000E+00  0.000000E+00  0.000000E+00
  -625.200  0.000000E+00  0.000000E+00  0.000000E+00  0.000000E+00  0.000000E+00
  -625.100  0.000000E+00  0.000000E+00  0.000000E+00  0.000000E+00  0.000000E+00
  -625.000  0.000000E+00  0.000000E+00  0.000000E+00  0.000000E+00  0.000000E+00
  -624.900  0.000000E+00  0.000000E+00  0.000000E+00  0.000000E+00  0.000000E+00
  -624.800  0.000000E+00  0.000000E+00  0.000000E+00  0.000000E+00  0.000000E+00
  -624.700  0.000000E+00  0.000000E+00  0.000000E+00  0.000000E+00  0.000000E+00
  -624.600  0.000000E+00  0.000000E+00  0.000000E+00  0.000000E+00  0.000000E+00
  -624.500  0.000000E+00  0.000000E+00  0.000000E+00  0.000000E+00  0.000000E+00
  -624.400  0.000000E+00  0.000000E+00  0.000000E+00  0.000000E+00  0.000000E+00
  -624.300  0.000000E+00  0.000000E+00  0.000000E+00  0.000000E+00  0.000000E+00
  -624.200  0.000000E+00  0.000000E+00  0.000000E+00  0.000000E+00  0.000000E+00
  -624.100  0.000000E+00  0.000000E+00  0.000000E+00  0.000000E+00  0.000000E+00
  -624.000  0.000000E+00  0.000000E+00  0.000000E+00  0.000000E+00  0.000000E+00
  -623.900  0.000000E+00  0.000000E+00  0.000000E+00  0.000000E+00  0.000000E+00
  -623.800  0.000000E+00  0.000000E+00  0.000000E+00  0.000000E+00  0.000000E+00
  -623.700  0.000000E+00  0.000000E+00  0.000000E+00  0.000000E+00  0.000000E+00
  -623.600  0.000000E+00  0.000000E+00  0.000000E+00  0.000000E+00  0.000000E+00
  -623.500  0.000000E+00  0.000000E+00  0.000000E+00  0.000000E+00  0.000000E+00
  -623.400  0.000000E+00  0.000000E+00  0.000000E+00  0.000000E+00  0.000000E+00
  -623.300  0.000000E+00  0.000000E+00  0.000000E+00  0.000000E+00  0.000000E+00
  -623.200  0.000000E+00  0.000000E+00  0.000000E+00  0.000000E+00  0.000000E+00
  -623.100  0.000000E+00  0.000000E+00  0.000000E+00  0.000000E+00  0.000000E+00
  -623.000  0.000000E+00  0.000000E+00  0.000000E+00  0.000000E+00  0.000000E+00
  -622.900  0.000000E+00  0.000000E+00  0.000000E+00  0.000000E+00  0.000000E+00
  -622.800  0.000000E+00  0.000000E+00  0.000000E+00  0.000000E+00  0.000000E+00
  -622.700  0.000000E+00  0.000000E+00  0.000000E+00  0.000000E+00  0.000000E+00
  -622.600  0.000000E+00  0.000000E+00  0.000000E+00  0.000000E+00  0.000000E+00
  -622.500  0.000000E+00  0.000000E+00  0.000000E+00  0.000000E+00  0.000000E+00
  -622.400  0.000000E+00  0.000000E+00  0.000000E+00  0.000000E+00  0.000000E+00
  -622.300  0.000000E+00  0.000000E+00  0.000000E+00  0.000000E+00  0.000000E+00
  -622.200  0.000000E+00  0.000000E+00  0.000000E+00  0.000000E+00  0.000000E+00
  -622.100  0.000000E+00  0.000000E+00  0.000000E+00  0.000000E+00  0.000000E+00
  -622.000  0.000000E+00  0.000000E+00  0.000000E+00  0.000000E+00  0.000000E+00
  -621.900  0.000000E+00  0.000000E+00  0.000000E+00  0.000000E+00  0.000000E+00
  -621.800  0.000000E+00  0.000000E+00  0.000000E+00  0.000000E+00  0.000000E+00
  -621.700  0.000000E+00  0.000000E+00  0.000000E+00  0.000000E+00  0.000000E+00
  -621.600  0.000000E+00  0.000000E+00  0.000000E+00  0.000000E+00  0.000000E+00
  -621.500  0.000000E+00  0.000000E+00  0.000000E+00  0.000000E+00  0.000000E+00
  -621.400  0.000000E+00  0.000000E+00  0.000000E+00  0.000000E+00  0.000000E+00
  -621.300  0.000000E+00  0.000000E+00  0.000000E+00  0.000000E+00  0.000000E+00
  -621.200  0.000000E+00  0.000000E+00  0.000000E+00  0.000000E+00  0.000000E+00
  -621.100  0.000000E+00  0.000000E+00  0.000000E+00  0.000000E+00  0.000000E+00
  -621.000  0.000000E+00  0.000000E+00  0.000000E+00  0.000000E+00  0.000000E+00
  -620.900  0.000000E+00  0.000000E+00  0.000000E+00  0.000000E+00  0.000000E+00
  -620.800  0.000000E+00  0.000000E+00  0.000000E+00  0.000000E+00  0.000000E+00
  -620.700  0.000000E+00  0.000000E+00  0.000000E+00  0.000000E+00  0.000000E+00
  -620.600  0.000000E+00  0.000000E+00  0.000000E+00  0.000000E+00  0.000000E+00
  -620.500  0.000000E+00  0.000000E+00  0.000000E+00  0.000000E+00  0.000000E+00
  -620.400  0.000000E+00  0.000000E+00  0.000000E+00  0.000000E+00  0.000000E+00
  -620.300  0.000000E+00  0.000000E+00  0.000000E+00  0.000000E+00  0.000000E+00
  -620.200  0.000000E+00  0.000000E+00  0.000000E+00  0.000000E+00  0.000000E+00
  -620.100  0.000000E+00  0.000000E+00  0.000000E+00  0.000000E+00  0.000000E+00
  -620.000  0.000000E+00  0.000000E+00  0.000000E+00  0.000000E+00  0.000000E+00
