Structure,Energy,Nucleus,delta_iso
01,-73065.978756,Sn01,642.024148612
01,-73065.978756,Sn02,641.997491573
01,-73065.978756,Sn03,642.011204563
01,-73065.978756,Sn04,641.995708979
01,-73065.978756,Sn05,641.9975239
01,-73065.978756,Sn06,642.012822229
01,-73065.978756,Sn07,641.995878486
01,-73065.978756,Sn08,642.026562565
01,-73065.978756,Sn09,641.995276473
01,-73065.978756,Sn10,642.003634333
01,-73065.978756,Sn11,641.999136252
01,-73065.978756,Sn12,642.000992642
01,-73065.978756,Sn13,642.022406641
01,-73065.978756,Sn14,641.995600661
01,-73065.978756,Sn15,642.00008166
01,-73065.978756,Sn16,642.024000027
