 x      300.00000000000000        873.00000000000000        1273.0000000000000        1673.0000000000000     
  -680.000  0.000000E+00  0.000000E+00  0.000000E+00  0.000000E+00  0.000000E+00
  -679.900  0.000000E+00  0.000000E+00  0.000000E+00  0.000000E+00  0.000000E+00
  -679.800  0.000000E+00  0.000000E+00  0.000000E+00  0.000000E+00  0.000000E+00
  -679.700  0.000000E+00  0.000000E+00  0.000000E+00  0.000000E+00  0.000000E+00
  -679.600  0.000000E+00  0.000000E+00  0.000000E+00  0.000000E+00  0.000000E+00
  -679.500  0.000000E+00  0.000000E+00  0.000000E+00  0.000000E+00  0.000000E+00
  -679.400  0.000000E+00  0.000000E+00  0.000000E+00  0.000000E+00  0.000000E+00
  -679.300  0.000000E+00  0.000000E+00  0.000000E+00  0.000000E+00  0.000000E+00
  -679.200  0.000000E+00  0.000000E+00  0.000000E+00  0.000000E+00  0.000000E+00
  -679.100  0.000000E+00  0.000000E+00  0.000000E+00  0.000000E+00  0.000000E+00
  -679.000  0.000000E+00  0.000000E+00  0.000000E+00  0.000000E+00  0.000000E+00
  -678.900  0.000000E+00  0.000000E+00  0.000000E+00  0.000000E+00  0.000000E+00
  -678.800  0.000000E+00  0.000000E+00  0.000000E+00  0.000000E+00  0.000000E+00
  -678.700  0.000000E+00  0.000000E+00  0.000000E+00  0.000000E+00  0.000000E+00
  -678.600  0.000000E+00  0.000000E+00  0.000000E+00  0.000000E+00  0.000000E+00
  -678.500  0.000000E+00  0.000000E+00  0.000000E+00  0.000000E+00  0.000000E+00
  -678.400  0.000000E+00  0.000000E+00  0.000000E+00  0.000000E+00  0.000000E+00
  -678.300  0.000000E+00  0.000000E+00  0.000000E+00  0.000000E+00  0.000000E+00
  -678.200  0.000000E+00  0.000000E+00  0.000000E+00  0.000000E+00  0.000000E+00
  -678.100  0.000000E+00  0.000000E+00  0.000000E+00  0.000000E+00  0.000000E+00
  -678.000  0.000000E+00  0.000000E+00  0.000000E+00  0.000000E+00  0.000000E+00
  -677.900  0.000000E+00  0.000000E+00  0.000000E+00  0.000000E+00  0.000000E+00
  -677.800  0.000000E+00  0.000000E+00  0.000000E+00  0.000000E+00  0.000000E+00
  -677.700  0.000000E+00  0.000000E+00  0.000000E+00  0.000000E+00  0.000000E+00
  -677.600  0.000000E+00  0.000000E+00  0.000000E+00  0.000000E+00  0.000000E+00
  -677.500  0.000000E+00  0.000000E+00  0.000000E+00  0.000000E+00  0.000000E+00
  -677.400  0.000000E+00  0.000000E+00  0.000000E+00  0.000000E+00  0.000000E+00
  -677.300  0.000000E+00  0.000000E+00  0.000000E+00  0.000000E+00  0.000000E+00
  -677.200  0.000000E+00  0.000000E+00  0.000000E+00  0.000000E+00  0.000000E+00
  -677.100  0.000000E+00  0.000000E+00  0.000000E+00  0.000000E+00  0.000000E+00
  -677.000  0.000000E+00  0.000000E+00  0.000000E+00  0.000000E+00  0.000000E+00
  -676.900  0.000000E+00  0.000000E+00  0.000000E+00  0.000000E+00  0.000000E+00
  -676.800  0.000000E+00  0.000000E+00  0.000000E+00  0.000000E+00  0.000000E+00
  -676.700  0.000000E+00  0.000000E+00  0.000000E+00  0.000000E+00  0.000000E+00
  -676.600  0.000000E+00  0.000000E+00  0.000000E+00  0.000000E+00  0.000000E+00
  -676.500  0.000000E+00  0.000000E+00  0.000000E+00  0.000000E+00  0.000000E+00
  -676.400  0.000000E+00  0.000000E+00  0.000000E+00  0.000000E+00  0.000000E+00
  -676.300  0.000000E+00  0.000000E+00  0.000000E+00  0.000000E+00  0.000000E+00
  -676.200  0.000000E+00  0.000000E+00  0.000000E+00  0.000000E+00  0.000000E+00
  -676.100  0.000000E+00  0.000000E+00  0.000000E+00  0.000000E+00  0.000000E+00
  -676.000  0.000000E+00  0.000000E+00  0.000000E+00  0.000000E+00  0.000000E+00
  -675.900  0.000000E+00  0.000000E+00  0.000000E+00  0.000000E+00  0.000000E+00
  -675.800  0.000000E+00  0.000000E+00  0.000000E+00  0.000000E+00  0.000000E+00
  -675.700  0.000000E+00  0.000000E+00  0.000000E+00  0.000000E+00  0.000000E+00
  -675.600  0.000000E+00  0.000000E+00  0.000000E+00  0.000000E+00  0.000000E+00
  -675.500  0.000000E+00  0.000000E+00  0.000000E+00  0.000000E+00  0.000000E+00
  -675.400  0.000000E+00  0.000000E+00  0.000000E+00  0.000000E+00  0.000000E+00
  -675.300  0.000000E+00  0.000000E+00  0.000000E+00  0.000000E+00  0.000000E+00
  -675.200  0.000000E+00  0.000000E+00  0.000000E+00  0.000000E+00  0.000000E+00
  -675.100  0.000000E+00  0.000000E+00  0.000000E+00  0.000000E+00  0.000000E+00
  -675.000  0.000000E+00  0.000000E+00  0.000000E+00  0.000000E+00  0.000000E+00
  -674.900  0.000000E+00  0.000000E+00  0.000000E+00  0.000000E+00  0.000000E+00
  -674.800  0.000000E+00  0.000000E+00  0.000000E+00  0.000000E+00  0.000000E+00
  -674.700  0.000000E+00  0.000000E+00  0.000000E+00  0.000000E+00  0.000000E+00
  -674.600  0.000000E+00  0.000000E+00  0.000000E+00  0.000000E+00  0.000000E+00
  -674.500  0.000000E+00  0.000000E+00  0.000000E+00  0.000000E+00  0.000000E+00
  -674.400  0.000000E+00  0.000000E+00  0.000000E+00  0.000000E+00  0.000000E+00
  -674.300  0.000000E+00  0.000000E+00  0.000000E+00  0.000000E+00  0.000000E+00
  -674.200  0.000000E+00  0.000000E+00  0.000000E+00  0.000000E+00  0.000000E+00
  -674.100  0.000000E+00  0.000000E+00  0.000000E+00  0.000000E+00  0.000000E+00
  -674.000  0.000000E+00  0.000000E+00  0.000000E+00  0.000000E+00  0.000000E+00
  -673.900  0.000000E+00  0.000000E+00  0.000000E+00  0.000000E+00  0.000000E+00
  -673.800  0.000000E+00  0.000000E+00  0.000000E+00  0.000000E+00  0.000000E+00
  -673.700  0.000000E+00  0.000000E+00  0.000000E+00  0.000000E+00  0.000000E+00
  -673.600  0.000000E+00  0.000000E+00  0.000000E+00  0.000000E+00  0.000000E+00
  -673.500  0.000000E+00  0.000000E+00  0.000000E+00  0.000000E+00  0.000000E+00
  -673.400  0.000000E+00  0.000000E+00  0.000000E+00  0.000000E+00  0.000000E+00
  -673.300  0.000000E+00  0.000000E+00  0.000000E+00  0.000000E+00  0.000000E+00
  -673.200  0.000000E+00  0.000000E+00  0.000000E+00  0.000000E+00  0.000000E+00
  -673.100  0.000000E+00  0.000000E+00  0.000000E+00  0.000000E+00  0.000000E+00
  -673.000  0.000000E+00  0.000000E+00  0.000000E+00  0.000000E+00  0.000000E+00
  -672.900  0.000000E+00  0.000000E+00  0.000000E+00  0.000000E+00  0.000000E+00
  -672.800  0.000000E+00  0.000000E+00  0.000000E+00  0.000000E+00  0.000000E+00
  -672.700  0.000000E+00  0.000000E+00  0.000000E+00  0.000000E+00  0.000000E+00
  -672.600  0.000000E+00  0.000000E+00  0.000000E+00  0.000000E+00  0.000000E+00
  -672.500  0.000000E+00  0.000000E+00  0.000000E+00  0.000000E+00  0.000000E+00
  -672.400  0.000000E+00  0.000000E+00  0.000000E+00  0.000000E+00  0.000000E+00
  -672.300  0.000000E+00  0.000000E+00  0.000000E+00  0.000000E+00  0.000000E+00
  -672.200  0.000000E+00  0.000000E+00  0.000000E+00  0.000000E+00  0.000000E+00
  -672.100  0.000000E+00  0.000000E+00  0.000000E+00  0.000000E+00  0.000000E+00
  -672.000  0.000000E+00  0.000000E+00  0.000000E+00  0.000000E+00  0.000000E+00
  -671.900  0.000000E+00  0.000000E+00  0.000000E+00  0.000000E+00  0.000000E+00
  -671.800  0.000000E+00  0.000000E+00  0.000000E+00  0.000000E+00  0.000000E+00
  -671.700  0.000000E+00  0.000000E+00  0.000000E+00  0.000000E+00  0.000000E+00
  -671.600  0.000000E+00  0.000000E+00  0.000000E+00  0.000000E+00  0.000000E+00
  -671.500  0.000000E+00  0.000000E+00  0.000000E+00  0.000000E+00  0.000000E+00
  -671.400  0.000000E+00  0.000000E+00  0.000000E+00  0.000000E+00  0.000000E+00
  -671.300  0.000000E+00  0.000000E+00  0.000000E+00  0.000000E+00  0.000000E+00
  -671.200  0.000000E+00  0.000000E+00  0.000000E+00  0.000000E+00  0.000000E+00
  -671.100  0.000000E+00  0.000000E+00  0.000000E+00  0.000000E+00  0.000000E+00
  -671.000  0.000000E+00  0.000000E+00  0.000000E+00  0.000000E+00  0.000000E+00
  -670.900  0.000000E+00  0.000000E+00  0.000000E+00  0.000000E+00  0.000000E+00
  -670.800  0.000000E+00  0.000000E+00  0.000000E+00  0.000000E+00  0.000000E+00
  -670.700  0.000000E+00  0.000000E+00  0.000000E+00  0.000000E+00  0.000000E+00
  -670.600  0.000000E+00  0.000000E+00  0.000000E+00  0.000000E+00  0.000000E+00
  -670.500  0.000000E+00  0.000000E+00  0.000000E+00  0.000000E+00  0.000000E+00
  -670.400  0.000000E+00  0.000000E+00  0.000000E+00  0.000000E+00  0.000000E+00
  -670.300  0.000000E+00  0.000000E+00  0.000000E+00  0.000000E+00  0.000000E+00
  -670.200  0.000000E+00  0.000000E+00  0.000000E+00  0.000000E+00  0.000000E+00
  -670.100  0.000000E+00  0.000000E+00  0.000000E+00  0.000000E+00  0.000000E+00
  -670.000  0.000000E+00  0.000000E+00  0.000000E+00  0.000000E+00  0.000000E+00
  -669.900  0.000000E+00  0.000000E+00  0.000000E+00  0.000000E+00  0.000000E+00
  -669.800  0.000000E+00  0.000000E+00  0.000000E+00  0.000000E+00  0.000000E+00
  -669.700  0.000000E+00  0.000000E+00  0.000000E+00  0.000000E+00  0.000000E+00
  -669.600  0.000000E+00  0.000000E+00  0.000000E+00  0.000000E+00  0.000000E+00
  -669.500  0.000000E+00  0.000000E+00  0.000000E+00  0.000000E+00  0.000000E+00
  -669.400  0.000000E+00  0.000000E+00  0.000000E+00  0.000000E+00  0.000000E+00
  -669.300  0.000000E+00  0.000000E+00  0.000000E+00  0.000000E+00  0.000000E+00
  -669.200  0.000000E+00  0.000000E+00  0.000000E+00  0.000000E+00  0.000000E+00
  -669.100  0.000000E+00  0.000000E+00  0.000000E+00  0.000000E+00  0.000000E+00
  -669.000  0.000000E+00  0.000000E+00  0.000000E+00  0.000000E+00  0.000000E+00
  -668.900  0.000000E+00  0.000000E+00  0.000000E+00  0.000000E+00  0.000000E+00
  -668.800  0.000000E+00  0.000000E+00  0.000000E+00  0.000000E+00  0.000000E+00
  -668.700  0.000000E+00  0.000000E+00  0.000000E+00  0.000000E+00  0.000000E+00
  -668.600  0.000000E+00  0.000000E+00  0.000000E+00  0.000000E+00  0.000000E+00
  -668.500  0.000000E+00  0.000000E+00  0.000000E+00  0.000000E+00  0.000000E+00
  -668.400  0.000000E+00  0.000000E+00  0.000000E+00  0.000000E+00  0.000000E+00
  -668.300  0.000000E+00  0.000000E+00  0.000000E+00  0.000000E+00  0.000000E+00
  -668.200  0.000000E+00  0.000000E+00  0.000000E+00  0.000000E+00  0.000000E+00
  -668.100  0.000000E+00  0.000000E+00  0.000000E+00  0.000000E+00  0.000000E+00
  -668.000  0.000000E+00  0.000000E+00  0.000000E+00  0.000000E+00  0.000000E+00
  -667.900  0.000000E+00  0.000000E+00  0.000000E+00  0.000000E+00  0.000000E+00
  -667.800  0.000000E+00  0.000000E+00  0.000000E+00  0.000000E+00  0.000000E+00
  -667.700  0.000000E+00  0.000000E+00  0.000000E+00  0.000000E+00  0.000000E+00
  -667.600  0.000000E+00  0.000000E+00  0.000000E+00  0.000000E+00  0.000000E+00
  -667.500  0.000000E+00  0.000000E+00  0.000000E+00  0.000000E+00  0.000000E+00
  -667.400  0.000000E+00  0.000000E+00  0.000000E+00  0.000000E+00  0.000000E+00
  -667.300  0.000000E+00  0.000000E+00  0.000000E+00  0.000000E+00  0.000000E+00
  -667.200  0.000000E+00  0.000000E+00  0.000000E+00  0.000000E+00  0.000000E+00
  -667.100  0.000000E+00  0.192579E-04  0.199929E-04  0.203329E-04  0.212128E-04
  -667.000  0.197684E-04  0.293338E-04  0.304272E-04  0.309319E-04  0.322320E-04
  -666.900  0.300404E-04  0.442414E-04  0.458487E-04  0.465886E-04  0.484859E-04
  -666.800  0.452230E-04  0.660820E-04  0.684180E-04  0.694900E-04  0.722246E-04
  -666.700  0.674526E-04  0.977742E-04  0.101131E-03  0.102666E-03  0.106560E-03
  -666.600  0.996962E-04  0.143328E-03  0.148098E-03  0.150272E-03  0.155750E-03
  -666.500  0.146029E-03  0.208196E-03  0.214903E-03  0.217947E-03  0.225565E-03
  -666.400  0.211985E-03  0.299714E-03  0.309045E-03  0.313263E-03  0.323736E-03
  -666.300  0.304993E-03  0.427638E-03  0.440489E-03  0.446271E-03  0.460511E-03
  -666.200  0.434897E-03  0.604794E-03  0.622321E-03  0.630169E-03  0.649321E-03
  -666.100  0.614585E-03  0.847842E-03  0.871521E-03  0.882070E-03  0.907564E-03
  -666.000  0.860690E-03  0.117814E-02  0.120984E-02  0.122389E-02  0.125749E-02
  -665.900  0.119438E-02  0.162273E-02  0.166479E-02  0.168333E-02  0.172720E-02
  -665.800  0.164220E-02  0.221529E-02  0.227064E-02  0.229489E-02  0.235166E-02
  -665.700  0.223689E-02  0.299723E-02  0.306947E-02  0.310095E-02  0.317380E-02
  -665.600  0.301818E-02  0.401861E-02  0.411217E-02  0.415271E-02  0.424547E-02
  -665.500  0.403345E-02  0.533892E-02  0.545918E-02  0.551101E-02  0.562829E-02
  -665.400  0.533810E-02  0.702761E-02  0.718107E-02  0.724688E-02  0.739422E-02
  -665.300  0.699564E-02  0.916421E-02  0.935868E-02  0.944169E-02  0.962573E-02
  -665.200  0.907735E-02  0.118379E-01  0.120827E-01  0.121867E-01  0.124155E-01
  -665.100  0.116613E-01  0.151465E-01  0.154526E-01  0.155823E-01  0.158653E-01
  -665.000  0.148310E-01  0.191947E-01  0.195751E-01  0.197359E-01  0.200847E-01
  -664.900  0.186730E-01  0.240917E-01  0.245614E-01  0.247597E-01  0.251882E-01
  -664.800  0.232743E-01  0.299476E-01  0.305243E-01  0.307674E-01  0.312925E-01
  -664.700  0.287186E-01  0.368700E-01  0.375739E-01  0.378707E-01  0.385123E-01
  -664.600  0.350833E-01  0.449596E-01  0.458137E-01  0.461744E-01  0.469566E-01
  -664.500  0.424345E-01  0.543051E-01  0.553358E-01  0.557721E-01  0.567237E-01
  -664.400  0.508238E-01  0.649795E-01  0.662166E-01  0.667420E-01  0.678970E-01
  -664.300  0.602839E-01  0.770356E-01  0.785124E-01  0.791424E-01  0.805409E-01
  -664.200  0.708260E-01  0.905023E-01  0.922563E-01  0.930083E-01  0.946974E-01
  -664.100  0.824369E-01  0.105382E+00  0.107455E+00  0.108349E+00  0.110383E+00
  -664.000  0.950781E-01  0.121651E+00  0.124088E+00  0.125146E+00  0.127587E+00
  -663.900  0.108685E+00  0.139255E+00  0.142106E+00  0.143353E+00  0.146273E+00
  -663.800  0.123167E+00  0.158114E+00  0.161434E+00  0.162896E+00  0.166374E+00
  -663.700  0.138411E+00  0.178122E+00  0.181969E+00  0.183677E+00  0.187801E+00
  -663.600  0.154282E+00  0.199148E+00  0.203586E+00  0.205571E+00  0.210438E+00
  -663.500  0.170628E+00  0.221042E+00  0.226137E+00  0.228433E+00  0.234147E+00
  -663.400  0.187282E+00  0.243635E+00  0.249455E+00  0.252098E+00  0.258770E+00
  -663.300  0.204066E+00  0.266741E+00  0.273357E+00  0.276384E+00  0.284129E+00
  -663.200  0.220798E+00  0.290161E+00  0.297645E+00  0.301093E+00  0.310029E+00
  -663.100  0.237290E+00  0.313685E+00  0.322105E+00  0.326011E+00  0.336257E+00
  -663.000  0.253357E+00  0.337090E+00  0.346515E+00  0.350915E+00  0.362585E+00
  -662.900  0.268819E+00  0.360149E+00  0.370639E+00  0.375566E+00  0.388770E+00
  -662.800  0.283504E+00  0.382627E+00  0.394236E+00  0.399720E+00  0.414556E+00
  -662.700  0.297255E+00  0.404288E+00  0.417059E+00  0.423123E+00  0.439676E+00
  -662.600  0.309933E+00  0.424899E+00  0.438862E+00  0.445524E+00  0.463860E+00
  -662.500  0.321422E+00  0.444236E+00  0.459404E+00  0.466675E+00  0.486836E+00
  -662.400  0.331636E+00  0.462093E+00  0.478461E+00  0.486341E+00  0.508343E+00
  -662.300  0.340520E+00  0.478287E+00  0.495830E+00  0.504308E+00  0.528137E+00
  -662.200  0.348063E+00  0.492670E+00  0.511339E+00  0.520395E+00  0.546000E+00
  -662.100  0.354294E+00  0.505138E+00  0.524860E+00  0.534459E+00  0.561753E+00
  -662.000  0.359289E+00  0.515634E+00  0.536313E+00  0.546409E+00  0.575264E+00
  -661.900  0.363170E+00  0.524160E+00  0.545674E+00  0.556208E+00  0.586454E+00
  -661.800  0.366106E+00  0.530777E+00  0.552981E+00  0.563880E+00  0.595307E+00
  -661.700  0.368307E+00  0.535605E+00  0.558331E+00  0.569510E+00  0.601867E+00
  -661.600  0.370017E+00  0.538822E+00  0.561882E+00  0.573246E+00  0.606241E+00
  -661.500  0.371506E+00  0.540655E+00  0.563843E+00  0.575287E+00  0.608597E+00
  -661.400  0.373060E+00  0.541370E+00  0.564469E+00  0.575878E+00  0.609149E+00
  -661.300  0.374962E+00  0.541262E+00  0.564045E+00  0.575301E+00  0.608154E+00
  -661.200  0.377486E+00  0.540639E+00  0.562875E+00  0.573855E+00  0.605898E+00
  -661.100  0.380876E+00  0.539804E+00  0.561264E+00  0.571845E+00  0.602679E+00
  -661.000  0.385335E+00  0.539044E+00  0.559504E+00  0.569567E+00  0.598796E+00
  -660.900  0.391015E+00  0.538611E+00  0.557862E+00  0.567291E+00  0.594532E+00
  -660.800  0.398005E+00  0.538712E+00  0.556560E+00  0.565250E+00  0.590144E+00
  -660.700  0.406329E+00  0.539500E+00  0.555774E+00  0.563628E+00  0.585851E+00
  -660.600  0.415941E+00  0.541063E+00  0.555619E+00  0.562557E+00  0.581825E+00
  -660.500  0.426732E+00  0.543431E+00  0.556152E+00  0.562108E+00  0.578188E+00
  -660.400  0.438534E+00  0.546569E+00  0.557372E+00  0.562297E+00  0.575010E+00
  -660.300  0.451137E+00  0.550391E+00  0.559225E+00  0.563086E+00  0.572312E+00
  -660.200  0.464300E+00  0.554767E+00  0.561611E+00  0.564397E+00  0.570074E+00
  -660.100  0.477768E+00  0.559540E+00  0.564404E+00  0.566116E+00  0.568243E+00
  -660.000  0.491295E+00  0.564538E+00  0.567459E+00  0.568116E+00  0.566744E+00
  -659.900  0.504659E+00  0.569594E+00  0.570633E+00  0.570266E+00  0.565496E+00
  -659.800  0.517679E+00  0.574560E+00  0.573797E+00  0.572451E+00  0.564423E+00
  -659.700  0.530227E+00  0.579325E+00  0.576854E+00  0.574580E+00  0.563470E+00
  -659.600  0.542238E+00  0.583824E+00  0.579748E+00  0.576605E+00  0.562612E+00
  -659.500  0.553709E+00  0.588046E+00  0.582475E+00  0.578525E+00  0.561864E+00
  -659.400  0.564700E+00  0.592041E+00  0.585085E+00  0.580391E+00  0.561286E+00
  -659.300  0.575326E+00  0.595914E+00  0.587684E+00  0.582310E+00  0.560988E+00
  -659.200  0.585739E+00  0.599824E+00  0.590429E+00  0.584439E+00  0.561122E+00
  -659.100  0.596119E+00  0.603977E+00  0.593522E+00  0.586976E+00  0.561885E+00
  -659.000  0.606656E+00  0.608607E+00  0.597199E+00  0.590158E+00  0.563508E+00
  -658.900  0.617531E+00  0.613974E+00  0.601720E+00  0.594245E+00  0.566248E+00
  -658.800  0.628902E+00  0.620344E+00  0.607356E+00  0.599510E+00  0.570380E+00
  -658.700  0.640895E+00  0.627978E+00  0.614378E+00  0.606227E+00  0.576183E+00
  -658.600  0.653596E+00  0.637123E+00  0.623047E+00  0.614661E+00  0.583937E+00
  -658.500  0.667045E+00  0.648004E+00  0.633601E+00  0.625061E+00  0.593904E+00
  -658.400  0.681237E+00  0.660809E+00  0.646253E+00  0.637645E+00  0.606328E+00
  -658.300  0.696129E+00  0.675693E+00  0.661177E+00  0.652599E+00  0.621422E+00
  -658.200  0.711640E+00  0.692763E+00  0.678504E+00  0.670066E+00  0.639359E+00
  -658.100  0.727659E+00  0.712078E+00  0.698316E+00  0.690138E+00  0.660261E+00
  -658.000  0.744049E+00  0.733641E+00  0.720638E+00  0.712851E+00  0.684192E+00
  -657.900  0.760651E+00  0.757394E+00  0.745430E+00  0.738172E+00  0.711148E+00
  -657.800  0.777284E+00  0.783213E+00  0.772578E+00  0.765997E+00  0.741043E+00
  -657.700  0.793745E+00  0.810898E+00  0.801892E+00  0.796137E+00  0.773702E+00
  -657.600  0.809810E+00  0.840170E+00  0.833094E+00  0.828315E+00  0.808851E+00
  -657.500  0.825229E+00  0.870673E+00  0.865817E+00  0.862163E+00  0.846114E+00
  -657.400  0.839726E+00  0.901963E+00  0.899606E+00  0.897217E+00  0.885010E+00
  -657.300  0.853005E+00  0.933526E+00  0.933920E+00  0.932926E+00  0.924958E+00
  -657.200  0.864750E+00  0.964774E+00  0.968143E+00  0.968658E+00  0.965285E+00
  -657.100  0.874638E+00  0.995070E+00  0.100160E+01  0.100372E+01  0.100524E+01
  -657.000  0.882349E+00  0.102374E+01  0.103357E+01  0.103736E+01  0.104402E+01
  -656.900  0.887586E+00  0.105010E+01  0.106331E+01  0.106884E+01  0.108079E+01
  -656.800  0.890087E+00  0.107349E+01  0.109011E+01  0.109738E+01  0.111472E+01
  -656.700  0.889653E+00  0.109328E+01  0.111328E+01  0.112229E+01  0.114500E+01
  -656.600  0.886156E+00  0.110893E+01  0.113221E+01  0.114291E+01  0.117089E+01
  -656.500  0.879567E+00  0.111998E+01  0.114638E+01  0.115870E+01  0.119176E+01
  -656.400  0.869957E+00  0.112610E+01  0.115540E+01  0.116924E+01  0.120707E+01
  -656.300  0.857511E+00  0.112712E+01  0.115903E+01  0.117424E+01  0.121646E+01
  -656.200  0.842524E+00  0.112300E+01  0.115717E+01  0.117358E+01  0.121970E+01
  -656.100  0.825397E+00  0.111387E+01  0.114989E+01  0.116731E+01  0.121675E+01
  -656.000  0.806626E+00  0.109999E+01  0.113743E+01  0.115564E+01  0.120774E+01
  -655.900  0.786779E+00  0.108181E+01  0.112018E+01  0.113893E+01  0.119297E+01
  -655.800  0.766474E+00  0.105988E+01  0.109866E+01  0.111769E+01  0.117290E+01
  -655.700  0.746354E+00  0.103484E+01  0.107352E+01  0.109256E+01  0.114813E+01
  -655.600  0.727058E+00  0.100746E+01  0.104549E+01  0.106427E+01  0.111937E+01
  -655.500  0.709188E+00  0.978499E+00  0.101537E+01  0.103363E+01  0.108741E+01
  -655.400  0.693284E+00  0.948775E+00  0.983982E+00  0.100146E+01  0.105311E+01
  -655.300  0.679803E+00  0.919073E+00  0.952156E+00  0.968604E+00  0.101735E+01
  -655.200  0.669092E+00  0.890132E+00  0.920675E+00  0.935872E+00  0.980996E+00
  -655.100  0.661383E+00  0.862619E+00  0.890261E+00  0.904013E+00  0.944869E+00
  -655.000  0.656779E+00  0.837102E+00  0.861550E+00  0.873693E+00  0.909731E+00
  -654.900  0.655258E+00  0.814039E+00  0.835067E+00  0.845475E+00  0.876249E+00
  -654.800  0.656676E+00  0.793761E+00  0.811219E+00  0.819802E+00  0.844980E+00
  -654.700  0.660782E+00  0.776470E+00  0.790283E+00  0.796988E+00  0.816357E+00
  -654.600  0.667229E+00  0.762238E+00  0.772405E+00  0.777220E+00  0.790686E+00
  -654.500  0.675595E+00  0.751016E+00  0.757605E+00  0.760553E+00  0.768140E+00
  -654.400  0.685403E+00  0.742640E+00  0.745783E+00  0.746922E+00  0.748763E+00
  -654.300  0.696141E+00  0.736847E+00  0.736732E+00  0.736150E+00  0.732479E+00
  -654.200  0.707279E+00  0.733289E+00  0.730152E+00  0.727962E+00  0.719103E+00
  -654.100  0.718284E+00  0.731550E+00  0.725664E+00  0.722003E+00  0.708353E+00
  -654.000  0.728640E+00  0.731163E+00  0.722829E+00  0.717848E+00  0.699865E+00
  -653.900  0.737854E+00  0.731624E+00  0.721164E+00  0.715028E+00  0.693215E+00
  -653.800  0.745467E+00  0.732416E+00  0.720160E+00  0.713040E+00  0.687931E+00
  -653.700  0.751065E+00  0.733019E+00  0.719301E+00  0.711370E+00  0.683517E+00
  -653.600  0.754285E+00  0.732929E+00  0.718079E+00  0.709512E+00  0.679471E+00
  -653.500  0.754823E+00  0.731679E+00  0.716015E+00  0.706981E+00  0.675304E+00
  -653.400  0.752439E+00  0.728848E+00  0.712674E+00  0.703337E+00  0.670563E+00
  -653.300  0.746967E+00  0.724081E+00  0.707682E+00  0.698199E+00  0.664844E+00
  -653.200  0.738323E+00  0.717105E+00  0.700744E+00  0.691260E+00  0.657815E+00
  -653.100  0.726508E+00  0.707736E+00  0.691655E+00  0.682304E+00  0.649229E+00
  -653.000  0.711615E+00  0.695894E+00  0.680311E+00  0.671215E+00  0.638934E+00
  -652.900  0.693829E+00  0.681608E+00  0.666714E+00  0.657983E+00  0.626883E+00
  -652.800  0.673431E+00  0.665014E+00  0.650977E+00  0.642710E+00  0.613139E+00
  -652.700  0.650788E+00  0.646357E+00  0.633321E+00  0.625602E+00  0.597869E+00
  -652.600  0.626347E+00  0.625981E+00  0.614065E+00  0.606966E+00  0.581337E+00
  -652.500  0.600624E+00  0.604313E+00  0.593614E+00  0.587196E+00  0.563896E+00
  -652.400  0.574186E+00  0.581849E+00  0.572442E+00  0.566751E+00  0.545964E+00
  -652.300  0.547633E+00  0.559130E+00  0.551069E+00  0.546141E+00  0.528009E+00
  -652.200  0.521578E+00  0.536717E+00  0.530035E+00  0.525893E+00  0.510520E+00
  -652.100  0.496622E+00  0.515167E+00  0.509876E+00  0.506533E+00  0.493981E+00
  -652.000  0.473333E+00  0.495002E+00  0.491098E+00  0.488555E+00  0.478848E+00
  -651.900  0.452227E+00  0.476691E+00  0.474149E+00  0.472399E+00  0.465526E+00
  -651.800  0.433743E+00  0.460621E+00  0.459402E+00  0.458425E+00  0.454340E+00
  -651.700  0.418235E+00  0.447087E+00  0.447133E+00  0.446902E+00  0.445527E+00
  -651.600  0.405955E+00  0.436274E+00  0.437512E+00  0.437991E+00  0.439220E+00
  -651.500  0.397046E+00  0.428252E+00  0.430597E+00  0.431743E+00  0.435444E+00
  -651.400  0.391543E+00  0.422980E+00  0.426332E+00  0.428095E+00  0.434114E+00
  -651.300  0.389370E+00  0.420307E+00  0.424556E+00  0.426879E+00  0.435045E+00
  -651.200  0.390352E+00  0.419984E+00  0.425011E+00  0.427834E+00  0.437962E+00
  -651.100  0.394219E+00  0.421683E+00  0.427361E+00  0.430619E+00  0.442513E+00
  -651.000  0.400623E+00  0.425008E+00  0.431207E+00  0.434834E+00  0.448291E+00
  -650.900  0.409153E+00  0.429524E+00  0.436109E+00  0.440038E+00  0.454851E+00
  -650.800  0.419345E+00  0.434768E+00  0.441607E+00  0.445769E+00  0.461730E+00
  -650.700  0.430706E+00  0.440275E+00  0.447235E+00  0.451564E+00  0.468466E+00
  -650.600  0.442725E+00  0.445592E+00  0.452545E+00  0.456974E+00  0.474613E+00
  -650.500  0.454887E+00  0.450291E+00  0.457116E+00  0.461583E+00  0.479756E+00
  -650.400  0.466691E+00  0.453984E+00  0.460568E+00  0.465012E+00  0.483522E+00
  -650.300  0.477659E+00  0.456332E+00  0.462570E+00  0.466933E+00  0.485588E+00
  -650.200  0.487350E+00  0.457050E+00  0.462846E+00  0.467076E+00  0.485687E+00
  -650.100  0.495370E+00  0.455909E+00  0.461181E+00  0.465228E+00  0.483613E+00
  -650.000  0.501384E+00  0.452745E+00  0.457420E+00  0.461238E+00  0.479224E+00
  -649.900  0.505120E+00  0.447455E+00  0.451472E+00  0.455020E+00  0.472439E+00
  -649.800  0.506381E+00  0.439996E+00  0.443306E+00  0.446549E+00  0.463243E+00
  -649.700  0.505049E+00  0.430390E+00  0.432955E+00  0.435861E+00  0.451686E+00
  -649.600  0.501087E+00  0.418716E+00  0.420509E+00  0.423052E+00  0.437873E+00
  -649.500  0.494541E+00  0.405108E+00  0.406112E+00  0.408271E+00  0.421971E+00
  -649.400  0.485535E+00  0.389752E+00  0.389958E+00  0.391718E+00  0.404194E+00
  -649.300  0.474264E+00  0.372874E+00  0.372285E+00  0.373633E+00  0.384802E+00
  -649.200  0.460987E+00  0.354739E+00  0.353363E+00  0.354293E+00  0.364089E+00
  -649.100  0.446011E+00  0.335636E+00  0.333487E+00  0.333997E+00  0.342374E+00
  -649.000  0.429675E+00  0.315868E+00  0.312968E+00  0.313060E+00  0.319989E+00
  -648.900  0.412333E+00  0.295741E+00  0.292117E+00  0.291797E+00  0.297272E+00
  -648.800  0.394338E+00  0.275555E+00  0.271237E+00  0.270517E+00  0.274546E+00
  -648.700  0.376021E+00  0.255590E+00  0.250614E+00  0.249507E+00  0.252118E+00
  -648.600  0.357681E+00  0.236095E+00  0.230503E+00  0.229028E+00  0.230264E+00
  -648.500  0.339571E+00  0.217289E+00  0.211125E+00  0.209303E+00  0.209225E+00
  -648.400  0.321890E+00  0.199344E+00  0.192660E+00  0.190516E+00  0.189198E+00
  -648.300  0.304779E+00  0.182391E+00  0.175243E+00  0.172805E+00  0.170335E+00
  -648.200  0.288323E+00  0.166519E+00  0.158967E+00  0.156267E+00  0.152743E+00
  -648.100  0.272556E+00  0.151771E+00  0.143881E+00  0.140954E+00  0.136486E+00
  -648.000  0.257466E+00  0.138155E+00  0.129999E+00  0.126881E+00  0.121587E+00
  -647.900  0.243008E+00  0.125648E+00  0.117299E+00  0.114029E+00  0.108032E+00
  -647.800  0.229114E+00  0.114198E+00  0.105735E+00  0.102353E+00  0.957803E-01
  -647.700  0.215703E+00  0.103739E+00  0.952385E-01  0.917853E-01  0.847667E-01
  -647.600  0.202696E+00  0.941899E-01  0.857309E-01  0.822466E-01  0.749099E-01
  -647.500  0.190022E+00  0.854676E-01  0.771253E-01  0.736490E-01  0.661183E-01
  -647.400  0.177626E+00  0.774882E-01  0.693339E-01  0.659027E-01  0.582955E-01
  -647.300  0.165476E+00  0.701731E-01  0.622723E-01  0.589201E-01  0.513451E-01
  -647.200  0.153564E+00  0.634519E-01  0.558626E-01  0.526196E-01  0.451746E-01
  -647.100  0.141908E+00  0.572650E-01  0.500359E-01  0.469281E-01  0.396980E-01
  -647.000  0.130548E+00  0.515639E-01  0.447336E-01  0.417819E-01  0.348376E-01
  -646.900  0.119551E+00  0.463123E-01  0.399082E-01  0.371282E-01  0.305251E-01
  -646.800  0.108998E+00  0.414848E-01  0.355227E-01  0.329244E-01  0.267022E-01
  -646.700  0.989881E-01  0.370666E-01  0.315500E-01  0.291376E-01  0.233201E-01
  -646.600  0.896329E-01  0.330521E-01  0.279723E-01  0.257444E-01  0.203389E-01
  -646.500  0.810530E-01  0.294438E-01  0.247800E-01  0.227292E-01  0.177272E-01
  -646.400  0.733759E-01  0.262510E-01  0.219703E-01  0.200837E-01  0.154610E-01
  -646.300  0.667351E-01  0.234892E-01  0.195467E-01  0.178058E-01  0.135230E-01
  -646.200  0.612676E-01  0.211787E-01  0.175178E-01  0.158986E-01  0.119014E-01
  -646.100  0.571139E-01  0.193445E-01  0.158969E-01  0.143700E-01  0.105897E-01
  -646.000  0.544158E-01  0.180150E-01  0.147011E-01  0.132320E-01  0.958541E-02
  -645.900  0.533148E-01  0.172216E-01  0.139506E-01  0.124994E-01  0.888990E-02
  -645.800  0.539496E-01  0.169975E-01  0.136678E-01  0.121899E-01  0.850728E-02
  -645.700  0.564512E-01  0.173765E-01  0.138763E-01  0.123221E-01  0.844377E-02
  -645.600  0.609380E-01  0.183912E-01  0.145993E-01  0.129150E-01  0.870668E-02
  -645.500  0.675084E-01  0.200710E-01  0.158581E-01  0.139861E-01  0.930327E-02
  -645.400  0.762321E-01  0.224391E-01  0.176698E-01  0.155494E-01  0.102394E-01
  -645.300  0.871406E-01  0.255097E-01  0.200445E-01  0.176133E-01  0.115181E-01
  -645.200  0.100218E+00  0.292846E-01  0.229833E-01  0.201782E-01  0.131377E-01
  -645.100  0.115389E+00  0.337496E-01  0.264749E-01  0.232341E-01  0.150902E-01
  -645.000  0.132514E+00  0.388715E-01  0.304934E-01  0.267579E-01  0.173599E-01
  -644.900  0.151381E+00  0.445953E-01  0.349957E-01  0.307118E-01  0.199215E-01
  -644.800  0.171702E+00  0.508425E-01  0.399204E-01  0.350419E-01  0.227394E-01
  -644.700  0.193117E+00  0.575103E-01  0.451867E-01  0.396772E-01  0.257670E-01
  -644.600  0.215197E+00  0.644725E-01  0.506951E-01  0.445301E-01  0.289466E-01
  -644.500  0.237457E+00  0.715815E-01  0.563291E-01  0.494979E-01  0.322109E-01
  -644.400  0.259368E+00  0.786727E-01  0.619583E-01  0.544656E-01  0.354836E-01
  -644.300  0.280381E+00  0.855697E-01  0.674422E-01  0.593091E-01  0.386827E-01
  -644.200  0.299946E+00  0.920911E-01  0.726364E-01  0.639006E-01  0.417231E-01
  -644.100  0.317539E+00  0.980582E-01  0.773977E-01  0.681132E-01  0.445199E-01
  -644.000  0.332684E+00  0.103303E+00  0.815915E-01  0.718272E-01  0.469928E-01
  -643.900  0.344975E+00  0.107677E+00  0.850973E-01  0.749356E-01  0.490693E-01
  -643.800  0.354099E+00  0.111057E+00  0.878153E-01  0.773492E-01  0.506887E-01
  -643.700  0.359845E+00  0.113352E+00  0.896710E-01  0.790013E-01  0.518048E-01
  -643.600  0.362117E+00  0.114508E+00  0.906186E-01  0.798503E-01  0.523884E-01
  -643.500  0.360931E+00  0.114507E+00  0.906429E-01  0.798820E-01  0.524282E-01
  -643.400  0.356415E+00  0.113371E+00  0.897595E-01  0.791095E-01  0.519313E-01
  -643.300  0.348793E+00  0.111159E+00  0.880130E-01  0.775715E-01  0.509224E-01
  -643.200  0.338374E+00  0.107959E+00  0.854738E-01  0.753299E-01  0.494418E-01
  -643.100  0.325529E+00  0.103888E+00  0.822335E-01  0.724657E-01  0.475430E-01
  -643.000  0.310668E+00  0.990790E-01  0.783995E-01  0.690739E-01  0.452894E-01
  -642.900  0.294225E+00  0.936786E-01  0.740889E-01  0.652584E-01  0.427505E-01
  -642.800  0.276631E+00  0.878373E-01  0.694229E-01  0.611269E-01  0.399989E-01
  -642.700  0.258297E+00  0.817031E-01  0.645209E-01  0.567857E-01  0.371065E-01
  -642.600  0.239604E+00  0.754159E-01  0.594959E-01  0.523356E-01  0.341415E-01
  -642.500  0.220890E+00  0.691025E-01  0.544510E-01  0.478682E-01  0.311664E-01
  -642.400  0.202443E+00  0.628735E-01  0.494758E-01  0.434638E-01  0.282358E-01
  -642.300  0.184500E+00  0.568219E-01  0.446458E-01  0.391896E-01  0.253955E-01
  -642.200  0.167249E+00  0.510220E-01  0.400213E-01  0.350995E-01  0.226823E-01
  -642.100  0.150832E+00  0.455299E-01  0.356479E-01  0.312341E-01  0.201236E-01
  -642.000  0.135351E+00  0.403854E-01  0.315577E-01  0.276219E-01  0.177386E-01
  -641.900  0.120870E+00  0.356135E-01  0.277705E-01  0.242804E-01  0.155388E-01
  -641.800  0.107430E+00  0.312266E-01  0.242957E-01  0.212178E-01  0.135293E-01
  -641.700  0.950448E-01  0.272269E-01  0.211345E-01  0.184347E-01  0.117098E-01
  -641.600  0.837144E-01  0.236085E-01  0.182814E-01  0.159259E-01  0.100758E-01
  -641.500  0.734248E-01  0.203597E-01  0.157257E-01  0.136815E-01  0.861993E-02
  -641.400  0.641532E-01  0.174641E-01  0.134533E-01  0.116885E-01  0.733240E-02
  -641.300  0.558700E-01  0.149026E-01  0.114478E-01  0.993165E-02  0.620211E-02
  -641.200  0.485404E-01  0.126540E-01  0.969125E-02  0.839472E-02  0.521719E-02
  -641.100  0.421265E-01  0.106963E-01  0.816490E-02  0.706069E-02  0.436543E-02
  -641.000  0.365872E-01  0.900716E-02  0.684997E-02  0.591250E-02  0.363470E-02
  -640.900  0.318794E-01  0.756416E-02  0.572786E-02  0.493334E-02  0.301317E-02
  -640.800  0.279582E-01  0.634552E-02  0.478053E-02  0.410696E-02  0.248951E-02
  -640.700  0.247770E-01  0.533016E-02  0.399065E-02  0.341783E-02  0.205301E-02
  -640.600  0.222882E-01  0.449794E-02  0.334180E-02  0.285127E-02  0.169365E-02
  -640.500  0.204428E-01  0.382978E-02  0.281855E-02  0.239355E-02  0.140214E-02
  -640.400  0.191904E-01  0.330771E-02  0.240648E-02  0.203187E-02  0.116996E-02
  -640.300  0.184796E-01  0.291495E-02  0.209226E-02  0.175446E-02  0.989338E-03
  -640.200  0.182574E-01  0.263581E-02  0.186352E-02  0.155046E-02  0.853211E-03
  -640.100  0.184693E-01  0.245569E-02  0.170892E-02  0.140994E-02  0.755211E-03
  -640.000  0.190590E-01  0.236096E-02  0.161796E-02  0.132378E-02  0.689597E-03
  -639.900  0.199689E-01  0.233886E-02  0.158096E-02  0.128364E-02  0.651195E-03
  -639.800  0.211394E-01  0.237738E-02  0.158893E-02  0.128178E-02  0.635336E-03
  -639.700  0.225101E-01  0.246515E-02  0.163346E-02  0.131107E-02  0.637785E-03
  -639.600  0.240198E-01  0.259135E-02  0.170669E-02  0.136485E-02  0.654686E-03
  -639.500  0.256071E-01  0.274565E-02  0.180118E-02  0.143689E-02  0.682506E-03
  -639.400  0.272122E-01  0.291821E-02  0.190992E-02  0.152132E-02  0.718003E-03
  -639.300  0.287770E-01  0.309969E-02  0.202632E-02  0.161268E-02  0.758194E-03
  -639.200  0.302469E-01  0.328128E-02  0.214422E-02  0.170587E-02  0.800346E-03
  -639.100  0.315721E-01  0.345487E-02  0.225793E-02  0.179621E-02  0.841981E-03
  -639.000  0.327084E-01  0.361307E-02  0.236233E-02  0.187947E-02  0.880883E-03
  -638.900  0.336185E-01  0.374943E-02  0.245292E-02  0.195197E-02  0.915124E-03
  -638.800  0.342728E-01  0.385851E-02  0.252592E-02  0.201059E-02  0.943078E-03
  -638.700  0.346501E-01  0.393599E-02  0.257831E-02  0.205284E-02  0.963453E-03
  -638.600  0.347377E-01  0.397881E-02  0.260790E-02  0.207693E-02  0.975299E-03
  -638.500  0.345316E-01  0.398512E-02  0.261340E-02  0.208176E-02  0.978023E-03
  -638.400  0.340362E-01  0.395437E-02  0.259433E-02  0.206693E-02  0.971383E-03
  -638.300  0.332635E-01  0.388721E-02  0.255107E-02  0.203270E-02  0.955478E-03
  -638.200  0.322326E-01  0.378543E-02  0.248477E-02  0.198000E-02  0.930721E-03
  -638.100  0.309685E-01  0.365181E-02  0.239727E-02  0.191027E-02  0.897800E-03
  -638.000  0.295012E-01  0.348997E-02  0.229095E-02  0.182545E-02  0.857637E-03
  -637.900  0.278642E-01  0.330417E-02  0.216865E-02  0.172780E-02  0.811333E-03
  -637.800  0.260934E-01  0.309913E-02  0.203354E-02  0.161987E-02  0.760112E-03
  -637.700  0.242259E-01  0.287979E-02  0.188890E-02  0.150431E-02  0.705263E-03
  -637.600  0.222984E-01  0.265114E-02  0.173810E-02  0.138381E-02  0.648085E-03
  -637.500  0.203468E-01  0.241805E-02  0.158435E-02  0.126098E-02  0.589839E-03
  -637.400  0.184044E-01  0.218504E-02  0.143072E-02  0.113826E-02  0.531700E-03
  -637.300  0.165017E-01  0.195625E-02  0.127993E-02  0.101785E-02  0.474727E-03
  -637.200  0.146653E-01  0.173526E-02  0.113438E-02  0.901667E-03  0.419833E-03
  -637.100  0.129178E-01  0.152505E-02  0.996034E-03  0.791289E-03  0.367769E-03
  -637.000  0.112772E-01  0.132798E-02  0.866453E-03  0.687956E-03  0.319118E-03
  -636.900  0.975672E-02  0.114575E-02  0.746755E-03  0.592560E-03  0.274294E-03
  -636.800  0.836534E-02  0.979469E-03  0.637655E-03  0.505663E-03  0.233552E-03
  -636.700  0.710768E-02  0.829668E-03  0.539485E-03  0.427525E-03  0.197000E-03
  -636.600  0.598452E-02  0.696378E-03  0.452246E-03  0.358136E-03  0.164620E-03
  -636.500  0.499325E-02  0.579200E-03  0.375655E-03  0.297262E-03  0.136286E-03
  -636.400  0.412851E-02  0.477392E-03  0.309203E-03  0.244488E-03  0.111787E-03
  -636.300  0.338271E-02  0.389949E-03  0.252210E-03  0.199263E-03  0.908514E-04
  -636.200  0.274669E-02  0.315683E-03  0.203879E-03  0.160943E-03  0.731635E-04
  -636.100  0.221026E-02  0.253299E-03  0.163343E-03  0.128832E-03  0.583863E-04
  -636.000  0.176272E-02  0.201459E-03  0.129712E-03  0.102214E-03  0.461757E-04
  -635.900  0.139333E-02  0.158833E-03  0.102104E-03  0.803846E-04  0.361940E-04
  -635.800  0.109163E-02  0.124144E-03  0.796752E-04  0.626670E-04  0.281200E-04
  -635.700  0.847764E-03  0.961997E-04  0.616385E-04  0.484333E-04  0.216563E-04
  -635.600  0.652642E-03  0.739122E-04  0.472784E-04  0.371126E-04  0.165342E-04
  -635.500  0.498078E-03  0.563090E-04  0.359571E-04  0.281969E-04  0.000000E+00
  -635.400  0.376844E-03  0.425386E-04  0.271170E-04  0.212428E-04  0.000000E+00
  -635.300  0.282672E-03  0.318675E-04  0.202795E-04  0.158699E-04  0.000000E+00
  -635.200  0.210219E-03  0.236747E-04  0.150399E-04  0.000000E+00  0.000000E+00
  -635.100  0.154999E-03  0.174421E-04  0.000000E+00  0.000000E+00  0.000000E+00
  -635.000  0.113306E-03  0.000000E+00  0.000000E+00  0.000000E+00  0.000000E+00
  -634.900  0.821176E-04  0.000000E+00  0.000000E+00  0.000000E+00  0.000000E+00
  -634.800  0.590005E-04  0.000000E+00  0.000000E+00  0.000000E+00  0.000000E+00
  -634.700  0.420230E-04  0.000000E+00  0.000000E+00  0.000000E+00  0.000000E+00
  -634.600  0.296685E-04  0.000000E+00  0.000000E+00  0.000000E+00  0.000000E+00
  -634.500  0.207606E-04  0.000000E+00  0.000000E+00  0.000000E+00  0.000000E+00
  -634.400  0.143970E-04  0.000000E+00  0.000000E+00  0.000000E+00  0.000000E+00
  -634.300  0.000000E+00  0.000000E+00  0.000000E+00  0.000000E+00  0.000000E+00
  -634.200  0.000000E+00  0.000000E+00  0.000000E+00  0.000000E+00  0.000000E+00
  -634.100  0.000000E+00  0.000000E+00  0.000000E+00  0.000000E+00  0.000000E+00
  -634.000  0.000000E+00  0.000000E+00  0.000000E+00  0.000000E+00  0.000000E+00
  -633.900  0.000000E+00  0.000000E+00  0.000000E+00  0.000000E+00  0.000000E+00
  -633.800  0.000000E+00  0.000000E+00  0.000000E+00  0.000000E+00  0.000000E+00
  -633.700  0.000000E+00  0.000000E+00  0.000000E+00  0.000000E+00  0.000000E+00
  -633.600  0.000000E+00  0.000000E+00  0.000000E+00  0.000000E+00  0.000000E+00
  -633.500  0.000000E+00  0.000000E+00  0.000000E+00  0.000000E+00  0.000000E+00
  -633.400  0.000000E+00  0.000000E+00  0.000000E+00  0.000000E+00  0.000000E+00
  -633.300  0.000000E+00  0.000000E+00  0.000000E+00  0.000000E+00  0.000000E+00
  -633.200  0.000000E+00  0.000000E+00  0.000000E+00  0.000000E+00  0.000000E+00
  -633.100  0.000000E+00  0.000000E+00  0.000000E+00  0.000000E+00  0.000000E+00
  -633.000  0.000000E+00  0.000000E+00  0.000000E+00  0.000000E+00  0.000000E+00
  -632.900  0.000000E+00  0.000000E+00  0.000000E+00  0.000000E+00  0.000000E+00
  -632.800  0.000000E+00  0.000000E+00  0.000000E+00  0.000000E+00  0.000000E+00
  -632.700  0.000000E+00  0.000000E+00  0.000000E+00  0.000000E+00  0.000000E+00
  -632.600  0.000000E+00  0.000000E+00  0.000000E+00  0.000000E+00  0.000000E+00
  -632.500  0.000000E+00  0.000000E+00  0.000000E+00  0.000000E+00  0.000000E+00
  -632.400  0.000000E+00  0.000000E+00  0.000000E+00  0.000000E+00  0.000000E+00
  -632.300  0.000000E+00  0.000000E+00  0.000000E+00  0.000000E+00  0.000000E+00
  -632.200  0.000000E+00  0.000000E+00  0.000000E+00  0.000000E+00  0.000000E+00
  -632.100  0.000000E+00  0.000000E+00  0.000000E+00  0.000000E+00  0.000000E+00
  -632.000  0.000000E+00  0.000000E+00  0.000000E+00  0.000000E+00  0.000000E+00
  -631.900  0.000000E+00  0.000000E+00  0.000000E+00  0.000000E+00  0.000000E+00
  -631.800  0.000000E+00  0.000000E+00  0.000000E+00  0.000000E+00  0.000000E+00
  -631.700  0.000000E+00  0.000000E+00  0.000000E+00  0.000000E+00  0.000000E+00
  -631.600  0.000000E+00  0.000000E+00  0.000000E+00  0.000000E+00  0.000000E+00
  -631.500  0.000000E+00  0.000000E+00  0.000000E+00  0.000000E+00  0.000000E+00
  -631.400  0.000000E+00  0.000000E+00  0.000000E+00  0.000000E+00  0.000000E+00
  -631.300  0.000000E+00  0.000000E+00  0.000000E+00  0.000000E+00  0.000000E+00
  -631.200  0.000000E+00  0.000000E+00  0.000000E+00  0.000000E+00  0.000000E+00
  -631.100  0.000000E+00  0.000000E+00  0.000000E+00  0.000000E+00  0.000000E+00
  -631.000  0.000000E+00  0.000000E+00  0.000000E+00  0.000000E+00  0.000000E+00
  -630.900  0.000000E+00  0.000000E+00  0.000000E+00  0.000000E+00  0.000000E+00
  -630.800  0.000000E+00  0.000000E+00  0.000000E+00  0.000000E+00  0.000000E+00
  -630.700  0.000000E+00  0.000000E+00  0.000000E+00  0.000000E+00  0.000000E+00
  -630.600  0.000000E+00  0.000000E+00  0.000000E+00  0.000000E+00  0.000000E+00
  -630.500  0.000000E+00  0.000000E+00  0.000000E+00  0.000000E+00  0.000000E+00
  -630.400  0.000000E+00  0.000000E+00  0.000000E+00  0.000000E+00  0.000000E+00
  -630.300  0.000000E+00  0.000000E+00  0.000000E+00  0.000000E+00  0.000000E+00
  -630.200  0.000000E+00  0.000000E+00  0.000000E+00  0.000000E+00  0.000000E+00
  -630.100  0.000000E+00  0.000000E+00  0.000000E+00  0.000000E+00  0.000000E+00
  -630.000  0.000000E+00  0.000000E+00  0.000000E+00  0.000000E+00  0.000000E+00
  -629.900  0.000000E+00  0.000000E+00  0.000000E+00  0.000000E+00  0.000000E+00
  -629.800  0.000000E+00  0.000000E+00  0.000000E+00  0.000000E+00  0.000000E+00
  -629.700  0.000000E+00  0.000000E+00  0.000000E+00  0.000000E+00  0.000000E+00
  -629.600  0.000000E+00  0.000000E+00  0.000000E+00  0.000000E+00  0.000000E+00
  -629.500  0.000000E+00  0.000000E+00  0.000000E+00  0.000000E+00  0.000000E+00
  -629.400  0.000000E+00  0.000000E+00  0.000000E+00  0.000000E+00  0.000000E+00
  -629.300  0.000000E+00  0.000000E+00  0.000000E+00  0.000000E+00  0.000000E+00
  -629.200  0.000000E+00  0.000000E+00  0.000000E+00  0.000000E+00  0.000000E+00
  -629.100  0.000000E+00  0.000000E+00  0.000000E+00  0.000000E+00  0.000000E+00
  -629.000  0.000000E+00  0.000000E+00  0.000000E+00  0.000000E+00  0.000000E+00
  -628.900  0.000000E+00  0.000000E+00  0.000000E+00  0.000000E+00  0.000000E+00
  -628.800  0.000000E+00  0.000000E+00  0.000000E+00  0.000000E+00  0.000000E+00
  -628.700  0.000000E+00  0.000000E+00  0.000000E+00  0.000000E+00  0.000000E+00
  -628.600  0.000000E+00  0.000000E+00  0.000000E+00  0.000000E+00  0.000000E+00
  -628.500  0.000000E+00  0.000000E+00  0.000000E+00  0.000000E+00  0.000000E+00
  -628.400  0.000000E+00  0.000000E+00  0.000000E+00  0.000000E+00  0.000000E+00
  -628.300  0.000000E+00  0.000000E+00  0.000000E+00  0.000000E+00  0.000000E+00
  -628.200  0.000000E+00  0.000000E+00  0.000000E+00  0.000000E+00  0.000000E+00
  -628.100  0.000000E+00  0.000000E+00  0.000000E+00  0.000000E+00  0.000000E+00
  -628.000  0.000000E+00  0.000000E+00  0.000000E+00  0.000000E+00  0.000000E+00
  -627.900  0.000000E+00  0.000000E+00  0.000000E+00  0.000000E+00  0.000000E+00
  -627.800  0.000000E+00  0.000000E+00  0.000000E+00  0.000000E+00  0.000000E+00
  -627.700  0.000000E+00  0.000000E+00  0.000000E+00  0.000000E+00  0.000000E+00
  -627.600  0.000000E+00  0.000000E+00  0.000000E+00  0.000000E+00  0.000000E+00
  -627.500  0.000000E+00  0.000000E+00  0.000000E+00  0.000000E+00  0.000000E+00
  -627.400  0.000000E+00  0.000000E+00  0.000000E+00  0.000000E+00  0.000000E+00
  -627.300  0.000000E+00  0.000000E+00  0.000000E+00  0.000000E+00  0.000000E+00
  -627.200  0.000000E+00  0.000000E+00  0.000000E+00  0.000000E+00  0.000000E+00
  -627.100  0.000000E+00  0.000000E+00  0.000000E+00  0.000000E+00  0.000000E+00
  -627.000  0.000000E+00  0.000000E+00  0.000000E+00  0.000000E+00  0.000000E+00
  -626.900  0.000000E+00  0.000000E+00  0.000000E+00  0.000000E+00  0.000000E+00
  -626.800  0.000000E+00  0.000000E+00  0.000000E+00  0.000000E+00  0.000000E+00
  -626.700  0.000000E+00  0.000000E+00  0.000000E+00  0.000000E+00  0.000000E+00
  -626.600  0.000000E+00  0.000000E+00  0.000000E+00  0.000000E+00  0.000000E+00
  -626.500  0.000000E+00  0.000000E+00  0.000000E+00  0.000000E+00  0.000000E+00
  -626.400  0.000000E+00  0.000000E+00  0.000000E+00  0.000000E+00  0.000000E+00
  -626.300  0.000000E+00  0.000000E+00  0.000000E+00  0.000000E+00  0.000000E+00
  -626.200  0.000000E+00  0.000000E+00  0.000000E+00  0.000000E+00  0.000000E+00
  -626.100  0.000000E+00  0.000000E+00  0.000000E+00  0.000000E+00  0.000000E+00
  -626.000  0.000000E+00  0.000000E+00  0.000000E+00  0.000000E+00  0.000000E+00
  -625.900  0.000000E+00  0.000000E+00  0.000000E+00  0.000000E+00  0.000000E+00
  -625.800  0.000000E+00  0.000000E+00  0.000000E+00  0.000000E+00  0.000000E+00
  -625.700  0.000000E+00  0.000000E+00  0.000000E+00  0.000000E+00  0.000000E+00
  -625.600  0.000000E+00  0.000000E+00  0.000000E+00  0.000000E+00  0.000000E+00
  -625.500  0.000000E+00  0.000000E+00  0.000000E+00  0.000000E+00  0.000000E+00
  -625.400  0.000000E+00  0.000000E+00  0.000000E+00  0.000000E+00  0.000000E+00
  -625.300  0.000000E+00  0.000000E+00  0.000000E+00  0.000000E+00  0.000000E+00
  -625.200  0.000000E+00  0.000000E+00  0.000000E+00  0.000000E+00  0.000000E+00
  -625.100  0.000000E+00  0.000000E+00  0.000000E+00  0.000000E+00  0.000000E+00
  -625.000  0.000000E+00  0.000000E+00  0.000000E+00  0.000000E+00  0.000000E+00
  -624.900  0.000000E+00  0.000000E+00  0.000000E+00  0.000000E+00  0.000000E+00
  -624.800  0.000000E+00  0.000000E+00  0.000000E+00  0.000000E+00  0.000000E+00
  -624.700  0.000000E+00  0.000000E+00  0.000000E+00  0.000000E+00  0.000000E+00
  -624.600  0.000000E+00  0.000000E+00  0.000000E+00  0.000000E+00  0.000000E+00
  -624.500  0.000000E+00  0.000000E+00  0.000000E+00  0.000000E+00  0.000000E+00
  -624.400  0.000000E+00  0.000000E+00  0.000000E+00  0.000000E+00  0.000000E+00
  -624.300  0.000000E+00  0.000000E+00  0.000000E+00  0.000000E+00  0.000000E+00
  -624.200  0.000000E+00  0.000000E+00  0.000000E+00  0.000000E+00  0.000000E+00
  -624.100  0.000000E+00  0.000000E+00  0.000000E+00  0.000000E+00  0.000000E+00
  -624.000  0.000000E+00  0.000000E+00  0.000000E+00  0.000000E+00  0.000000E+00
  -623.900  0.000000E+00  0.000000E+00  0.000000E+00  0.000000E+00  0.000000E+00
  -623.800  0.000000E+00  0.000000E+00  0.000000E+00  0.000000E+00  0.000000E+00
  -623.700  0.000000E+00  0.000000E+00  0.000000E+00  0.000000E+00  0.000000E+00
  -623.600  0.000000E+00  0.000000E+00  0.000000E+00  0.000000E+00  0.000000E+00
  -623.500  0.000000E+00  0.000000E+00  0.000000E+00  0.000000E+00  0.000000E+00
  -623.400  0.000000E+00  0.000000E+00  0.000000E+00  0.000000E+00  0.000000E+00
  -623.300  0.000000E+00  0.000000E+00  0.000000E+00  0.000000E+00  0.000000E+00
  -623.200  0.000000E+00  0.000000E+00  0.000000E+00  0.000000E+00  0.000000E+00
  -623.100  0.000000E+00  0.000000E+00  0.000000E+00  0.000000E+00  0.000000E+00
  -623.000  0.000000E+00  0.000000E+00  0.000000E+00  0.000000E+00  0.000000E+00
  -622.900  0.000000E+00  0.000000E+00  0.000000E+00  0.000000E+00  0.000000E+00
  -622.800  0.000000E+00  0.000000E+00  0.000000E+00  0.000000E+00  0.000000E+00
  -622.700  0.000000E+00  0.000000E+00  0.000000E+00  0.000000E+00  0.000000E+00
  -622.600  0.000000E+00  0.000000E+00  0.000000E+00  0.000000E+00  0.000000E+00
  -622.500  0.000000E+00  0.000000E+00  0.000000E+00  0.000000E+00  0.000000E+00
  -622.400  0.000000E+00  0.000000E+00  0.000000E+00  0.000000E+00  0.000000E+00
  -622.300  0.000000E+00  0.000000E+00  0.000000E+00  0.000000E+00  0.000000E+00
  -622.200  0.000000E+00  0.000000E+00  0.000000E+00  0.000000E+00  0.000000E+00
  -622.100  0.000000E+00  0.000000E+00  0.000000E+00  0.000000E+00  0.000000E+00
  -622.000  0.000000E+00  0.000000E+00  0.000000E+00  0.000000E+00  0.000000E+00
  -621.900  0.000000E+00  0.000000E+00  0.000000E+00  0.000000E+00  0.000000E+00
  -621.800  0.000000E+00  0.000000E+00  0.000000E+00  0.000000E+00  0.000000E+00
  -621.700  0.000000E+00  0.000000E+00  0.000000E+00  0.000000E+00  0.000000E+00
  -621.600  0.000000E+00  0.000000E+00  0.000000E+00  0.000000E+00  0.000000E+00
  -621.500  0.000000E+00  0.000000E+00  0.000000E+00  0.000000E+00  0.000000E+00
  -621.400  0.000000E+00  0.000000E+00  0.000000E+00  0.000000E+00  0.000000E+00
  -621.300  0.000000E+00  0.000000E+00  0.000000E+00  0.000000E+00  0.000000E+00
  -621.200  0.000000E+00  0.000000E+00  0.000000E+00  0.000000E+00  0.000000E+00
  -621.100  0.000000E+00  0.000000E+00  0.000000E+00  0.000000E+00  0.000000E+00
  -621.000  0.000000E+00  0.000000E+00  0.000000E+00  0.000000E+00  0.000000E+00
  -620.900  0.000000E+00  0.000000E+00  0.000000E+00  0.000000E+00  0.000000E+00
  -620.800  0.000000E+00  0.000000E+00  0.000000E+00  0.000000E+00  0.000000E+00
  -620.700  0.000000E+00  0.000000E+00  0.000000E+00  0.000000E+00  0.000000E+00
  -620.600  0.000000E+00  0.000000E+00  0.000000E+00  0.000000E+00  0.000000E+00
  -620.500  0.000000E+00  0.000000E+00  0.000000E+00  0.000000E+00  0.000000E+00
  -620.400  0.000000E+00  0.000000E+00  0.000000E+00  0.000000E+00  0.000000E+00
  -620.300  0.000000E+00  0.000000E+00  0.000000E+00  0.000000E+00  0.000000E+00
  -620.200  0.000000E+00  0.000000E+00  0.000000E+00  0.000000E+00  0.000000E+00
  -620.100  0.000000E+00  0.000000E+00  0.000000E+00  0.000000E+00  0.000000E+00
  -620.000  0.000000E+00  0.000000E+00  0.000000E+00  0.000000E+00  0.000000E+00
