-656.6555550520147 -657.5246283915653 -657.546945839531 -649.8456745248815 -650.0458892474085
-659.2009599249155 -657.3269528400313 -656.4956694738114 -657.7875870444748 -657.4425179619788
-656.9715121200663 -656.9199580601676 -656.9199580601676 -656.9715121200663 -650.5735026089322
-657.8648243206447 -656.036895711819 -657.6394183444817 -656.6382867529179 -648.9168470508807
-658.7785844098407 -658.7785844098407 -658.7614450347121 -657.8146605991803 -659.0067186427738
-656.6762418385617 -657.5344698893321 -648.9859690729589 -655.4091705362293 -657.089072852897
-657.3643383243802 -657.3643383243802 -655.9021349890957 -656.4163226019028 -655.9021349890957
-659.3903919452237 -659.3903919452237 -655.3198847272115 -649.5488972733157 -655.3198847272115
-656.4164036559637 -658.3193400142889 -657.7859527298092 -657.7859527298092 -656.4164036559637
-659.8209617521424 -660.2306553116192 -657.7547836931346 -659.1955382187889 -657.3279607622452
-656.8678124034293 -654.984660845581 -655.3818371552395 -658.8239587715688 -654.984660845581
-658.3481363051833 -658.0455819501353 -658.3264095950346 -658.0749819529261 -658.5200348013401
-658.0365041032131 -648.7401536021029 -657.3722797583312 -657.3722797583312 -648.7401536021029
-657.1321472326113 -657.6899971649341 -656.7391886921938 -657.6899971649341 -649.0814597396923
-656.303506165174 -661.293421667378 -656.303524205127 -661.293477522469 -649.406173218042
-656.9851958580913 -658.6506384270876 -656.2843413931703 -648.9239405799746 -656.9721051181242
-659.2022900470896 -657.4698539819738 -658.4104396263439 -648.9351985491941 -655.1291580060756
-660.5039524300338 -660.0680149867451 -657.3851408262407 -656.1745010183182 -656.2431877953421
-657.2742412295734 -659.4983549123186 -656.9454117566721 -656.11099301274 -648.7135140777424
-654.7190573799272 -655.9232342762119 -655.9646830491395 -655.5890397539557 -655.6901475094452
-656.9825604062399 -659.0615801600588 -659.0790855806107 -658.3559982591951 -657.431772939183
-657.36038253634 -654.551726013863 -654.551118765566 -653.750081234904 -653.75092682286
-659.4966086189687 -657.761747913937 -659.4602999902144 -656.5935523729806 -657.9484981815691
-658.7932758018743 -660.798295636824 -660.9391028526334 -658.7932758018743 -658.7932758018743
-654.7970130200999 -658.0486015648297 -657.5777438863171 -657.6368502469435 -657.0283402121553
-656.9337746753583 -654.2357613316557 -655.4173512599182 -656.5544561447954 -654.5102103931164
-658.7098556652506 -657.0359952798742 -657.0399334237986 -656.7110462082875 -648.7087791317043
-656.7436655032855 -656.8336256462148 -656.8336256462148 -659.0535782928541 -659.0535782928541
-656.3110587126403 -649.6315205709467 -656.1907592173212 -650.5308131309066 -655.7293349524992
-658.0175291430071 -658.0175291430071 -649.7947715706738 -649.7947715706738 -658.3181891376137
-656.898989926108 -656.898989926108 -657.7406578092007 -651.2209161821921 -657.7406578092007
-659.5910596728343 -658.5399266050034 -657.3242460325523 -658.5670793930097 -659.4573326658248
-656.3232603984617 -658.4268789544774 -659.6784500994341 -659.1417327543343 -658.0565507376252
-653.8822379298831 -653.8822379298831 -654.0788189343319 -654.0788189343319 -655.096706521297
-652.2759762424088 -657.3780064565831 -649.3086961696038 -656.6162049280651 -649.4023232424082
