
 ____________________________________________________________________________________________
 Temperature: T =    300.00000000000000      K
 Chemical potential: mu =   -750.45010650415725      eV
 Composition: x =   0.12500000001148234     

  n      m     omega(n,m)       E(n,m)          E-n*mu         prob(n,m,T)   prob(n,m,T)/omega    
  1      1       16           -61809.52206      -61059.07195    0.295728E+00    0.184830E-01
  2      1       48           -62559.91747      -61059.01726    0.106964E+00    0.222841E-02
  2      2       24           -62559.92649      -61059.02628    0.758029E-01    0.315846E-02
  2      3       48           -62559.93679      -61059.03657    0.225778E+00    0.470370E-02
  3      1       48           -63310.31227      -61058.96195    0.125901E-01    0.262293E-03
  3      2       32           -63310.31342      -61058.96310    0.877723E-02    0.274288E-03
  3      3       96           -63310.32148      -61058.97116    0.359581E-01    0.374563E-03
  3      4      192           -63310.33108      -61058.98076    0.104268E+00    0.543061E-03
  3      5       96           -63310.33003      -61058.97971    0.500491E-01    0.521345E-03
  3      6       48           -63310.32923      -61058.97891    0.242686E-01    0.505596E-03
  3      7       32           -63310.36223      -61059.01191    0.579845E-01    0.181202E-02
  3      8       16           -63310.29084      -61058.94052    0.183239E-02    0.114524E-03
 ------------------------------
  n      Cumulative prob(n,T) 
     1            0.29573
     2            0.40854
     3            0.29573
 ------------------------------

 ____________________________________________________________________________________________
 Temperature: T =    873.00000000000000      K
 Chemical potential: mu =   -750.53676982707134      eV
 Composition: x =   0.12499999999109282     

  n      m     omega(n,m)       E(n,m)          E-n*mu         prob(n,m,T)   prob(n,m,T)/omega    
  1      1       16           -61809.52206      -61058.98529    0.302217E+00    0.188885E-01
  2      1       48           -62559.91747      -61058.84393    0.138486E+00    0.288513E-02
  2      2       24           -62559.92649      -61058.85295    0.780606E-01    0.325252E-02
  2      3       48           -62559.93679      -61058.86325    0.179019E+00    0.372957E-02
  3      1       48           -63310.31227      -61058.70196    0.209792E-01    0.437068E-03
  3      2       32           -63310.31342      -61058.70311    0.142027E-01    0.443835E-03
  3      3       96           -63310.32148      -61058.71117    0.474236E-01    0.493996E-03
  3      4      192           -63310.33108      -61058.72077    0.107761E+00    0.561255E-03
  3      5       96           -63310.33003      -61058.71972    0.531302E-01    0.553439E-03
  3      6       48           -63310.32923      -61058.71892    0.262865E-01    0.547636E-03
  3      7       32           -63310.36223      -61058.75192    0.271734E-01    0.849167E-03
  3      8       16           -63310.29084      -61058.68053    0.526011E-02    0.328757E-03
 ------------------------------
  n      Cumulative prob(n,T) 
     1            0.30222
     2            0.39557
     3            0.30222
 ------------------------------

 ____________________________________________________________________________________________
 Temperature: T =    1273.0000000000000      K
 Chemical potential: mu =   -750.59788029725928      eV
 Composition: x =   0.12499999999224956     

  n      m     omega(n,m)       E(n,m)          E-n*mu         prob(n,m,T)   prob(n,m,T)/omega    
  1      1       16           -61809.52206      -61058.92418    0.303406E+00    0.189629E-01
  2      1       48           -62559.91747      -61058.72171    0.143744E+00    0.299467E-02
  2      2       24           -62559.92649      -61058.73073    0.780294E-01    0.325122E-02
  2      3       48           -62559.93679      -61058.74103    0.171415E+00    0.357115E-02
  3      1       48           -63310.31227      -61058.51863    0.225723E-01    0.470257E-03
  3      2       32           -63310.31342      -61058.51978    0.152076E-01    0.475239E-03
  3      3       96           -63310.32148      -61058.52784    0.490990E-01    0.511448E-03
  3      4      192           -63310.33108      -61058.53744    0.107182E+00    0.558238E-03
  3      5       96           -63310.33003      -61058.53639    0.530779E-01    0.552895E-03
  3      6       48           -63310.32923      -61058.53559    0.263478E-01    0.548913E-03
  3      7       32           -63310.36223      -61058.56859    0.237299E-01    0.741559E-03
  3      8       16           -63310.29084      -61058.49720    0.618931E-02    0.386832E-03
 ------------------------------
  n      Cumulative prob(n,T) 
     1            0.30341
     2            0.39319
     3            0.30341
 ------------------------------

 ____________________________________________________________________________________________
 Temperature: T =    1673.0000000000000      K
 Chemical potential: mu =   -750.65907100503978      eV
 Composition: x =   0.12499999999113273     

  n      m     omega(n,m)       E(n,m)          E-n*mu         prob(n,m,T)   prob(n,m,T)/omega    
  1      1       16           -61809.52206      -61058.86299    0.304030E+00    0.190019E-01
  2      1       48           -62559.91747      -61058.59933    0.146486E+00    0.305179E-02
  2      2       24           -62559.92649      -61058.60835    0.779702E-01    0.324876E-02
  2      3       48           -62559.93679      -61058.61864    0.167484E+00    0.348926E-02
  3      1       48           -63310.31227      -61058.33505    0.234252E-01    0.488025E-03
  3      2       32           -63310.31342      -61058.33621    0.157425E-01    0.491953E-03
  3      3       96           -63310.32148      -61058.34426    0.499413E-01    0.520222E-03
  3      4      192           -63310.33108      -61058.35387    0.106762E+00    0.556054E-03
  3      5       96           -63310.33003      -61058.35281    0.529920E-01    0.552000E-03
  3      6       48           -63310.32923      -61058.35202    0.263507E-01    0.548972E-03
  3      7       32           -63310.36223      -61058.38502    0.220855E-01    0.690172E-03
  3      8       16           -63310.29084      -61058.31363    0.673018E-02    0.420636E-03
 ------------------------------
  n      Cumulative prob(n,T) 
     1            0.30403
     2            0.39194
     3            0.30403
 ------------------------------

 ____________________________________________________________________________________________
 Ideal disorder limit
 Composition: x =   0.12499999999999994     
  n      m     omega(n,m)     E(n,m)                           prob(n,m,T)   prob(n,m,T)/omega    
  1      1       16           -61809.52206                    0.304348E+00    0.190217E-01
  2      1       48           -62559.91747                    0.156522E+00    0.326087E-02
  2      2       24           -62559.92649                    0.782609E-01    0.326087E-02
  2      3       48           -62559.93679                    0.156522E+00    0.326087E-02
  3      1       48           -63310.31227                    0.260870E-01    0.543478E-03
  3      2       32           -63310.31342                    0.173913E-01    0.543478E-03
  3      3       96           -63310.32148                    0.521739E-01    0.543478E-03
  3      4      192           -63310.33108                    0.104348E+00    0.543478E-03
  3      5       96           -63310.33003                    0.521739E-01    0.543478E-03
  3      6       48           -63310.32923                    0.260870E-01    0.543478E-03
  3      7       32           -63310.36223                    0.173913E-01    0.543478E-03
  3      8       16           -63310.29084                    0.869565E-02    0.543478E-03
