Structure,Energy,Nucleus,delta_iso
01,-67812.762956,Sn01,660.598842349
01,-67812.762956,Sn02,657.625646571
01,-67812.762956,Sn03,657.625606807
01,-67812.762956,Sn04,657.625416679
01,-67812.762956,Sn05,657.624801826
01,-67812.762956,Sn06,660.598714993
01,-67812.762956,Sn07,657.625838415
01,-67812.762956,Sn08,657.625901896
01,-67812.762956,Sn09,660.598685281
02,-67812.806794,Sn01,657.054507537
02,-67812.806794,Sn02,658.664730021
02,-67812.806794,Sn03,658.665015131
02,-67812.806794,Sn04,657.058708321
02,-67812.806794,Sn05,657.057973445
02,-67812.806794,Sn06,660.081352442
02,-67812.806794,Sn07,651.750923499
02,-67812.806794,Sn08,651.750294098
02,-67812.806794,Sn09,660.086483355
03,-67812.779045,Sn01,656.239199509
03,-67812.779045,Sn02,660.826986737
03,-67812.779045,Sn03,659.230094864
03,-67812.779045,Sn04,656.590267657
03,-67812.779045,Sn05,657.959575532
03,-67812.779045,Sn06,659.230786255
03,-67812.779045,Sn07,659.574232245
03,-67812.779045,Sn08,658.086880622
03,-67812.779045,Sn09,651.405618179
04,-67812.760044,Sn01,658.54055154
04,-67812.760044,Sn02,660.264488833
04,-67812.760044,Sn03,658.527107515
04,-67812.760044,Sn04,658.925017291
04,-67812.760044,Sn05,656.510651236
04,-67812.760044,Sn06,658.616729267
04,-67812.760044,Sn07,657.90155907
04,-67812.760044,Sn08,659.245043571
04,-67812.760044,Sn09,660.045830352
05,-67812.791096,Sn01,657.821499754
05,-67812.791096,Sn02,661.243717004
05,-67812.791096,Sn03,658.14141836
05,-67812.791096,Sn04,652.069773724
05,-67812.791096,Sn05,655.665399554
05,-67812.791096,Sn06,659.666056023
05,-67812.791096,Sn07,658.164263003
05,-67812.791096,Sn08,657.794272172
05,-67812.791096,Sn09,660.003401845
06,-67812.776693,Sn01,656.354850096
06,-67812.776693,Sn02,653.72551075
06,-67812.776693,Sn03,660.172480684
06,-67812.776693,Sn04,658.97283588
06,-67812.776693,Sn05,657.393015695
06,-67812.776693,Sn06,658.245468707
06,-67812.776693,Sn07,659.349535401
06,-67812.776693,Sn08,657.137636633
06,-67812.776693,Sn09,659.091325875
07,-67812.786883,Sn01,660.216087944
07,-67812.786883,Sn02,656.665111168
07,-67812.786883,Sn03,658.683702317
07,-67812.786883,Sn04,656.930445503
07,-67812.786883,Sn05,658.402282176
07,-67812.786883,Sn06,658.511266039
07,-67812.786883,Sn07,652.646701331
07,-67812.786883,Sn08,658.653994641
07,-67812.786883,Sn09,658.539960585
08,-67812.808266,Sn01,657.902081558
08,-67812.808266,Sn02,657.177843531
08,-67812.808266,Sn03,656.73112032
08,-67812.808266,Sn04,658.276520944
08,-67812.808266,Sn05,656.254166423
08,-67812.808266,Sn06,650.910850068
08,-67812.808266,Sn07,651.624046722
08,-67812.808266,Sn08,661.053795872
08,-67812.808266,Sn09,658.003105462
09,-67812.815657,Sn01,658.63266386
09,-67812.815657,Sn02,658.632826764
09,-67812.815657,Sn03,656.270552478
09,-67812.815657,Sn04,651.48773703
09,-67812.815657,Sn05,656.270985309
09,-67812.815657,Sn06,659.135177961
09,-67812.815657,Sn07,651.487564343
09,-67812.815657,Sn08,659.135691809
09,-67812.815657,Sn09,658.686262871
10,-67812.809768,Sn01,659.058753674
10,-67812.809768,Sn02,657.418301576
10,-67812.809768,Sn03,658.575945017
10,-67812.809768,Sn04,659.182940594
10,-67812.809768,Sn05,657.547075917
10,-67812.809768,Sn06,658.98430867
10,-67812.809768,Sn07,658.998502582
10,-67812.809768,Sn08,658.639028087
10,-67812.809768,Sn09,657.843678188
11,-67812.799676,Sn01,659.394124906
11,-67812.799676,Sn02,658.064329783
11,-67812.799676,Sn03,658.458099275
11,-67812.799676,Sn04,658.080316946
11,-67812.799676,Sn05,659.207305472
11,-67812.799676,Sn06,656.459501218
11,-67812.799676,Sn07,659.707764478
11,-67812.799676,Sn08,650.932242131
11,-67812.799676,Sn09,658.234450817
12,-67812.758436,Sn01,658.101114487
12,-67812.758436,Sn02,658.104025873
12,-67812.758436,Sn03,658.114763456
12,-67812.758436,Sn04,659.297785674
12,-67812.758436,Sn05,658.235104527
12,-67812.758436,Sn06,658.112279609
12,-67812.758436,Sn07,659.297848339
12,-67812.758436,Sn08,658.240729045
12,-67812.758436,Sn09,659.339241253
13,-67812.761318,Sn01,659.310572639
13,-67812.761318,Sn02,659.311099843
13,-67812.761318,Sn03,659.386711719
13,-67812.761318,Sn04,657.067455968
13,-67812.761318,Sn05,659.678914481
13,-67812.761318,Sn06,657.067971482
13,-67812.761318,Sn07,659.386665146
13,-67812.761318,Sn08,659.678892344
13,-67812.761318,Sn09,656.405660625
14,-67812.804336,Sn01,659.00593836
14,-67812.804336,Sn02,657.259910191
14,-67812.804336,Sn03,657.075832064
14,-67812.804336,Sn04,657.614115663
14,-67812.804336,Sn05,658.092146087
14,-67812.804336,Sn06,657.13270695
14,-67812.804336,Sn07,653.25226123
14,-67812.804336,Sn08,651.282502802
14,-67812.804336,Sn09,658.328286965
15,-67812.814207,Sn01,659.20244881
15,-67812.814207,Sn02,659.202996601
15,-67812.814207,Sn03,656.674539537
15,-67812.814207,Sn04,660.020363926
15,-67812.814207,Sn05,656.674244964
15,-67812.814207,Sn06,660.020350543
15,-67812.814207,Sn07,651.434011792
15,-67812.814207,Sn08,651.433700589
15,-67812.814207,Sn09,658.912251804
16,-67812.826112,Sn01,657.297537303
16,-67812.826112,Sn02,657.29790467
16,-67812.826112,Sn03,659.862548322
16,-67812.826112,Sn04,658.078368945
16,-67812.826112,Sn05,658.078682063
16,-67812.826112,Sn06,659.862746137
16,-67812.826112,Sn07,657.471885048
16,-67812.826112,Sn08,650.752740316
16,-67812.826112,Sn09,657.47245223
17,-67812.758729,Sn01,660.158229368
17,-67812.758729,Sn02,657.051431891
17,-67812.758729,Sn03,660.265415949
17,-67812.758729,Sn04,659.609902354
17,-67812.758729,Sn05,659.609664669
17,-67812.758729,Sn06,658.250863239
17,-67812.758729,Sn07,659.773017367
17,-67812.758729,Sn08,659.773349172
17,-67812.758729,Sn09,658.251404084
18,-67812.757304,Sn01,658.616213654
18,-67812.757304,Sn02,658.616671596
18,-67812.757304,Sn03,660.340448352
18,-67812.757304,Sn04,658.525838041
18,-67812.757304,Sn05,658.525956781
18,-67812.757304,Sn06,657.241103725
18,-67812.757304,Sn07,659.978867747
18,-67812.757304,Sn08,659.979362365
18,-67812.757304,Sn09,660.166681446
19,-67812.775665,Sn01,658.694917472
19,-67812.775665,Sn02,658.694988257
19,-67812.775665,Sn03,660.547734807
19,-67812.775665,Sn04,657.128904406
19,-67812.775665,Sn05,657.129009182
19,-67812.775665,Sn06,658.694684605
19,-67812.775665,Sn07,652.914917147
19,-67812.775665,Sn08,658.383758268
19,-67812.775665,Sn09,658.695180602
20,-67812.769414,Sn01,659.671556941
20,-67812.769414,Sn02,658.012979047
20,-67812.769414,Sn03,660.69326586
20,-67812.769414,Sn04,659.366938339
20,-67812.769414,Sn05,655.628039874
20,-67812.769414,Sn06,660.072419543
20,-67812.769414,Sn07,659.841537126
20,-67812.769414,Sn08,658.24373256
20,-67812.769414,Sn09,659.303210009
21,-67812.794877,Sn01,657.882967202
21,-67812.794877,Sn02,655.917600446
21,-67812.794877,Sn03,653.389827372
21,-67812.794877,Sn04,658.170379918
21,-67812.794877,Sn05,658.130253771
21,-67812.794877,Sn06,651.185664595
21,-67812.794877,Sn07,657.775971745
21,-67812.794877,Sn08,657.17276966
21,-67812.794877,Sn09,659.370259874
22,-67812.778496,Sn01,657.967021571
22,-67812.778496,Sn02,655.902287666
22,-67812.778496,Sn03,652.383179069
22,-67812.778496,Sn04,658.536870292
22,-67812.778496,Sn05,659.345523761
22,-67812.778496,Sn06,658.156531402
22,-67812.778496,Sn07,656.857884793
22,-67812.778496,Sn08,658.920222209
22,-67812.778496,Sn09,658.495070121
23,-67812.788101,Sn01,650.583345111
23,-67812.788101,Sn02,658.103242138
23,-67812.788101,Sn03,660.463568247
23,-67812.788101,Sn04,655.57233545
23,-67812.788101,Sn05,659.128146967
23,-67812.788101,Sn06,657.531456567
23,-67812.788101,Sn07,657.202627056
23,-67812.788101,Sn08,660.071692548
23,-67812.788101,Sn09,658.298259651
24,-67812.786959,Sn01,658.225627752
24,-67812.786959,Sn02,657.752171041
24,-67812.786959,Sn03,653.278770593
24,-67812.786959,Sn04,657.411361347
24,-67812.786959,Sn05,660.448411562
24,-67812.786959,Sn06,656.359538558
24,-67812.786959,Sn07,661.402701284
24,-67812.786959,Sn08,657.216541978
24,-67812.786959,Sn09,658.539445639
25,-67812.778022,Sn01,659.849285238
25,-67812.778022,Sn02,659.849634372
25,-67812.778022,Sn03,661.400734188
25,-67812.778022,Sn04,658.68807522
25,-67812.778022,Sn05,658.686098632
25,-67812.778022,Sn06,658.688148121
25,-67812.778022,Sn07,658.685812288
25,-67812.778022,Sn08,658.398528444
25,-67812.778022,Sn09,658.398912622
26,-67812.791646,Sn01,655.886073851
26,-67812.791646,Sn02,655.886715101
26,-67812.791646,Sn03,645.816360343
26,-67812.791646,Sn04,659.329681581
26,-67812.791646,Sn05,659.329495216
26,-67812.791646,Sn06,659.33022706
26,-67812.791646,Sn07,659.32974087
26,-67812.791646,Sn08,657.634865332
26,-67812.791646,Sn09,657.635796814
27,-67812.818610,Sn01,648.832692383
27,-67812.818610,Sn02,648.800613483
27,-67812.818610,Sn03,647.350987829
27,-67812.818610,Sn04,660.430440486
27,-67812.818610,Sn05,658.218901638
27,-67812.818610,Sn06,661.330353025
27,-67812.818610,Sn07,651.899766564
27,-67812.818610,Sn08,660.631498767
27,-67812.818610,Sn09,649.767945583
28,-67812.839255,Sn01,647.283325312
28,-67812.839255,Sn02,648.5456996
28,-67812.839255,Sn03,647.656411936
28,-67812.839255,Sn04,658.540100302
28,-67812.839255,Sn05,658.322634983
28,-67812.839255,Sn06,660.151322613
28,-67812.839255,Sn07,651.6526511
28,-67812.839255,Sn08,661.21901089
28,-67812.839255,Sn09,642.575507355
29,-67812.835861,Sn01,647.644524966
29,-67812.835861,Sn02,648.971995074
29,-67812.835861,Sn03,649.315825453
29,-67812.835861,Sn04,656.745565297
29,-67812.835861,Sn05,659.769887131
29,-67812.835861,Sn06,652.683813781
29,-67812.835861,Sn07,654.011097354
29,-67812.835861,Sn08,659.770639616
29,-67812.835861,Sn09,650.857113993
30,-67812.848810,Sn01,648.850931031
30,-67812.848810,Sn02,648.851225564
30,-67812.848810,Sn03,647.062664507
30,-67812.848810,Sn04,659.042394627
30,-67812.848810,Sn05,660.218211362
30,-67812.848810,Sn06,651.384590848
30,-67812.848810,Sn07,651.384713039
30,-67812.848810,Sn08,659.042282388
30,-67812.848810,Sn09,651.647862243
31,-67812.841790,Sn01,647.169977798
31,-67812.841790,Sn02,649.040274164
31,-67812.841790,Sn03,649.305734186
31,-67812.841790,Sn04,657.271765524
31,-67812.841790,Sn05,660.073326338
31,-67812.841790,Sn06,660.479186032
31,-67812.841790,Sn07,659.595518519
31,-67812.841790,Sn08,658.512826544
31,-67812.841790,Sn09,649.900708586
32,-67812.838734,Sn01,647.703121418
32,-67812.838734,Sn02,641.523867852
32,-67812.838734,Sn03,647.666167345
32,-67812.838734,Sn04,658.39831034
32,-67812.838734,Sn05,661.063474299
32,-67812.838734,Sn06,658.523207793
32,-67812.838734,Sn07,659.682283524
32,-67812.838734,Sn08,651.251545005
32,-67812.838734,Sn09,649.078644202
33,-67812.817906,Sn01,656.308906467
33,-67812.817906,Sn02,657.713624394
33,-67812.817906,Sn03,658.128236865
33,-67812.817906,Sn04,655.964045056
33,-67812.817906,Sn05,652.445156139
33,-67812.817906,Sn06,657.958801825
33,-67812.817906,Sn07,661.043367704
33,-67812.817906,Sn08,650.955074327
33,-67812.817906,Sn09,658.309605357
34,-67812.757995,Sn01,658.241471905
34,-67812.757995,Sn02,658.253703697
34,-67812.757995,Sn03,658.358503136
34,-67812.757995,Sn04,661.772715296
34,-67812.757995,Sn05,660.723045555
34,-67812.757995,Sn06,659.68589853
34,-67812.757995,Sn07,659.778385911
34,-67812.757995,Sn08,657.539168199
34,-67812.757995,Sn09,657.526770484
35,-67812.776495,Sn01,657.120554729
35,-67812.776495,Sn02,657.119217577
35,-67812.776495,Sn03,659.093229288
35,-67812.776495,Sn04,658.143579204
35,-67812.776495,Sn05,660.416334577
35,-67812.776495,Sn06,659.09496776
35,-67812.776495,Sn07,660.416367345
35,-67812.776495,Sn08,658.14399977
35,-67812.776495,Sn09,651.017275861
36,-67812.794965,Sn01,656.966943757
36,-67812.794965,Sn02,656.24566397
36,-67812.794965,Sn03,658.848872887
36,-67812.794965,Sn04,655.452630624
36,-67812.794965,Sn05,660.533795814
36,-67812.794965,Sn06,651.568228486
36,-67812.794965,Sn07,652.891672073
36,-67812.794965,Sn08,656.787090043
36,-67812.794965,Sn09,658.968961262
37,-67812.788962,Sn01,658.260092085
37,-67812.788962,Sn02,658.259471809
37,-67812.788962,Sn03,659.636021939
37,-67812.788962,Sn04,655.745568423
37,-67812.788962,Sn05,652.041059088
37,-67812.788962,Sn06,659.876604814
37,-67812.788962,Sn07,659.635781832
37,-67812.788962,Sn08,659.876550041
37,-67812.788962,Sn09,655.745946935
38,-67812.826544,Sn01,649.112572669
38,-67812.826544,Sn02,647.159790054
38,-67812.826544,Sn03,659.949697381
38,-67812.826544,Sn04,648.233263409
38,-67812.826544,Sn05,658.959289906
38,-67812.826544,Sn06,661.550314747
38,-67812.826544,Sn07,659.242265729
38,-67812.826544,Sn08,651.012297836
38,-67812.826544,Sn09,642.322255278
39,-67812.805761,Sn01,648.394755128
39,-67812.805761,Sn02,648.380505683
39,-67812.805761,Sn03,659.486899539
39,-67812.805761,Sn04,650.537439316
39,-67812.805761,Sn05,660.948224227
39,-67812.805761,Sn06,653.679260547
39,-67812.805761,Sn07,660.39920015
39,-67812.805761,Sn08,658.58508126
39,-67812.805761,Sn09,649.108357093
40,-67812.806158,Sn01,649.192974611
40,-67812.806158,Sn02,649.19271128
40,-67812.806158,Sn03,661.56422124
40,-67812.806158,Sn04,649.009539071
40,-67812.806158,Sn05,653.511505183
40,-67812.806158,Sn06,658.908600495
40,-67812.806158,Sn07,661.564340497
40,-67812.806158,Sn08,658.90857111
40,-67812.806158,Sn09,649.191901576
41,-67812.827908,Sn01,647.240522051
41,-67812.827908,Sn02,647.838735853
41,-67812.827908,Sn03,659.738624828
41,-67812.827908,Sn04,651.205016968
41,-67812.827908,Sn05,658.601107754
41,-67812.827908,Sn06,652.184245661
41,-67812.827908,Sn07,660.661910806
41,-67812.827908,Sn08,658.885071084
41,-67812.827908,Sn09,642.222738222
42,-67812.810067,Sn01,656.720170959
42,-67812.810067,Sn02,656.720176024
42,-67812.810067,Sn03,660.931631778
42,-67812.810067,Sn04,658.738485073
42,-67812.810067,Sn05,657.951348298
42,-67812.810067,Sn06,658.909823436
42,-67812.810067,Sn07,660.931657553
42,-67812.810067,Sn08,658.909721366
42,-67812.810067,Sn09,657.951396687
43,-67812.846002,Sn01,646.30441768
43,-67812.846002,Sn02,646.304420153
43,-67812.846002,Sn03,652.624909922
43,-67812.846002,Sn04,642.750428981
43,-67812.846002,Sn05,656.2652669
43,-67812.846002,Sn06,660.419540144
43,-67812.846002,Sn07,652.62452154
43,-67812.846002,Sn08,656.265163585
43,-67812.846002,Sn09,650.287469156
44,-67812.807587,Sn01,656.106353372
44,-67812.807587,Sn02,655.548294678
44,-67812.807587,Sn03,660.298861024
44,-67812.807587,Sn04,660.302775748
44,-67812.807587,Sn05,654.947485121
44,-67812.807587,Sn06,652.632087061
44,-67812.807587,Sn07,652.503011449
44,-67812.807587,Sn08,659.780825956
44,-67812.807587,Sn09,655.963074755
45,-67812.788584,Sn01,658.174211381
45,-67812.788584,Sn02,659.002245348
45,-67812.788584,Sn03,656.636649869
45,-67812.788584,Sn04,659.060606041
45,-67812.788584,Sn05,658.247034973
45,-67812.788584,Sn06,656.857671334
45,-67812.788584,Sn07,652.764613751
45,-67812.788584,Sn08,659.791036051
45,-67812.788584,Sn09,655.967536348
46,-67812.785349,Sn01,657.348520659
46,-67812.785349,Sn02,658.377528371
46,-67812.785349,Sn03,658.827742002
46,-67812.785349,Sn04,657.971619339
46,-67812.785349,Sn05,658.499567956
46,-67812.785349,Sn06,656.95643286
46,-67812.785349,Sn07,652.846201594
46,-67812.785349,Sn08,660.56025448
46,-67812.785349,Sn09,658.529995357
47,-67812.801439,Sn01,657.583345486
47,-67812.801439,Sn02,658.167138168
47,-67812.801439,Sn03,659.050034642
47,-67812.801439,Sn04,656.619737213
47,-67812.801439,Sn05,658.181842821
47,-67812.801439,Sn06,658.582827949
47,-67812.801439,Sn07,645.832072417
47,-67812.801439,Sn08,659.04216821
47,-67812.801439,Sn09,657.574465772
48,-67812.827127,Sn01,656.084910324
48,-67812.827127,Sn02,659.391704756
48,-67812.827127,Sn03,656.098900608
48,-67812.827127,Sn04,657.656381919
48,-67812.827127,Sn05,659.379014122
48,-67812.827127,Sn06,651.775706562
48,-67812.827127,Sn07,656.919886255
48,-67812.827127,Sn08,658.166177473
48,-67812.827127,Sn09,658.080508946
49,-67812.795517,Sn01,658.690684327
49,-67812.795517,Sn02,660.180565942
49,-67812.795517,Sn03,658.612539045
49,-67812.795517,Sn04,656.270047947
49,-67812.795517,Sn05,660.270222542
49,-67812.795517,Sn06,658.751878008
49,-67812.795517,Sn07,658.149856396
49,-67812.795517,Sn08,652.861518308
49,-67812.795517,Sn09,659.153515736
50,-67812.835464,Sn01,649.73324312
50,-67812.835464,Sn02,648.35511603
50,-67812.835464,Sn03,659.592677131
50,-67812.835464,Sn04,648.171797835
50,-67812.835464,Sn05,657.303308389
50,-67812.835464,Sn06,658.958382605
50,-67812.835464,Sn07,651.797525004
50,-67812.835464,Sn08,653.840085298
50,-67812.835464,Sn09,649.139480209
51,-67812.815851,Sn01,649.505421783
51,-67812.815851,Sn02,650.551898324
51,-67812.815851,Sn03,659.564323383
51,-67812.815851,Sn04,648.701237136
51,-67812.815851,Sn05,658.797322247
51,-67812.815851,Sn06,660.91091474
51,-67812.815851,Sn07,653.415537717
51,-67812.815851,Sn08,660.981550348
51,-67812.815851,Sn09,648.287028661
52,-67812.846222,Sn01,641.973727991
52,-67812.846222,Sn02,649.052381424
52,-67812.846222,Sn03,659.388178636
52,-67812.846222,Sn04,647.229113813
52,-67812.846222,Sn05,658.881961035
52,-67812.846222,Sn06,658.886427432
52,-67812.846222,Sn07,651.901350591
52,-67812.846222,Sn08,661.184338782
52,-67812.846222,Sn09,648.052915455
53,-67812.856838,Sn01,649.230600947
53,-67812.856838,Sn02,642.348008136
53,-67812.856838,Sn03,656.807841119
53,-67812.856838,Sn04,648.142430714
53,-67812.856838,Sn05,652.252667997
53,-67812.856838,Sn06,657.731032632
53,-67812.856838,Sn07,659.73151071
53,-67812.856838,Sn08,651.411218405
53,-67812.856838,Sn09,647.256321537
54,-67812.819052,Sn01,647.984686681
54,-67812.819052,Sn02,648.487848495
54,-67812.819052,Sn03,660.869865501
54,-67812.819052,Sn04,649.556196046
54,-67812.819052,Sn05,657.950518366
54,-67812.819052,Sn06,658.395714874
54,-67812.819052,Sn07,653.129071772
54,-67812.819052,Sn08,660.721084368
54,-67812.819052,Sn09,648.962437991
55,-67812.827436,Sn01,649.373740447
55,-67812.827436,Sn02,648.521230318
55,-67812.827436,Sn03,660.609759802
55,-67812.827436,Sn04,647.178319813
55,-67812.827436,Sn05,660.557602609
55,-67812.827436,Sn06,658.987913823
55,-67812.827436,Sn07,651.320494771
55,-67812.827436,Sn08,661.163699309
55,-67812.827436,Sn09,650.184187851
56,-67812.841617,Sn01,647.427610869
56,-67812.841617,Sn02,649.33359904
56,-67812.841617,Sn03,659.45604456
56,-67812.841617,Sn04,651.343177471
56,-67812.841617,Sn05,658.964528995
56,-67812.841617,Sn06,659.172128534
56,-67812.841617,Sn07,657.237009613
56,-67812.841617,Sn08,661.095826022
56,-67812.841617,Sn09,649.147643026
57,-67812.856153,Sn01,647.084263558
57,-67812.856153,Sn02,642.186978491
57,-67812.856153,Sn03,658.841980892
57,-67812.856153,Sn04,648.680222438
57,-67812.856153,Sn05,651.677475433
57,-67812.856153,Sn06,657.713874671
57,-67812.856153,Sn07,657.553683355
57,-67812.856153,Sn08,651.582554383
57,-67812.856153,Sn09,649.483629842
58,-67812.812778,Sn01,657.904775692
58,-67812.812778,Sn02,658.356405252
58,-67812.812778,Sn03,651.087439114
58,-67812.812778,Sn04,659.001759004
58,-67812.812778,Sn05,658.228134137
58,-67812.812778,Sn06,656.899471053
58,-67812.812778,Sn07,659.071954807
58,-67812.812778,Sn08,651.117791561
58,-67812.812778,Sn09,661.177472333
59,-67812.860089,Sn01,647.07666894
59,-67812.860089,Sn02,649.260962129
59,-67812.860089,Sn03,658.992018687
59,-67812.860089,Sn04,642.491567945
59,-67812.860089,Sn05,657.780544221
59,-67812.860089,Sn06,658.814088602
59,-67812.860089,Sn07,660.032255943
59,-67812.860089,Sn08,658.952322483
59,-67812.860089,Sn09,648.593350435
60,-67812.838287,Sn01,647.601134711
60,-67812.838287,Sn02,642.279401086
60,-67812.838287,Sn03,659.336417355
60,-67812.838287,Sn04,648.570666861
60,-67812.838287,Sn05,659.334612927
60,-67812.838287,Sn06,659.544368601
60,-67812.838287,Sn07,658.5722144
60,-67812.838287,Sn08,653.624983484
60,-67812.838287,Sn09,647.125628708
61,-67812.848292,Sn01,649.199477482
61,-67812.848292,Sn02,649.782863147
61,-67812.848292,Sn03,659.06577603
61,-67812.848292,Sn04,649.56933985
61,-67812.848292,Sn05,660.089376407
61,-67812.848292,Sn06,658.381756448
61,-67812.848292,Sn07,661.761844178
61,-67812.848292,Sn08,658.702245991
61,-67812.848292,Sn09,649.5885064
62,-67812.805179,Sn01,659.104863502
62,-67812.805179,Sn02,657.837368418
62,-67812.805179,Sn03,660.391863235
62,-67812.805179,Sn04,658.037541047
62,-67812.805179,Sn05,658.518349929
62,-67812.805179,Sn06,659.539589665
62,-67812.805179,Sn07,659.091405499
62,-67812.805179,Sn08,651.075840353
62,-67812.805179,Sn09,658.965090302
63,-67812.857250,Sn01,647.502091005
63,-67812.857250,Sn02,642.904698029
63,-67812.857250,Sn03,657.644041171
63,-67812.857250,Sn04,650.608409385
63,-67812.857250,Sn05,660.279699897
63,-67812.857250,Sn06,660.616821329
63,-67812.857250,Sn07,660.251748223
63,-67812.857250,Sn08,657.771322796
63,-67812.857250,Sn09,647.75387114
64,-67812.814552,Sn01,656.916158305
64,-67812.814552,Sn02,650.595952707
64,-67812.814552,Sn03,658.402922091
64,-67812.814552,Sn04,658.349653186
64,-67812.814552,Sn05,658.402499692
64,-67812.814552,Sn06,662.163161848
64,-67812.814552,Sn07,656.916591106
64,-67812.814552,Sn08,658.979692087
64,-67812.814552,Sn09,650.596097979
65,-67812.796916,Sn01,656.31529067
65,-67812.796916,Sn02,657.135126156
65,-67812.796916,Sn03,658.188437719
65,-67812.796916,Sn04,651.198562743
65,-67812.796916,Sn05,658.431871896
65,-67812.796916,Sn06,651.248090299
65,-67812.796916,Sn07,657.36089009
65,-67812.796916,Sn08,658.250382734
65,-67812.796916,Sn09,658.5874014
66,-67812.810485,Sn01,648.679049751
66,-67812.810485,Sn02,650.092501881
66,-67812.810485,Sn03,658.515108787
66,-67812.810485,Sn04,660.487458
66,-67812.810485,Sn05,649.553226578
66,-67812.810485,Sn06,651.363896629
66,-67812.810485,Sn07,660.785728225
66,-67812.810485,Sn08,660.086330342
66,-67812.810485,Sn09,646.972503654
67,-67812.830630,Sn01,646.736998392
67,-67812.830630,Sn02,646.606046065
67,-67812.830630,Sn03,660.445282803
67,-67812.830630,Sn04,651.416916451
67,-67812.830630,Sn05,643.900684997
67,-67812.830630,Sn06,658.647376075
67,-67812.830630,Sn07,659.095681558
67,-67812.830630,Sn08,658.470046451
67,-67812.830630,Sn09,648.864987405
68,-67812.827199,Sn01,646.674598043
68,-67812.827199,Sn02,648.685325564
68,-67812.827199,Sn03,658.556171436
68,-67812.827199,Sn04,653.401568737
68,-67812.827199,Sn05,650.796725618
68,-67812.827199,Sn06,651.1920037
68,-67812.827199,Sn07,659.18558305
68,-67812.827199,Sn08,657.656686025
68,-67812.827199,Sn09,649.261277447
69,-67812.873385,Sn01,638.383059872
69,-67812.873385,Sn02,649.140784868
69,-67812.873385,Sn03,649.141067344
69,-67812.873385,Sn04,649.141184177
69,-67812.873385,Sn05,649.140757562
69,-67812.873385,Sn06,642.964461331
69,-67812.873385,Sn07,661.378221876
69,-67812.873385,Sn08,661.377971663
69,-67812.873385,Sn09,642.964056554
70,-67812.872065,Sn01,638.33562092
70,-67812.872065,Sn02,642.382594296
70,-67812.872065,Sn03,649.52487837
70,-67812.872065,Sn04,649.498870996
70,-67812.872065,Sn05,649.461103237
70,-67812.872065,Sn06,660.61621345
70,-67812.872065,Sn07,649.763563998
70,-67812.872065,Sn08,661.423277963
70,-67812.872065,Sn09,642.414959153
71,-67812.889361,Sn01,637.925682775
71,-67812.889361,Sn02,649.346470257
71,-67812.889361,Sn03,642.550240032
71,-67812.889361,Sn04,647.580369159
71,-67812.889361,Sn05,642.236447669
71,-67812.889361,Sn06,659.878063597
71,-67812.889361,Sn07,650.866358468
71,-67812.889361,Sn08,659.707536981
71,-67812.889361,Sn09,642.82078668
72,-67812.869151,Sn01,638.584498312
72,-67812.869151,Sn02,642.312549176
72,-67812.869151,Sn03,642.31214328
72,-67812.869151,Sn04,649.563752752
72,-67812.869151,Sn05,649.563529217
72,-67812.869151,Sn06,661.014645221
72,-67812.869151,Sn07,661.01413111
72,-67812.869151,Sn08,649.503510177
72,-67812.869151,Sn09,649.503947668
73,-67812.775175,Sn01,658.296471045
73,-67812.775175,Sn02,658.296752634
73,-67812.775175,Sn03,658.296843176
73,-67812.775175,Sn04,658.296856
73,-67812.775175,Sn05,660.199935554
73,-67812.775175,Sn06,660.199897177
73,-67812.775175,Sn07,660.199917161
73,-67812.775175,Sn08,660.200314522
73,-67812.775175,Sn09,657.456666456
74,-67812.805721,Sn01,651.245482169
74,-67812.805721,Sn02,656.005406677
74,-67812.805721,Sn03,658.982865622
74,-67812.805721,Sn04,656.529319039
74,-67812.805721,Sn05,658.982698795
74,-67812.805721,Sn06,651.245346964
74,-67812.805721,Sn07,656.318548203
74,-67812.805721,Sn08,660.30226915
74,-67812.805721,Sn09,656.319438644
75,-67812.845958,Sn01,648.36217595
75,-67812.845958,Sn02,659.563318888
75,-67812.845958,Sn03,658.300350642
75,-67812.845958,Sn04,641.435888201
75,-67812.845958,Sn05,658.247301936
75,-67812.845958,Sn06,647.945006715
75,-67812.845958,Sn07,653.928553058
75,-67812.845958,Sn08,659.498516598
75,-67812.845958,Sn09,648.062913161
76,-67812.860697,Sn01,641.265619099
76,-67812.860697,Sn02,656.617529128
76,-67812.860697,Sn03,659.031564364
76,-67812.860697,Sn04,648.280295659
76,-67812.860697,Sn05,657.344279017
76,-67812.860697,Sn06,649.170867722
76,-67812.860697,Sn07,659.677912365
76,-67812.860697,Sn08,658.786409367
76,-67812.860697,Sn09,648.812249688
77,-67812.854951,Sn01,642.660426439
77,-67812.854951,Sn02,656.991281829
77,-67812.854951,Sn03,652.681441221
77,-67812.854951,Sn04,646.70338856
77,-67812.854951,Sn05,659.928342841
77,-67812.854951,Sn06,650.922623185
77,-67812.854951,Sn07,652.291994814
77,-67812.854951,Sn08,657.058839279
77,-67812.854951,Sn09,646.920073094
78,-67812.876627,Sn01,649.584153251
78,-67812.876627,Sn02,642.462259788
78,-67812.876627,Sn03,649.584399648
78,-67812.876627,Sn04,642.461862558
78,-67812.876627,Sn05,649.584352783
78,-67812.876627,Sn06,649.584370072
78,-67812.876627,Sn07,661.83069606
78,-67812.876627,Sn08,661.831031644
78,-67812.876627,Sn09,638.991021414
79,-67812.898352,Sn01,649.357345396
79,-67812.898352,Sn02,642.198839171
79,-67812.898352,Sn03,642.19934046
79,-67812.898352,Sn04,649.357937002
79,-67812.898352,Sn05,649.051723226
79,-67812.898352,Sn06,643.476342012
79,-67812.898352,Sn07,659.242246917
79,-67812.898352,Sn08,659.242656773
79,-67812.898352,Sn09,639.322213432
80,-67812.801202,Sn01,656.060360277
80,-67812.801202,Sn02,659.150895676
80,-67812.801202,Sn03,659.150601889
80,-67812.801202,Sn04,656.060735662
80,-67812.801202,Sn05,659.250679667
80,-67812.801202,Sn06,658.659946282
80,-67812.801202,Sn07,659.250546106
80,-67812.801202,Sn08,658.659870049
80,-67812.801202,Sn09,656.265502414
81,-67812.891188,Sn01,649.663226805
81,-67812.891188,Sn02,649.924485895
81,-67812.891188,Sn03,649.663821209
81,-67812.891188,Sn04,649.92427517
81,-67812.891188,Sn05,647.532943174
81,-67812.891188,Sn06,647.533694417
81,-67812.891188,Sn07,650.370229802
81,-67812.891188,Sn08,652.422264426
81,-67812.891188,Sn09,650.371257898
82,-67812.845580,Sn01,658.435117692
82,-67812.845580,Sn02,656.510328092
82,-67812.845580,Sn03,658.435873351
82,-67812.845580,Sn04,656.510116201
82,-67812.845580,Sn05,658.435166595
82,-67812.845580,Sn06,658.434473755
82,-67812.845580,Sn07,659.383169565
82,-67812.845580,Sn08,656.719841426
82,-67812.845580,Sn09,659.383054816
