  x           300.0          873.0         1273.0         1673.0      Infinity
  -680.000  0.000000E+00  0.000000E+00  0.000000E+00  0.000000E+00  0.000000E+00
  -679.900  0.000000E+00  0.000000E+00  0.000000E+00  0.000000E+00  0.000000E+00
  -679.800  0.000000E+00  0.000000E+00  0.000000E+00  0.000000E+00  0.000000E+00
  -679.700  0.000000E+00  0.000000E+00  0.000000E+00  0.000000E+00  0.000000E+00
  -679.600  0.000000E+00  0.000000E+00  0.000000E+00  0.000000E+00  0.000000E+00
  -679.500  0.000000E+00  0.000000E+00  0.000000E+00  0.000000E+00  0.000000E+00
  -679.400  0.000000E+00  0.000000E+00  0.000000E+00  0.000000E+00  0.000000E+00
  -679.300  0.000000E+00  0.000000E+00  0.000000E+00  0.000000E+00  0.000000E+00
  -679.200  0.000000E+00  0.000000E+00  0.000000E+00  0.000000E+00  0.000000E+00
  -679.100  0.000000E+00  0.000000E+00  0.000000E+00  0.000000E+00  0.000000E+00
  -679.000  0.000000E+00  0.000000E+00  0.000000E+00  0.000000E+00  0.000000E+00
  -678.900  0.000000E+00  0.000000E+00  0.000000E+00  0.000000E+00  0.000000E+00
  -678.800  0.000000E+00  0.000000E+00  0.000000E+00  0.000000E+00  0.000000E+00
  -678.700  0.000000E+00  0.000000E+00  0.000000E+00  0.000000E+00  0.000000E+00
  -678.600  0.000000E+00  0.000000E+00  0.000000E+00  0.000000E+00  0.000000E+00
  -678.500  0.000000E+00  0.000000E+00  0.000000E+00  0.000000E+00  0.000000E+00
  -678.400  0.000000E+00  0.000000E+00  0.000000E+00  0.000000E+00  0.000000E+00
  -678.300  0.000000E+00  0.000000E+00  0.000000E+00  0.000000E+00  0.000000E+00
  -678.200  0.000000E+00  0.000000E+00  0.000000E+00  0.000000E+00  0.000000E+00
  -678.100  0.000000E+00  0.000000E+00  0.000000E+00  0.000000E+00  0.000000E+00
  -678.000  0.000000E+00  0.000000E+00  0.000000E+00  0.000000E+00  0.000000E+00
  -677.900  0.000000E+00  0.000000E+00  0.000000E+00  0.000000E+00  0.000000E+00
  -677.800  0.000000E+00  0.000000E+00  0.000000E+00  0.000000E+00  0.000000E+00
  -677.700  0.000000E+00  0.000000E+00  0.000000E+00  0.000000E+00  0.000000E+00
  -677.600  0.000000E+00  0.000000E+00  0.000000E+00  0.000000E+00  0.000000E+00
  -677.500  0.000000E+00  0.000000E+00  0.000000E+00  0.000000E+00  0.000000E+00
  -677.400  0.000000E+00  0.000000E+00  0.000000E+00  0.000000E+00  0.000000E+00
  -677.300  0.000000E+00  0.000000E+00  0.000000E+00  0.000000E+00  0.000000E+00
  -677.200  0.000000E+00  0.000000E+00  0.000000E+00  0.000000E+00  0.000000E+00
  -677.100  0.000000E+00  0.000000E+00  0.000000E+00  0.000000E+00  0.000000E+00
  -677.000  0.000000E+00  0.000000E+00  0.000000E+00  0.000000E+00  0.000000E+00
  -676.900  0.000000E+00  0.000000E+00  0.000000E+00  0.000000E+00  0.000000E+00
  -676.800  0.000000E+00  0.000000E+00  0.000000E+00  0.000000E+00  0.000000E+00
  -676.700  0.000000E+00  0.000000E+00  0.000000E+00  0.000000E+00  0.000000E+00
  -676.600  0.000000E+00  0.000000E+00  0.000000E+00  0.000000E+00  0.000000E+00
  -676.500  0.000000E+00  0.000000E+00  0.000000E+00  0.000000E+00  0.000000E+00
  -676.400  0.000000E+00  0.000000E+00  0.000000E+00  0.000000E+00  0.000000E+00
  -676.300  0.000000E+00  0.000000E+00  0.000000E+00  0.000000E+00  0.000000E+00
  -676.200  0.000000E+00  0.000000E+00  0.000000E+00  0.000000E+00  0.000000E+00
  -676.100  0.000000E+00  0.000000E+00  0.000000E+00  0.000000E+00  0.000000E+00
  -676.000  0.000000E+00  0.000000E+00  0.000000E+00  0.000000E+00  0.000000E+00
  -675.900  0.000000E+00  0.000000E+00  0.000000E+00  0.000000E+00  0.000000E+00
  -675.800  0.000000E+00  0.000000E+00  0.000000E+00  0.000000E+00  0.000000E+00
  -675.700  0.000000E+00  0.000000E+00  0.000000E+00  0.000000E+00  0.000000E+00
  -675.600  0.000000E+00  0.000000E+00  0.000000E+00  0.000000E+00  0.000000E+00
  -675.500  0.000000E+00  0.000000E+00  0.000000E+00  0.000000E+00  0.000000E+00
  -675.400  0.000000E+00  0.000000E+00  0.000000E+00  0.000000E+00  0.000000E+00
  -675.300  0.000000E+00  0.000000E+00  0.000000E+00  0.000000E+00  0.000000E+00
  -675.200  0.000000E+00  0.000000E+00  0.000000E+00  0.000000E+00  0.000000E+00
  -675.100  0.000000E+00  0.000000E+00  0.000000E+00  0.000000E+00  0.000000E+00
  -675.000  0.000000E+00  0.000000E+00  0.000000E+00  0.000000E+00  0.000000E+00
  -674.900  0.000000E+00  0.000000E+00  0.000000E+00  0.000000E+00  0.000000E+00
  -674.800  0.000000E+00  0.000000E+00  0.000000E+00  0.000000E+00  0.000000E+00
  -674.700  0.000000E+00  0.000000E+00  0.000000E+00  0.000000E+00  0.000000E+00
  -674.600  0.000000E+00  0.000000E+00  0.000000E+00  0.000000E+00  0.000000E+00
  -674.500  0.000000E+00  0.000000E+00  0.000000E+00  0.000000E+00  0.000000E+00
  -674.400  0.000000E+00  0.000000E+00  0.000000E+00  0.000000E+00  0.000000E+00
  -674.300  0.000000E+00  0.000000E+00  0.000000E+00  0.000000E+00  0.000000E+00
  -674.200  0.000000E+00  0.000000E+00  0.000000E+00  0.000000E+00  0.000000E+00
  -674.100  0.000000E+00  0.000000E+00  0.000000E+00  0.000000E+00  0.000000E+00
  -674.000  0.000000E+00  0.000000E+00  0.000000E+00  0.000000E+00  0.000000E+00
  -673.900  0.000000E+00  0.000000E+00  0.000000E+00  0.000000E+00  0.000000E+00
  -673.800  0.000000E+00  0.000000E+00  0.000000E+00  0.000000E+00  0.000000E+00
  -673.700  0.000000E+00  0.000000E+00  0.000000E+00  0.000000E+00  0.000000E+00
  -673.600  0.000000E+00  0.000000E+00  0.000000E+00  0.000000E+00  0.000000E+00
  -673.500  0.000000E+00  0.000000E+00  0.000000E+00  0.000000E+00  0.000000E+00
  -673.400  0.000000E+00  0.000000E+00  0.000000E+00  0.000000E+00  0.000000E+00
  -673.300  0.000000E+00  0.000000E+00  0.000000E+00  0.000000E+00  0.000000E+00
  -673.200  0.000000E+00  0.000000E+00  0.000000E+00  0.000000E+00  0.000000E+00
  -673.100  0.000000E+00  0.000000E+00  0.000000E+00  0.000000E+00  0.000000E+00
  -673.000  0.000000E+00  0.000000E+00  0.000000E+00  0.000000E+00  0.000000E+00
  -672.900  0.000000E+00  0.000000E+00  0.000000E+00  0.000000E+00  0.000000E+00
  -672.800  0.000000E+00  0.000000E+00  0.000000E+00  0.000000E+00  0.000000E+00
  -672.700  0.000000E+00  0.000000E+00  0.000000E+00  0.000000E+00  0.000000E+00
  -672.600  0.000000E+00  0.000000E+00  0.000000E+00  0.000000E+00  0.000000E+00
  -672.500  0.000000E+00  0.000000E+00  0.000000E+00  0.000000E+00  0.000000E+00
  -672.400  0.000000E+00  0.000000E+00  0.000000E+00  0.000000E+00  0.000000E+00
  -672.300  0.000000E+00  0.000000E+00  0.000000E+00  0.000000E+00  0.000000E+00
  -672.200  0.000000E+00  0.000000E+00  0.000000E+00  0.000000E+00  0.000000E+00
  -672.100  0.000000E+00  0.000000E+00  0.000000E+00  0.000000E+00  0.000000E+00
  -672.000  0.000000E+00  0.000000E+00  0.000000E+00  0.000000E+00  0.000000E+00
  -671.900  0.000000E+00  0.000000E+00  0.000000E+00  0.000000E+00  0.000000E+00
  -671.800  0.000000E+00  0.000000E+00  0.000000E+00  0.000000E+00  0.000000E+00
  -671.700  0.000000E+00  0.000000E+00  0.000000E+00  0.000000E+00  0.000000E+00
  -671.600  0.000000E+00  0.000000E+00  0.000000E+00  0.000000E+00  0.000000E+00
  -671.500  0.000000E+00  0.000000E+00  0.000000E+00  0.000000E+00  0.000000E+00
  -671.400  0.000000E+00  0.000000E+00  0.000000E+00  0.000000E+00  0.000000E+00
  -671.300  0.000000E+00  0.000000E+00  0.000000E+00  0.000000E+00  0.000000E+00
  -671.200  0.000000E+00  0.000000E+00  0.000000E+00  0.000000E+00  0.000000E+00
  -671.100  0.000000E+00  0.000000E+00  0.000000E+00  0.000000E+00  0.000000E+00
  -671.000  0.000000E+00  0.000000E+00  0.000000E+00  0.000000E+00  0.000000E+00
  -670.900  0.000000E+00  0.000000E+00  0.000000E+00  0.000000E+00  0.000000E+00
  -670.800  0.000000E+00  0.000000E+00  0.000000E+00  0.000000E+00  0.000000E+00
  -670.700  0.000000E+00  0.000000E+00  0.000000E+00  0.000000E+00  0.000000E+00
  -670.600  0.000000E+00  0.000000E+00  0.000000E+00  0.000000E+00  0.000000E+00
  -670.500  0.000000E+00  0.000000E+00  0.000000E+00  0.000000E+00  0.000000E+00
  -670.400  0.000000E+00  0.000000E+00  0.000000E+00  0.000000E+00  0.000000E+00
  -670.300  0.000000E+00  0.000000E+00  0.000000E+00  0.000000E+00  0.000000E+00
  -670.200  0.000000E+00  0.000000E+00  0.000000E+00  0.000000E+00  0.000000E+00
  -670.100  0.000000E+00  0.000000E+00  0.000000E+00  0.000000E+00  0.000000E+00
  -670.000  0.000000E+00  0.000000E+00  0.000000E+00  0.000000E+00  0.000000E+00
  -669.900  0.000000E+00  0.000000E+00  0.000000E+00  0.000000E+00  0.000000E+00
  -669.800  0.000000E+00  0.000000E+00  0.000000E+00  0.000000E+00  0.000000E+00
  -669.700  0.000000E+00  0.000000E+00  0.000000E+00  0.000000E+00  0.000000E+00
  -669.600  0.000000E+00  0.000000E+00  0.000000E+00  0.000000E+00  0.000000E+00
  -669.500  0.000000E+00  0.000000E+00  0.000000E+00  0.000000E+00  0.000000E+00
  -669.400  0.000000E+00  0.000000E+00  0.000000E+00  0.000000E+00  0.000000E+00
  -669.300  0.000000E+00  0.000000E+00  0.000000E+00  0.000000E+00  0.000000E+00
  -669.200  0.000000E+00  0.000000E+00  0.000000E+00  0.000000E+00  0.000000E+00
  -669.100  0.000000E+00  0.000000E+00  0.000000E+00  0.000000E+00  0.000000E+00
  -669.000  0.000000E+00  0.000000E+00  0.000000E+00  0.000000E+00  0.000000E+00
  -668.900  0.000000E+00  0.000000E+00  0.000000E+00  0.000000E+00  0.000000E+00
  -668.800  0.000000E+00  0.000000E+00  0.000000E+00  0.000000E+00  0.000000E+00
  -668.700  0.000000E+00  0.000000E+00  0.000000E+00  0.000000E+00  0.000000E+00
  -668.600  0.000000E+00  0.000000E+00  0.000000E+00  0.000000E+00  0.000000E+00
  -668.500  0.000000E+00  0.000000E+00  0.000000E+00  0.000000E+00  0.000000E+00
  -668.400  0.000000E+00  0.000000E+00  0.000000E+00  0.000000E+00  0.000000E+00
  -668.300  0.000000E+00  0.000000E+00  0.000000E+00  0.000000E+00  0.000000E+00
  -668.200  0.000000E+00  0.000000E+00  0.000000E+00  0.000000E+00  0.000000E+00
  -668.100  0.000000E+00  0.000000E+00  0.000000E+00  0.000000E+00  0.000000E+00
  -668.000  0.000000E+00  0.000000E+00  0.000000E+00  0.000000E+00  0.000000E+00
  -667.900  0.000000E+00  0.000000E+00  0.000000E+00  0.000000E+00  0.000000E+00
  -667.800  0.000000E+00  0.000000E+00  0.000000E+00  0.000000E+00  0.000000E+00
  -667.700  0.000000E+00  0.000000E+00  0.000000E+00  0.000000E+00  0.000000E+00
  -667.600  0.000000E+00  0.000000E+00  0.000000E+00  0.000000E+00  0.000000E+00
  -667.500  0.000000E+00  0.000000E+00  0.000000E+00  0.000000E+00  0.000000E+00
  -667.400  0.000000E+00  0.000000E+00  0.000000E+00  0.000000E+00  0.000000E+00
  -667.300  0.000000E+00  0.000000E+00  0.000000E+00  0.000000E+00  0.000000E+00
  -667.200  0.000000E+00  0.000000E+00  0.000000E+00  0.000000E+00  0.000000E+00
  -667.100  0.000000E+00  0.000000E+00  0.000000E+00  0.000000E+00  0.000000E+00
  -667.000  0.000000E+00  0.000000E+00  0.000000E+00  0.000000E+00  0.000000E+00
  -666.900  0.000000E+00  0.000000E+00  0.000000E+00  0.000000E+00  0.000000E+00
  -666.800  0.000000E+00  0.000000E+00  0.000000E+00  0.000000E+00  0.000000E+00
  -666.700  0.000000E+00  0.000000E+00  0.000000E+00  0.000000E+00  0.000000E+00
  -666.600  0.000000E+00  0.000000E+00  0.000000E+00  0.000000E+00  0.000000E+00
  -666.500  0.130260E-04  0.000000E+00  0.000000E+00  0.000000E+00  0.000000E+00
  -666.400  0.187760E-04  0.000000E+00  0.000000E+00  0.000000E+00  0.000000E+00
  -666.300  0.268348E-04  0.000000E+00  0.000000E+00  0.000000E+00  0.000000E+00
  -666.200  0.380254E-04  0.000000E+00  0.000000E+00  0.000000E+00  0.000000E+00
  -666.100  0.534208E-04  0.000000E+00  0.000000E+00  0.000000E+00  0.000000E+00
  -666.000  0.744040E-04  0.171564E-04  0.000000E+00  0.000000E+00  0.000000E+00
  -665.900  0.102737E-03  0.240881E-04  0.179568E-04  0.153220E-04  0.000000E+00
  -665.800  0.140636E-03  0.335456E-04  0.251164E-04  0.214845E-04  0.128042E-04
  -665.700  0.190861E-03  0.463416E-04  0.348536E-04  0.298903E-04  0.179780E-04
  -665.600  0.256804E-03  0.635127E-04  0.479910E-04  0.412661E-04  0.250561E-04
  -665.500  0.342586E-03  0.863702E-04  0.655784E-04  0.565439E-04  0.346694E-04
  -665.400  0.453154E-03  0.116559E-03  0.889449E-04  0.769095E-04  0.476345E-04
  -665.300  0.594381E-03  0.156129E-03  0.119762E-03  0.103862E-03  0.650018E-04
  -665.200  0.773154E-03  0.207609E-03  0.160116E-03  0.139284E-03  0.881139E-04
  -665.100  0.997458E-03  0.274106E-03  0.212595E-03  0.185523E-03  0.118678E-03
  -665.000  0.127645E-02  0.359407E-03  0.280392E-03  0.245491E-03  0.158850E-03
  -664.900  0.162050E-02  0.468101E-03  0.367419E-03  0.322781E-03  0.211345E-03
  -664.800  0.204127E-02  0.605715E-03  0.478444E-03  0.421798E-03  0.279553E-03
  -664.700  0.255165E-02  0.778870E-03  0.619252E-03  0.547919E-03  0.367699E-03
  -664.600  0.316586E-02  0.995452E-03  0.796818E-03  0.707670E-03  0.481008E-03
  -664.500  0.389932E-02  0.126481E-02  0.101951E-02  0.908930E-03  0.625917E-03
  -664.400  0.476869E-02  0.159797E-02  0.129733E-02  0.116117E-02  0.810306E-03
  -664.300  0.579176E-02  0.200786E-02  0.164213E-02  0.147569E-02  0.104377E-02
  -664.200  0.698738E-02  0.250955E-02  0.206793E-02  0.186595E-02  0.133794E-02
  -664.100  0.837541E-02  0.312054E-02  0.259118E-02  0.234779E-02  0.170677E-02
  -664.000  0.997657E-02  0.386098E-02  0.323104E-02  0.293985E-02  0.216696E-02
  -663.900  0.118124E-01  0.475396E-02  0.400975E-02  0.366382E-02  0.273831E-02
  -663.800  0.139049E-01  0.582573E-02  0.495286E-02  0.454481E-02  0.344412E-02
  -663.700  0.162769E-01  0.710593E-02  0.608957E-02  0.561162E-02  0.431161E-02
  -663.600  0.189514E-01  0.862775E-02  0.745290E-02  0.689709E-02  0.537233E-02
  -663.500  0.219518E-01  0.104280E-01  0.907998E-02  0.843827E-02  0.666248E-02
  -663.400  0.253013E-01  0.125473E-01  0.110121E-01  0.102766E-01  0.822330E-02
  -663.300  0.290232E-01  0.150299E-01  0.132947E-01  0.124581E-01  0.101013E-01
  -663.200  0.331406E-01  0.179234E-01  0.159777E-01  0.150333E-01  0.123484E-01
  -663.100  0.376762E-01  0.212791E-01  0.191147E-01  0.180572E-01  0.150222E-01
  -663.000  0.426522E-01  0.251511E-01  0.227637E-01  0.215891E-01  0.181860E-01
  -662.900  0.480904E-01  0.295965E-01  0.269859E-01  0.256925E-01  0.219085E-01
  -662.800  0.540124E-01  0.346747E-01  0.318462E-01  0.304347E-01  0.262641E-01
  -662.700  0.604399E-01  0.404475E-01  0.374126E-01  0.358868E-01  0.313323E-01
  -662.600  0.673954E-01  0.469786E-01  0.437558E-01  0.421232E-01  0.371981E-01
  -662.500  0.749027E-01  0.543340E-01  0.509499E-01  0.492218E-01  0.439514E-01
  -662.400  0.829884E-01  0.625819E-01  0.590715E-01  0.572639E-01  0.516877E-01
  -662.300  0.916829E-01  0.717932E-01  0.682010E-01  0.663348E-01  0.605077E-01
  -662.200  0.101022E+00  0.820427E-01  0.784229E-01  0.765242E-01  0.705179E-01
  -662.100  0.111050E+00  0.934101E-01  0.898268E-01  0.879273E-01  0.818319E-01
  -662.000  0.121820E+00  0.105982E+00  0.102509E+00  0.100646E+00  0.945706E-01
  -661.900  0.133397E+00  0.119851E+00  0.116574E+00  0.114790E+00  0.108864E+00
  -661.800  0.145857E+00  0.135125E+00  0.132137E+00  0.130481E+00  0.124854E+00
  -661.700  0.159293E+00  0.151919E+00  0.149324E+00  0.147851E+00  0.142692E+00
  -661.600  0.173812E+00  0.170365E+00  0.168278E+00  0.167047E+00  0.162547E+00
  -661.500  0.189537E+00  0.190612E+00  0.189155E+00  0.188232E+00  0.184602E+00
  -661.400  0.206604E+00  0.212826E+00  0.212130E+00  0.211586E+00  0.209056E+00
  -661.300  0.225163E+00  0.237189E+00  0.237395E+00  0.237307E+00  0.236128E+00
  -661.200  0.245371E+00  0.263901E+00  0.265159E+00  0.265608E+00  0.266051E+00
  -661.100  0.267390E+00  0.293176E+00  0.295647E+00  0.296720E+00  0.299075E+00
  -661.000  0.291382E+00  0.325239E+00  0.329093E+00  0.330882E+00  0.335459E+00
  -660.900  0.317498E+00  0.360318E+00  0.365737E+00  0.368342E+00  0.375469E+00
  -660.800  0.345877E+00  0.398639E+00  0.405817E+00  0.409342E+00  0.419371E+00
  -660.700  0.376631E+00  0.440416E+00  0.449560E+00  0.454117E+00  0.467418E+00
  -660.600  0.409840E+00  0.485839E+00  0.497171E+00  0.502878E+00  0.519841E+00
  -660.500  0.445542E+00  0.535063E+00  0.548818E+00  0.555801E+00  0.576838E+00
  -660.400  0.483728E+00  0.588193E+00  0.604621E+00  0.613014E+00  0.638554E+00
  -660.300  0.524329E+00  0.645273E+00  0.664639E+00  0.674580E+00  0.705074E+00
  -660.200  0.567215E+00  0.706271E+00  0.728853E+00  0.740487E+00  0.776402E+00
  -660.100  0.612189E+00  0.771069E+00  0.797156E+00  0.810634E+00  0.852448E+00
  -660.000  0.658985E+00  0.839452E+00  0.869339E+00  0.884816E+00  0.933020E+00
  -659.900  0.707265E+00  0.911099E+00  0.945087E+00  0.962719E+00  0.101781E+01
  -659.800  0.756629E+00  0.985583E+00  0.102397E+01  0.104392E+01  0.110638E+01
  -659.700  0.806611E+00  0.106237E+01  0.110545E+01  0.112786E+01  0.119819E+01
  -659.600  0.856693E+00  0.114081E+01  0.118887E+01  0.121389E+01  0.129256E+01
  -659.500  0.906313E+00  0.122017E+01  0.127347E+01  0.130125E+01  0.138870E+01
  -659.400  0.954877E+00  0.129965E+01  0.135842E+01  0.138907E+01  0.148572E+01
  -659.300  0.100177E+01  0.137834E+01  0.144279E+01  0.147644E+01  0.158264E+01
  -659.200  0.104639E+01  0.145533E+01  0.152562E+01  0.156235E+01  0.167843E+01
  -659.100  0.108812E+01  0.152966E+01  0.160592E+01  0.164579E+01  0.177201E+01
  -659.000  0.112640E+01  0.160039E+01  0.168268E+01  0.172575E+01  0.186228E+01
  -658.900  0.116070E+01  0.166661E+01  0.175494E+01  0.180123E+01  0.194817E+01
  -658.800  0.119057E+01  0.172745E+01  0.182179E+01  0.187127E+01  0.202866E+01
  -658.700  0.121560E+01  0.178215E+01  0.188237E+01  0.193502E+01  0.210278E+01
  -658.600  0.123549E+01  0.183001E+01  0.193596E+01  0.199170E+01  0.216967E+01
  -658.500  0.125003E+01  0.187047E+01  0.198193E+01  0.204066E+01  0.222858E+01
  -658.400  0.125909E+01  0.190311E+01  0.201979E+01  0.208137E+01  0.227892E+01
  -658.300  0.126265E+01  0.192764E+01  0.204919E+01  0.211348E+01  0.232022E+01
  -658.200  0.126076E+01  0.194388E+01  0.206994E+01  0.213674E+01  0.235216E+01
  -658.100  0.125360E+01  0.195184E+01  0.208198E+01  0.215108E+01  0.237459E+01
  -658.000  0.124138E+01  0.195162E+01  0.208537E+01  0.215655E+01  0.238749E+01
  -657.900  0.122443E+01  0.194346E+01  0.208033E+01  0.215334E+01  0.239100E+01
  -657.800  0.120308E+01  0.192769E+01  0.206717E+01  0.214175E+01  0.238533E+01
  -657.700  0.117776E+01  0.190473E+01  0.204628E+01  0.212216E+01  0.237086E+01
  -657.600  0.114888E+01  0.187507E+01  0.201815E+01  0.209503E+01  0.234799E+01
  -657.500  0.111690E+01  0.183924E+01  0.198329E+01  0.206090E+01  0.231721E+01
  -657.400  0.108226E+01  0.179780E+01  0.194226E+01  0.202031E+01  0.227905E+01
  -657.300  0.104540E+01  0.175132E+01  0.189564E+01  0.197382E+01  0.223406E+01
  -657.200  0.100673E+01  0.170038E+01  0.184399E+01  0.192202E+01  0.218279E+01
  -657.100  0.966656E+00  0.164551E+01  0.178788E+01  0.186546E+01  0.212577E+01
  -657.000  0.925524E+00  0.158726E+01  0.172785E+01  0.180467E+01  0.206354E+01
  -656.900  0.883664E+00  0.152612E+01  0.166440E+01  0.174018E+01  0.199661E+01
  -656.800  0.841365E+00  0.146257E+01  0.159803E+01  0.167248E+01  0.192546E+01
  -656.700  0.798884E+00  0.139705E+01  0.152919E+01  0.160203E+01  0.185056E+01
  -656.600  0.756451E+00  0.132998E+01  0.145834E+01  0.152929E+01  0.177238E+01
  -656.500  0.714269E+00  0.126178E+01  0.138589E+01  0.145469E+01  0.169137E+01
  -656.400  0.672524E+00  0.119283E+01  0.131227E+01  0.137867E+01  0.160800E+01
  -656.300  0.631384E+00  0.112351E+01  0.123790E+01  0.130166E+01  0.152275E+01
  -656.200  0.591012E+00  0.105421E+01  0.116320E+01  0.122411E+01  0.143612E+01
  -656.100  0.551562E+00  0.985315E+00  0.108859E+01  0.114647E+01  0.134863E+01
  -656.000  0.513187E+00  0.917202E+00  0.101452E+01  0.106920E+01  0.126085E+01
  -655.900  0.476036E+00  0.850260E+00  0.941426E+00  0.992767E+00  0.117334E+01
  -655.800  0.440256E+00  0.784869E+00  0.869743E+00  0.917653E+00  0.108670E+01
  -655.700  0.405992E+00  0.721402E+00  0.799911E+00  0.844326E+00  0.100153E+01
  -655.600  0.373381E+00  0.660217E+00  0.732351E+00  0.773246E+00  0.918409E+00
  -655.500  0.342550E+00  0.601647E+00  0.667460E+00  0.704845E+00  0.837918E+00
  -655.400  0.313614E+00  0.545995E+00  0.605601E+00  0.639526E+00  0.760592E+00
  -655.300  0.286671E+00  0.493523E+00  0.547095E+00  0.577642E+00  0.686916E+00
  -655.200  0.261796E+00  0.444447E+00  0.492212E+00  0.519493E+00  0.617313E+00
  -655.100  0.239044E+00  0.398931E+00  0.441160E+00  0.465319E+00  0.552131E+00
  -655.000  0.218443E+00  0.357084E+00  0.394087E+00  0.415291E+00  0.491637E+00
  -654.900  0.199995E+00  0.318958E+00  0.351077E+00  0.369509E+00  0.436008E+00
  -654.800  0.183677E+00  0.284552E+00  0.312146E+00  0.328007E+00  0.385337E+00
  -654.700  0.169440E+00  0.253810E+00  0.277253E+00  0.290750E+00  0.339628E+00
  -654.600  0.157214E+00  0.226631E+00  0.246300E+00  0.257643E+00  0.298810E+00
  -654.500  0.146907E+00  0.202872E+00  0.219139E+00  0.228541E+00  0.262738E+00
  -654.400  0.138413E+00  0.182356E+00  0.195584E+00  0.203250E+00  0.231208E+00
  -654.300  0.131612E+00  0.164885E+00  0.175419E+00  0.181546E+00  0.203970E+00
  -654.200  0.126377E+00  0.150241E+00  0.158407E+00  0.163180E+00  0.180738E+00
  -654.100  0.122575E+00  0.138202E+00  0.144300E+00  0.147892E+00  0.161207E+00
  -654.000  0.120074E+00  0.128543E+00  0.132848E+00  0.135418E+00  0.145062E+00
  -653.900  0.118747E+00  0.121049E+00  0.123810E+00  0.125501E+00  0.131991E+00
  -653.800  0.118473E+00  0.115520E+00  0.116959E+00  0.117897E+00  0.121697E+00
  -653.700  0.119146E+00  0.111774E+00  0.112088E+00  0.112387E+00  0.113905E+00
  -653.600  0.120672E+00  0.109654E+00  0.109018E+00  0.108777E+00  0.108372E+00
  -653.500  0.122977E+00  0.109033E+00  0.107600E+00  0.106906E+00  0.104888E+00
  -653.400  0.126012E+00  0.109815E+00  0.107720E+00  0.106649E+00  0.103285E+00
  -653.300  0.129751E+00  0.111936E+00  0.109299E+00  0.107916E+00  0.103439E+00
  -653.200  0.134201E+00  0.115371E+00  0.112298E+00  0.110662E+00  0.105268E+00
  -653.100  0.139402E+00  0.120131E+00  0.116717E+00  0.114878E+00  0.108737E+00
  -653.000  0.145436E+00  0.126264E+00  0.122595E+00  0.120598E+00  0.113856E+00
  -652.900  0.152425E+00  0.133862E+00  0.130014E+00  0.127898E+00  0.120679E+00
  -652.800  0.160544E+00  0.143054E+00  0.139095E+00  0.136895E+00  0.129301E+00
  -652.700  0.170017E+00  0.154015E+00  0.150002E+00  0.147746E+00  0.139861E+00
  -652.600  0.181130E+00  0.166961E+00  0.162942E+00  0.160651E+00  0.152535E+00
  -652.500  0.194230E+00  0.182153E+00  0.178161E+00  0.175851E+00  0.167540E+00
  -652.400  0.209731E+00  0.199900E+00  0.195950E+00  0.193625E+00  0.185127E+00
  -652.300  0.228114E+00  0.220554E+00  0.216639E+00  0.214296E+00  0.205581E+00
  -652.200  0.249929E+00  0.244513E+00  0.240604E+00  0.238223E+00  0.229221E+00
  -652.100  0.275797E+00  0.272221E+00  0.268256E+00  0.265804E+00  0.256396E+00
  -652.000  0.306399E+00  0.304162E+00  0.300046E+00  0.297471E+00  0.287484E+00
  -651.900  0.342476E+00  0.340858E+00  0.336458E+00  0.333690E+00  0.322886E+00
  -651.800  0.384816E+00  0.382864E+00  0.378005E+00  0.374949E+00  0.363026E+00
  -651.700  0.434244E+00  0.430756E+00  0.425218E+00  0.421759E+00  0.408341E+00
  -651.600  0.491601E+00  0.485123E+00  0.478642E+00  0.474640E+00  0.459277E+00
  -651.500  0.557724E+00  0.546551E+00  0.538817E+00  0.534109E+00  0.516279E+00
  -651.400  0.633428E+00  0.615608E+00  0.606267E+00  0.600668E+00  0.579778E+00
  -651.300  0.719469E+00  0.692825E+00  0.681484E+00  0.674786E+00  0.650177E+00
  -651.200  0.816520E+00  0.778672E+00  0.764902E+00  0.756882E+00  0.727840E+00
  -651.100  0.925135E+00  0.873536E+00  0.856881E+00  0.847300E+00  0.813069E+00
  -651.000  0.104572E+01  0.977698E+00  0.957683E+00  0.946293E+00  0.906085E+00
  -650.900  0.117848E+01  0.109130E+01  0.106745E+01  0.105399E+01  0.100701E+01
  -650.800  0.132341E+01  0.121435E+01  0.118617E+01  0.117040E+01  0.111586E+01
  -650.700  0.148025E+01  0.134664E+01  0.131368E+01  0.129536E+01  0.123249E+01
  -650.600  0.164846E+01  0.148779E+01  0.144962E+01  0.142852E+01  0.135663E+01
  -650.500  0.182719E+01  0.163722E+01  0.159345E+01  0.156938E+01  0.148783E+01
  -650.400  0.201529E+01  0.179411E+01  0.174442E+01  0.171720E+01  0.162546E+01
  -650.300  0.221127E+01  0.195743E+01  0.190157E+01  0.187108E+01  0.176875E+01
  -650.200  0.241334E+01  0.212594E+01  0.206377E+01  0.202992E+01  0.191673E+01
  -650.100  0.261941E+01  0.229821E+01  0.222967E+01  0.219244E+01  0.206830E+01
  -650.000  0.282715E+01  0.247263E+01  0.239779E+01  0.235721E+01  0.222219E+01
  -649.900  0.303398E+01  0.264745E+01  0.256649E+01  0.252265E+01  0.237704E+01
  -649.800  0.323719E+01  0.282081E+01  0.273406E+01  0.268712E+01  0.253138E+01
  -649.700  0.343395E+01  0.299078E+01  0.289869E+01  0.284889E+01  0.268372E+01
  -649.600  0.362144E+01  0.315542E+01  0.305858E+01  0.300621E+01  0.283249E+01
  -649.500  0.379688E+01  0.331279E+01  0.321192E+01  0.315734E+01  0.297616E+01
  -649.400  0.395762E+01  0.346104E+01  0.335698E+01  0.330061E+01  0.311323E+01
  -649.300  0.410123E+01  0.359839E+01  0.349209E+01  0.343441E+01  0.324227E+01
  -649.200  0.422556E+01  0.372324E+01  0.361571E+01  0.355724E+01  0.336191E+01
  -649.100  0.432879E+01  0.383413E+01  0.372648E+01  0.366777E+01  0.347093E+01
  -649.000  0.440948E+01  0.392979E+01  0.382315E+01  0.376479E+01  0.356820E+01
  -648.900  0.446661E+01  0.400917E+01  0.390469E+01  0.384726E+01  0.365273E+01
  -648.800  0.449959E+01  0.407142E+01  0.397025E+01  0.391435E+01  0.372367E+01
  -648.700  0.450824E+01  0.411594E+01  0.401918E+01  0.396536E+01  0.378031E+01
  -648.600  0.449282E+01  0.414232E+01  0.405100E+01  0.399981E+01  0.382209E+01
  -648.500  0.445396E+01  0.415038E+01  0.406546E+01  0.401740E+01  0.384860E+01
  -648.400  0.439264E+01  0.414015E+01  0.406246E+01  0.401798E+01  0.385957E+01
  -648.300  0.431016E+01  0.411186E+01  0.404211E+01  0.400160E+01  0.385488E+01
  -648.200  0.420807E+01  0.406595E+01  0.400471E+01  0.396848E+01  0.383458E+01
  -648.100  0.408814E+01  0.400302E+01  0.395071E+01  0.391902E+01  0.379884E+01
  -648.000  0.395227E+01  0.392388E+01  0.388076E+01  0.385378E+01  0.374804E+01
  -647.900  0.380251E+01  0.382947E+01  0.379565E+01  0.377348E+01  0.368267E+01
  -647.800  0.364094E+01  0.372090E+01  0.369636E+01  0.367902E+01  0.360340E+01
  -647.700  0.346969E+01  0.359943E+01  0.358398E+01  0.357142E+01  0.351105E+01
  -647.600  0.329087E+01  0.346642E+01  0.345975E+01  0.345187E+01  0.340659E+01
  -647.500  0.310655E+01  0.332334E+01  0.332504E+01  0.332164E+01  0.329111E+01
  -647.400  0.291872E+01  0.317176E+01  0.318128E+01  0.318215E+01  0.316581E+01
  -647.300  0.272928E+01  0.301326E+01  0.303001E+01  0.303485E+01  0.303202E+01
  -647.200  0.254002E+01  0.284950E+01  0.287278E+01  0.288128E+01  0.289109E+01
  -647.100  0.235260E+01  0.268211E+01  0.271119E+01  0.272298E+01  0.274444E+01
  -647.000  0.216853E+01  0.251269E+01  0.254679E+01  0.256150E+01  0.259352E+01
  -646.900  0.198918E+01  0.234280E+01  0.238113E+01  0.239836E+01  0.243975E+01
  -646.800  0.181573E+01  0.217393E+01  0.221568E+01  0.223502E+01  0.228452E+01
  -646.700  0.164921E+01  0.200744E+01  0.205183E+01  0.207285E+01  0.212917E+01
  -646.600  0.149049E+01  0.184460E+01  0.189084E+01  0.191315E+01  0.197497E+01
  -646.500  0.134026E+01  0.168654E+01  0.173389E+01  0.175707E+01  0.182310E+01
  -646.400  0.119904E+01  0.153424E+01  0.158200E+01  0.160568E+01  0.167463E+01
  -646.300  0.106721E+01  0.138854E+01  0.143605E+01  0.145988E+01  0.153052E+01
  -646.200  0.944987E+00  0.125013E+01  0.129681E+01  0.132044E+01  0.139162E+01
  -646.100  0.832453E+00  0.111955E+01  0.116487E+01  0.118801E+01  0.125867E+01
  -646.000  0.729571E+00  0.997204E+00  0.104071E+01  0.106309E+01  0.113226E+01
  -645.900  0.636190E+00  0.883352E+00  0.924660E+00  0.946059E+00  0.101290E+01
  -645.800  0.552065E+00  0.778134E+00  0.816937E+00  0.837166E+00  0.900964E+00
  -645.700  0.476869E+00  0.681572E+00  0.717634E+00  0.736546E+00  0.796712E+00
  -645.600  0.410215E+00  0.593585E+00  0.626742E+00  0.644227E+00  0.700307E+00
  -645.500  0.351664E+00  0.513998E+00  0.544153E+00  0.560140E+00  0.611805E+00
  -645.400  0.300743E+00  0.442560E+00  0.469675E+00  0.484125E+00  0.531170E+00
  -645.300  0.256958E+00  0.378952E+00  0.403041E+00  0.415949E+00  0.458277E+00
  -645.200  0.219807E+00  0.322801E+00  0.343927E+00  0.355312E+00  0.392923E+00
  -645.100  0.188790E+00  0.273695E+00  0.291956E+00  0.301859E+00  0.334839E+00
  -645.000  0.163421E+00  0.231195E+00  0.246715E+00  0.255195E+00  0.283695E+00
  -644.900  0.143232E+00  0.194845E+00  0.207768E+00  0.214896E+00  0.239117E+00
  -644.800  0.127784E+00  0.164184E+00  0.174665E+00  0.180519E+00  0.200696E+00
  -644.700  0.116670E+00  0.138759E+00  0.146954E+00  0.151617E+00  0.168002E+00
  -644.600  0.109520E+00  0.118133E+00  0.124195E+00  0.127745E+00  0.140595E+00
  -644.500  0.106000E+00  0.101892E+00  0.105961E+00  0.108474E+00  0.118038E+00
  -644.400  0.105819E+00  0.896512E-01  0.918532E-01  0.933983E-01  0.999033E-01
  -644.300  0.108722E+00  0.810626E-01  0.815047E-01  0.821401E-01  0.857865E-01
  -644.200  0.114492E+00  0.758153E-01  0.745829E-01  0.743562E-01  0.753103E-01
  -644.100  0.122947E+00  0.736377E-01  0.707941E-01  0.697409E-01  0.681312E-01
  -644.000  0.133934E+00  0.742971E-01  0.698833E-01  0.680272E-01  0.639428E-01
  -643.900  0.147328E+00  0.775978E-01  0.716334E-01  0.689864E-01  0.624773E-01
  -643.800  0.163025E+00  0.833778E-01  0.758631E-01  0.724263E-01  0.635057E-01
  -643.700  0.180937E+00  0.915044E-01  0.824231E-01  0.781881E-01  0.668360E-01
  -643.600  0.200988E+00  0.101870E+00  0.911918E-01  0.861423E-01  0.723103E-01
  -643.500  0.223109E+00  0.114385E+00  0.102070E+00  0.961839E-01  0.798010E-01
  -643.400  0.247233E+00  0.128973E+00  0.114976E+00  0.108227E+00  0.892058E-01
  -643.300  0.273293E+00  0.145568E+00  0.129840E+00  0.122199E+00  0.100443E+00
  -643.200  0.301216E+00  0.164103E+00  0.146597E+00  0.138036E+00  0.113445E+00
  -643.100  0.330925E+00  0.184510E+00  0.165183E+00  0.155676E+00  0.128154E+00
  -643.000  0.362334E+00  0.206715E+00  0.185531E+00  0.175055E+00  0.144515E+00
  -642.900  0.395349E+00  0.230632E+00  0.207565E+00  0.196103E+00  0.162471E+00
  -642.800  0.429865E+00  0.256162E+00  0.231197E+00  0.218736E+00  0.181958E+00
  -642.700  0.465769E+00  0.283189E+00  0.256324E+00  0.242860E+00  0.202901E+00
  -642.600  0.502936E+00  0.311582E+00  0.282826E+00  0.268361E+00  0.225209E+00
  -642.500  0.541234E+00  0.341190E+00  0.310566E+00  0.295107E+00  0.248774E+00
  -642.400  0.580521E+00  0.371847E+00  0.339387E+00  0.322950E+00  0.273469E+00
  -642.300  0.620648E+00  0.403374E+00  0.369119E+00  0.351724E+00  0.299150E+00
  -642.200  0.661466E+00  0.435582E+00  0.399581E+00  0.381253E+00  0.325655E+00
  -642.100  0.702827E+00  0.468282E+00  0.430585E+00  0.411353E+00  0.352815E+00
  -642.000  0.744592E+00  0.501288E+00  0.461950E+00  0.441842E+00  0.380454E+00
  -641.900  0.786645E+00  0.534437E+00  0.493508E+00  0.472552E+00  0.408405E+00
  -641.800  0.828899E+00  0.567592E+00  0.525115E+00  0.503338E+00  0.436520E+00
  -641.700  0.871318E+00  0.600662E+00  0.556671E+00  0.534094E+00  0.464679E+00
  -641.600  0.913922E+00  0.633611E+00  0.588127E+00  0.564764E+00  0.492806E+00
  -641.500  0.956811E+00  0.666475E+00  0.619499E+00  0.595357E+00  0.520884E+00
  -641.400  0.100017E+01  0.699366E+00  0.650880E+00  0.625951E+00  0.548959E+00
  -641.300  0.104427E+01  0.732481E+00  0.682441E+00  0.656706E+00  0.577149E+00
  -641.200  0.108949E+01  0.766096E+00  0.714432E+00  0.687858E+00  0.605645E+00
  -641.100  0.113627E+01  0.800563E+00  0.747175E+00  0.719715E+00  0.634707E+00
  -641.000  0.118513E+01  0.836288E+00  0.781050E+00  0.752638E+00  0.664651E+00
  -640.900  0.123662E+01  0.873711E+00  0.816468E+00  0.787028E+00  0.695828E+00
  -640.800  0.129127E+01  0.913272E+00  0.853845E+00  0.823287E+00  0.728603E+00
  -640.700  0.134956E+01  0.955373E+00  0.893568E+00  0.861791E+00  0.763322E+00
  -640.600  0.141185E+01  0.100034E+01  0.935950E+00  0.902850E+00  0.800277E+00
  -640.500  0.147832E+01  0.104837E+01  0.981196E+00  0.946669E+00  0.839675E+00
  -640.400  0.154893E+01  0.109951E+01  0.102936E+01  0.993313E+00  0.881601E+00
  -640.300  0.162338E+01  0.115361E+01  0.108034E+01  0.104268E+01  0.925996E+00
  -640.200  0.170103E+01  0.121032E+01  0.113379E+01  0.109447E+01  0.972630E+00
  -640.100  0.178096E+01  0.126904E+01  0.118921E+01  0.114819E+01  0.102110E+01
  -640.000  0.186190E+01  0.132898E+01  0.124585E+01  0.120314E+01  0.107082E+01
  -639.900  0.194231E+01  0.138912E+01  0.130280E+01  0.125845E+01  0.112105E+01
  -639.800  0.202043E+01  0.144830E+01  0.135898E+01  0.131308E+01  0.117089E+01
  -639.700  0.209431E+01  0.150523E+01  0.141320E+01  0.136591E+01  0.121938E+01
  -639.600  0.216192E+01  0.155856E+01  0.146421E+01  0.141572E+01  0.126544E+01
  -639.500  0.222128E+01  0.160693E+01  0.151075E+01  0.146130E+01  0.130803E+01
  -639.400  0.227048E+01  0.164906E+01  0.155162E+01  0.150151E+01  0.134611E+01
  -639.300  0.230785E+01  0.168378E+01  0.158572E+01  0.153527E+01  0.137873E+01
  -639.200  0.233200E+01  0.171009E+01  0.161211E+01  0.156167E+01  0.140506E+01
  -639.100  0.234190E+01  0.172721E+01  0.163004E+01  0.157999E+01  0.142443E+01
  -639.000  0.233693E+01  0.173461E+01  0.163901E+01  0.158972E+01  0.143634E+01
  -638.900  0.231687E+01  0.173202E+01  0.163870E+01  0.159055E+01  0.144047E+01
  -638.800  0.228197E+01  0.171940E+01  0.162908E+01  0.158241E+01  0.143672E+01
  -638.700  0.223283E+01  0.169698E+01  0.161031E+01  0.156546E+01  0.142513E+01
  -638.600  0.217043E+01  0.166520E+01  0.158275E+01  0.154000E+01  0.140593E+01
  -638.500  0.209605E+01  0.162468E+01  0.154693E+01  0.150654E+01  0.137950E+01
  -638.400  0.201119E+01  0.157619E+01  0.150354E+01  0.146571E+01  0.134630E+01
  -638.300  0.191749E+01  0.152060E+01  0.145334E+01  0.141821E+01  0.130693E+01
  -638.200  0.181671E+01  0.145887E+01  0.139718E+01  0.136486E+01  0.126200E+01
  -638.100  0.171059E+01  0.139198E+01  0.133595E+01  0.130647E+01  0.121221E+01
  -638.000  0.160087E+01  0.132091E+01  0.127052E+01  0.124390E+01  0.115826E+01
  -637.900  0.148916E+01  0.124666E+01  0.120180E+01  0.117798E+01  0.110087E+01
  -637.800  0.137700E+01  0.117015E+01  0.113064E+01  0.110955E+01  0.104073E+01
  -637.700  0.126573E+01  0.109229E+01  0.105789E+01  0.103939E+01  0.978550E+00
  -637.600  0.115656E+01  0.101394E+01  0.984325E+00  0.968289E+00  0.915011E+00
  -637.500  0.105054E+01  0.935862E+00  0.910703E+00  0.896957E+00  0.850773E+00
  -637.400  0.948528E+00  0.858803E+00  0.837721E+00  0.826083E+00  0.786472E+00
  -637.300  0.851251E+00  0.783423E+00  0.766027E+00  0.756305E+00  0.722713E+00
  -637.200  0.759266E+00  0.710322E+00  0.696214E+00  0.688212E+00  0.660068E+00
  -637.100  0.672998E+00  0.640030E+00  0.628816E+00  0.622338E+00  0.599068E+00
  -637.000  0.592737E+00  0.573006E+00  0.564303E+00  0.559159E+00  0.540197E+00
  -636.900  0.518658E+00  0.509637E+00  0.503080E+00  0.499085E+00  0.483885E+00
  -636.800  0.450826E+00  0.450229E+00  0.445476E+00  0.442460E+00  0.430501E+00
  -636.700  0.389207E+00  0.395010E+00  0.391748E+00  0.389550E+00  0.380345E+00
  -636.600  0.333683E+00  0.344129E+00  0.342074E+00  0.340548E+00  0.333651E+00
  -636.500  0.284059E+00  0.297655E+00  0.296556E+00  0.295572E+00  0.290575E+00
  -636.400  0.240073E+00  0.255582E+00  0.255218E+00  0.254661E+00  0.251204E+00
  -636.300  0.201412E+00  0.217834E+00  0.218017E+00  0.217787E+00  0.215551E+00
  -636.200  0.167720E+00  0.184271E+00  0.184842E+00  0.184856E+00  0.183565E+00
  -636.100  0.138612E+00  0.154701E+00  0.155530E+00  0.155715E+00  0.155138E+00
  -636.000  0.113682E+00  0.128886E+00  0.129867E+00  0.130167E+00  0.130109E+00
  -635.900  0.925189E-01  0.106554E+00  0.107606E+00  0.107974E+00  0.108277E+00
  -635.800  0.747120E-01  0.874132E-01  0.884733E-01  0.888746E-01  0.894113E-01
  -635.700  0.598623E-01  0.711559E-01  0.721799E-01  0.725874E-01  0.732599E-01
  -635.600  0.475891E-01  0.574736E-01  0.584310E-01  0.588256E-01  0.595596E-01
  -635.500  0.375358E-01  0.460625E-01  0.469344E-01  0.473033E-01  0.480449E-01
  -635.400  0.293743E-01  0.366311E-01  0.374078E-01  0.377431E-01  0.384550E-01
  -635.300  0.228073E-01  0.289056E-01  0.295842E-01  0.298819E-01  0.305402E-01
  -635.200  0.175701E-01  0.226333E-01  0.232162E-01  0.234752E-01  0.240662E-01
  -635.100  0.134301E-01  0.175856E-01  0.180784E-01  0.182998E-01  0.188175E-01
  -635.000  0.101858E-01  0.135586E-01  0.139692E-01  0.141554E-01  0.145997E-01
  -634.900  0.766556E-02  0.103735E-01  0.107111E-01  0.108654E-01  0.112395E-01
  -634.800  0.572448E-02  0.787590E-02  0.814984E-02  0.827586E-02  0.858580E-02
  -634.700  0.424215E-02  0.593387E-02  0.615343E-02  0.625504E-02  0.650786E-02
  -634.600  0.311967E-02  0.443649E-02  0.461040E-02  0.469129E-02  0.489457E-02
  -634.500  0.227675E-02  0.329156E-02  0.342773E-02  0.349135E-02  0.365261E-02
  -634.400  0.164898E-02  0.242336E-02  0.252879E-02  0.257824E-02  0.270452E-02
  -634.300  0.118526E-02  0.177043E-02  0.185115E-02  0.188916E-02  0.198683E-02
  -634.200  0.845503E-03  0.128341E-02  0.134456E-02  0.137344E-02  0.144809E-02
  -634.100  0.598571E-03  0.923121E-03  0.968956E-03  0.990663E-03  0.104705E-02
  -634.000  0.420541E-03  0.658772E-03  0.692767E-03  0.708906E-03  0.751019E-03
  -633.900  0.293213E-03  0.466407E-03  0.491359E-03  0.503232E-03  0.534333E-03
  -633.800  0.202871E-03  0.327579E-03  0.345704E-03  0.354347E-03  0.377064E-03
  -633.700  0.139284E-03  0.228218E-03  0.241250E-03  0.247476E-03  0.263890E-03
  -633.600  0.948847E-04  0.157699E-03  0.166973E-03  0.171410E-03  0.183143E-03
  -633.500  0.641320E-04  0.108070E-03  0.114602E-03  0.117733E-03  0.126031E-03
  -633.400  0.430032E-04  0.734406E-04  0.779950E-04  0.801808E-04  0.859871E-04
  -633.300  0.286044E-04  0.494848E-04  0.526279E-04  0.541383E-04  0.581585E-04
  -633.200  0.188725E-04  0.330569E-04  0.352040E-04  0.362369E-04  0.389912E-04
  -633.100  0.000000E+00  0.218906E-04  0.233423E-04  0.240414E-04  0.259087E-04
  -633.000  0.000000E+00  0.143683E-04  0.153398E-04  0.158081E-04  0.170609E-04
  -632.900  0.000000E+00  0.000000E+00  0.000000E+00  0.000000E+00  0.000000E+00
  -632.800  0.000000E+00  0.000000E+00  0.000000E+00  0.000000E+00  0.000000E+00
  -632.700  0.000000E+00  0.000000E+00  0.000000E+00  0.000000E+00  0.000000E+00
  -632.600  0.000000E+00  0.000000E+00  0.000000E+00  0.000000E+00  0.000000E+00
  -632.500  0.000000E+00  0.000000E+00  0.000000E+00  0.000000E+00  0.000000E+00
  -632.400  0.000000E+00  0.000000E+00  0.000000E+00  0.000000E+00  0.000000E+00
  -632.300  0.000000E+00  0.000000E+00  0.000000E+00  0.000000E+00  0.000000E+00
  -632.200  0.000000E+00  0.000000E+00  0.000000E+00  0.000000E+00  0.000000E+00
  -632.100  0.000000E+00  0.000000E+00  0.000000E+00  0.000000E+00  0.000000E+00
  -632.000  0.000000E+00  0.000000E+00  0.000000E+00  0.000000E+00  0.000000E+00
  -631.900  0.000000E+00  0.000000E+00  0.000000E+00  0.000000E+00  0.000000E+00
  -631.800  0.000000E+00  0.000000E+00  0.000000E+00  0.000000E+00  0.000000E+00
  -631.700  0.000000E+00  0.000000E+00  0.000000E+00  0.000000E+00  0.000000E+00
  -631.600  0.000000E+00  0.000000E+00  0.000000E+00  0.000000E+00  0.000000E+00
  -631.500  0.000000E+00  0.000000E+00  0.000000E+00  0.000000E+00  0.000000E+00
  -631.400  0.000000E+00  0.000000E+00  0.000000E+00  0.000000E+00  0.000000E+00
  -631.300  0.000000E+00  0.000000E+00  0.000000E+00  0.000000E+00  0.000000E+00
  -631.200  0.000000E+00  0.000000E+00  0.000000E+00  0.000000E+00  0.000000E+00
  -631.100  0.000000E+00  0.000000E+00  0.000000E+00  0.000000E+00  0.000000E+00
  -631.000  0.000000E+00  0.000000E+00  0.000000E+00  0.000000E+00  0.000000E+00
  -630.900  0.000000E+00  0.000000E+00  0.000000E+00  0.000000E+00  0.000000E+00
  -630.800  0.000000E+00  0.000000E+00  0.000000E+00  0.000000E+00  0.000000E+00
  -630.700  0.000000E+00  0.000000E+00  0.000000E+00  0.000000E+00  0.000000E+00
  -630.600  0.000000E+00  0.000000E+00  0.000000E+00  0.000000E+00  0.000000E+00
  -630.500  0.000000E+00  0.000000E+00  0.000000E+00  0.000000E+00  0.000000E+00
  -630.400  0.000000E+00  0.000000E+00  0.000000E+00  0.000000E+00  0.000000E+00
  -630.300  0.000000E+00  0.000000E+00  0.000000E+00  0.000000E+00  0.000000E+00
  -630.200  0.000000E+00  0.000000E+00  0.000000E+00  0.000000E+00  0.000000E+00
  -630.100  0.000000E+00  0.000000E+00  0.000000E+00  0.000000E+00  0.000000E+00
  -630.000  0.000000E+00  0.000000E+00  0.000000E+00  0.000000E+00  0.000000E+00
  -629.900  0.000000E+00  0.000000E+00  0.000000E+00  0.000000E+00  0.000000E+00
  -629.800  0.000000E+00  0.000000E+00  0.000000E+00  0.000000E+00  0.000000E+00
  -629.700  0.000000E+00  0.000000E+00  0.000000E+00  0.000000E+00  0.000000E+00
  -629.600  0.000000E+00  0.000000E+00  0.000000E+00  0.000000E+00  0.000000E+00
  -629.500  0.000000E+00  0.000000E+00  0.000000E+00  0.000000E+00  0.000000E+00
  -629.400  0.000000E+00  0.000000E+00  0.000000E+00  0.000000E+00  0.000000E+00
  -629.300  0.000000E+00  0.000000E+00  0.000000E+00  0.000000E+00  0.000000E+00
  -629.200  0.000000E+00  0.000000E+00  0.000000E+00  0.000000E+00  0.000000E+00
  -629.100  0.000000E+00  0.000000E+00  0.000000E+00  0.000000E+00  0.000000E+00
  -629.000  0.000000E+00  0.000000E+00  0.000000E+00  0.000000E+00  0.000000E+00
  -628.900  0.000000E+00  0.000000E+00  0.000000E+00  0.000000E+00  0.000000E+00
  -628.800  0.000000E+00  0.000000E+00  0.000000E+00  0.000000E+00  0.000000E+00
  -628.700  0.000000E+00  0.000000E+00  0.000000E+00  0.000000E+00  0.000000E+00
  -628.600  0.000000E+00  0.000000E+00  0.000000E+00  0.000000E+00  0.000000E+00
  -628.500  0.000000E+00  0.000000E+00  0.000000E+00  0.000000E+00  0.000000E+00
  -628.400  0.000000E+00  0.000000E+00  0.000000E+00  0.000000E+00  0.000000E+00
  -628.300  0.000000E+00  0.000000E+00  0.000000E+00  0.000000E+00  0.000000E+00
  -628.200  0.000000E+00  0.000000E+00  0.000000E+00  0.000000E+00  0.000000E+00
  -628.100  0.000000E+00  0.000000E+00  0.000000E+00  0.000000E+00  0.000000E+00
  -628.000  0.000000E+00  0.000000E+00  0.000000E+00  0.000000E+00  0.000000E+00
  -627.900  0.000000E+00  0.000000E+00  0.000000E+00  0.000000E+00  0.000000E+00
  -627.800  0.000000E+00  0.000000E+00  0.000000E+00  0.000000E+00  0.000000E+00
  -627.700  0.000000E+00  0.000000E+00  0.000000E+00  0.000000E+00  0.000000E+00
  -627.600  0.000000E+00  0.000000E+00  0.000000E+00  0.000000E+00  0.000000E+00
  -627.500  0.000000E+00  0.000000E+00  0.000000E+00  0.000000E+00  0.000000E+00
  -627.400  0.000000E+00  0.000000E+00  0.000000E+00  0.000000E+00  0.000000E+00
  -627.300  0.000000E+00  0.000000E+00  0.000000E+00  0.000000E+00  0.000000E+00
  -627.200  0.000000E+00  0.000000E+00  0.000000E+00  0.000000E+00  0.000000E+00
  -627.100  0.000000E+00  0.000000E+00  0.000000E+00  0.000000E+00  0.000000E+00
  -627.000  0.000000E+00  0.000000E+00  0.000000E+00  0.000000E+00  0.000000E+00
  -626.900  0.000000E+00  0.000000E+00  0.000000E+00  0.000000E+00  0.000000E+00
  -626.800  0.000000E+00  0.000000E+00  0.000000E+00  0.000000E+00  0.000000E+00
  -626.700  0.000000E+00  0.000000E+00  0.000000E+00  0.000000E+00  0.000000E+00
  -626.600  0.000000E+00  0.000000E+00  0.000000E+00  0.000000E+00  0.000000E+00
  -626.500  0.000000E+00  0.000000E+00  0.000000E+00  0.000000E+00  0.000000E+00
  -626.400  0.000000E+00  0.000000E+00  0.000000E+00  0.000000E+00  0.000000E+00
  -626.300  0.000000E+00  0.000000E+00  0.000000E+00  0.000000E+00  0.000000E+00
  -626.200  0.000000E+00  0.000000E+00  0.000000E+00  0.000000E+00  0.000000E+00
  -626.100  0.000000E+00  0.000000E+00  0.000000E+00  0.000000E+00  0.000000E+00
  -626.000  0.000000E+00  0.000000E+00  0.000000E+00  0.000000E+00  0.000000E+00
  -625.900  0.000000E+00  0.000000E+00  0.000000E+00  0.000000E+00  0.000000E+00
  -625.800  0.000000E+00  0.000000E+00  0.000000E+00  0.000000E+00  0.000000E+00
  -625.700  0.000000E+00  0.000000E+00  0.000000E+00  0.000000E+00  0.000000E+00
  -625.600  0.000000E+00  0.000000E+00  0.000000E+00  0.000000E+00  0.000000E+00
  -625.500  0.000000E+00  0.000000E+00  0.000000E+00  0.000000E+00  0.000000E+00
  -625.400  0.000000E+00  0.000000E+00  0.000000E+00  0.000000E+00  0.000000E+00
  -625.300  0.000000E+00  0.000000E+00  0.000000E+00  0.000000E+00  0.000000E+00
  -625.200  0.000000E+00  0.000000E+00  0.000000E+00  0.000000E+00  0.000000E+00
  -625.100  0.000000E+00  0.000000E+00  0.000000E+00  0.000000E+00  0.000000E+00
  -625.000  0.000000E+00  0.000000E+00  0.000000E+00  0.000000E+00  0.000000E+00
  -624.900  0.000000E+00  0.000000E+00  0.000000E+00  0.000000E+00  0.000000E+00
  -624.800  0.000000E+00  0.000000E+00  0.000000E+00  0.000000E+00  0.000000E+00
  -624.700  0.000000E+00  0.000000E+00  0.000000E+00  0.000000E+00  0.000000E+00
  -624.600  0.000000E+00  0.000000E+00  0.000000E+00  0.000000E+00  0.000000E+00
  -624.500  0.000000E+00  0.000000E+00  0.000000E+00  0.000000E+00  0.000000E+00
  -624.400  0.000000E+00  0.000000E+00  0.000000E+00  0.000000E+00  0.000000E+00
  -624.300  0.000000E+00  0.000000E+00  0.000000E+00  0.000000E+00  0.000000E+00
  -624.200  0.000000E+00  0.000000E+00  0.000000E+00  0.000000E+00  0.000000E+00
  -624.100  0.000000E+00  0.000000E+00  0.000000E+00  0.000000E+00  0.000000E+00
  -624.000  0.000000E+00  0.000000E+00  0.000000E+00  0.000000E+00  0.000000E+00
  -623.900  0.000000E+00  0.000000E+00  0.000000E+00  0.000000E+00  0.000000E+00
  -623.800  0.000000E+00  0.000000E+00  0.000000E+00  0.000000E+00  0.000000E+00
  -623.700  0.000000E+00  0.000000E+00  0.000000E+00  0.000000E+00  0.000000E+00
  -623.600  0.000000E+00  0.000000E+00  0.000000E+00  0.000000E+00  0.000000E+00
  -623.500  0.000000E+00  0.000000E+00  0.000000E+00  0.000000E+00  0.000000E+00
  -623.400  0.000000E+00  0.000000E+00  0.000000E+00  0.000000E+00  0.000000E+00
  -623.300  0.000000E+00  0.000000E+00  0.000000E+00  0.000000E+00  0.000000E+00
  -623.200  0.000000E+00  0.000000E+00  0.000000E+00  0.000000E+00  0.000000E+00
  -623.100  0.000000E+00  0.000000E+00  0.000000E+00  0.000000E+00  0.000000E+00
  -623.000  0.000000E+00  0.000000E+00  0.000000E+00  0.000000E+00  0.000000E+00
  -622.900  0.000000E+00  0.000000E+00  0.000000E+00  0.000000E+00  0.000000E+00
  -622.800  0.000000E+00  0.000000E+00  0.000000E+00  0.000000E+00  0.000000E+00
  -622.700  0.000000E+00  0.000000E+00  0.000000E+00  0.000000E+00  0.000000E+00
  -622.600  0.000000E+00  0.000000E+00  0.000000E+00  0.000000E+00  0.000000E+00
  -622.500  0.000000E+00  0.000000E+00  0.000000E+00  0.000000E+00  0.000000E+00
  -622.400  0.000000E+00  0.000000E+00  0.000000E+00  0.000000E+00  0.000000E+00
  -622.300  0.000000E+00  0.000000E+00  0.000000E+00  0.000000E+00  0.000000E+00
  -622.200  0.000000E+00  0.000000E+00  0.000000E+00  0.000000E+00  0.000000E+00
  -622.100  0.000000E+00  0.000000E+00  0.000000E+00  0.000000E+00  0.000000E+00
  -622.000  0.000000E+00  0.000000E+00  0.000000E+00  0.000000E+00  0.000000E+00
  -621.900  0.000000E+00  0.000000E+00  0.000000E+00  0.000000E+00  0.000000E+00
  -621.800  0.000000E+00  0.000000E+00  0.000000E+00  0.000000E+00  0.000000E+00
  -621.700  0.000000E+00  0.000000E+00  0.000000E+00  0.000000E+00  0.000000E+00
  -621.600  0.000000E+00  0.000000E+00  0.000000E+00  0.000000E+00  0.000000E+00
  -621.500  0.000000E+00  0.000000E+00  0.000000E+00  0.000000E+00  0.000000E+00
  -621.400  0.000000E+00  0.000000E+00  0.000000E+00  0.000000E+00  0.000000E+00
  -621.300  0.000000E+00  0.000000E+00  0.000000E+00  0.000000E+00  0.000000E+00
  -621.200  0.000000E+00  0.000000E+00  0.000000E+00  0.000000E+00  0.000000E+00
  -621.100  0.000000E+00  0.000000E+00  0.000000E+00  0.000000E+00  0.000000E+00
  -621.000  0.000000E+00  0.000000E+00  0.000000E+00  0.000000E+00  0.000000E+00
  -620.900  0.000000E+00  0.000000E+00  0.000000E+00  0.000000E+00  0.000000E+00
  -620.800  0.000000E+00  0.000000E+00  0.000000E+00  0.000000E+00  0.000000E+00
  -620.700  0.000000E+00  0.000000E+00  0.000000E+00  0.000000E+00  0.000000E+00
  -620.600  0.000000E+00  0.000000E+00  0.000000E+00  0.000000E+00  0.000000E+00
  -620.500  0.000000E+00  0.000000E+00  0.000000E+00  0.000000E+00  0.000000E+00
  -620.400  0.000000E+00  0.000000E+00  0.000000E+00  0.000000E+00  0.000000E+00
  -620.300  0.000000E+00  0.000000E+00  0.000000E+00  0.000000E+00  0.000000E+00
  -620.200  0.000000E+00  0.000000E+00  0.000000E+00  0.000000E+00  0.000000E+00
  -620.100  0.000000E+00  0.000000E+00  0.000000E+00  0.000000E+00  0.000000E+00
  -620.000  0.000000E+00  0.000000E+00  0.000000E+00  0.000000E+00  0.000000E+00
