  x           300.0          873.0         1273.0         1673.0      Infinity
  -680.000  0.000000E+00  0.000000E+00  0.000000E+00  0.000000E+00  0.000000E+00
  -679.900  0.000000E+00  0.000000E+00  0.000000E+00  0.000000E+00  0.000000E+00
  -679.800  0.000000E+00  0.000000E+00  0.000000E+00  0.000000E+00  0.000000E+00
  -679.700  0.000000E+00  0.000000E+00  0.000000E+00  0.000000E+00  0.000000E+00
  -679.600  0.000000E+00  0.000000E+00  0.000000E+00  0.000000E+00  0.000000E+00
  -679.500  0.000000E+00  0.000000E+00  0.000000E+00  0.000000E+00  0.000000E+00
  -679.400  0.000000E+00  0.000000E+00  0.000000E+00  0.000000E+00  0.000000E+00
  -679.300  0.000000E+00  0.000000E+00  0.000000E+00  0.000000E+00  0.000000E+00
  -679.200  0.000000E+00  0.000000E+00  0.000000E+00  0.000000E+00  0.000000E+00
  -679.100  0.000000E+00  0.000000E+00  0.000000E+00  0.000000E+00  0.000000E+00
  -679.000  0.000000E+00  0.000000E+00  0.000000E+00  0.000000E+00  0.000000E+00
  -678.900  0.000000E+00  0.000000E+00  0.000000E+00  0.000000E+00  0.000000E+00
  -678.800  0.000000E+00  0.000000E+00  0.000000E+00  0.000000E+00  0.000000E+00
  -678.700  0.000000E+00  0.000000E+00  0.000000E+00  0.000000E+00  0.000000E+00
  -678.600  0.000000E+00  0.000000E+00  0.000000E+00  0.000000E+00  0.000000E+00
  -678.500  0.000000E+00  0.000000E+00  0.000000E+00  0.000000E+00  0.000000E+00
  -678.400  0.000000E+00  0.000000E+00  0.000000E+00  0.000000E+00  0.000000E+00
  -678.300  0.000000E+00  0.000000E+00  0.000000E+00  0.000000E+00  0.000000E+00
  -678.200  0.000000E+00  0.000000E+00  0.000000E+00  0.000000E+00  0.000000E+00
  -678.100  0.000000E+00  0.000000E+00  0.000000E+00  0.000000E+00  0.000000E+00
  -678.000  0.000000E+00  0.000000E+00  0.000000E+00  0.000000E+00  0.000000E+00
  -677.900  0.000000E+00  0.000000E+00  0.000000E+00  0.000000E+00  0.000000E+00
  -677.800  0.000000E+00  0.000000E+00  0.000000E+00  0.000000E+00  0.000000E+00
  -677.700  0.000000E+00  0.000000E+00  0.000000E+00  0.000000E+00  0.000000E+00
  -677.600  0.000000E+00  0.000000E+00  0.000000E+00  0.000000E+00  0.000000E+00
  -677.500  0.000000E+00  0.000000E+00  0.000000E+00  0.000000E+00  0.000000E+00
  -677.400  0.000000E+00  0.000000E+00  0.000000E+00  0.000000E+00  0.000000E+00
  -677.300  0.000000E+00  0.000000E+00  0.000000E+00  0.000000E+00  0.000000E+00
  -677.200  0.000000E+00  0.000000E+00  0.000000E+00  0.000000E+00  0.000000E+00
  -677.100  0.000000E+00  0.000000E+00  0.000000E+00  0.000000E+00  0.000000E+00
  -677.000  0.000000E+00  0.000000E+00  0.000000E+00  0.000000E+00  0.000000E+00
  -676.900  0.000000E+00  0.000000E+00  0.000000E+00  0.000000E+00  0.000000E+00
  -676.800  0.000000E+00  0.000000E+00  0.000000E+00  0.000000E+00  0.000000E+00
  -676.700  0.000000E+00  0.000000E+00  0.000000E+00  0.000000E+00  0.000000E+00
  -676.600  0.000000E+00  0.000000E+00  0.000000E+00  0.000000E+00  0.000000E+00
  -676.500  0.000000E+00  0.000000E+00  0.000000E+00  0.000000E+00  0.000000E+00
  -676.400  0.000000E+00  0.000000E+00  0.000000E+00  0.000000E+00  0.000000E+00
  -676.300  0.000000E+00  0.000000E+00  0.000000E+00  0.000000E+00  0.000000E+00
  -676.200  0.000000E+00  0.000000E+00  0.000000E+00  0.000000E+00  0.000000E+00
  -676.100  0.000000E+00  0.000000E+00  0.000000E+00  0.000000E+00  0.000000E+00
  -676.000  0.000000E+00  0.000000E+00  0.000000E+00  0.000000E+00  0.000000E+00
  -675.900  0.000000E+00  0.000000E+00  0.000000E+00  0.000000E+00  0.000000E+00
  -675.800  0.000000E+00  0.000000E+00  0.000000E+00  0.000000E+00  0.000000E+00
  -675.700  0.000000E+00  0.000000E+00  0.000000E+00  0.000000E+00  0.000000E+00
  -675.600  0.000000E+00  0.000000E+00  0.000000E+00  0.000000E+00  0.000000E+00
  -675.500  0.000000E+00  0.000000E+00  0.000000E+00  0.000000E+00  0.000000E+00
  -675.400  0.000000E+00  0.000000E+00  0.000000E+00  0.000000E+00  0.000000E+00
  -675.300  0.000000E+00  0.000000E+00  0.000000E+00  0.000000E+00  0.000000E+00
  -675.200  0.000000E+00  0.000000E+00  0.000000E+00  0.000000E+00  0.000000E+00
  -675.100  0.000000E+00  0.000000E+00  0.000000E+00  0.000000E+00  0.000000E+00
  -675.000  0.000000E+00  0.000000E+00  0.000000E+00  0.000000E+00  0.000000E+00
  -674.900  0.000000E+00  0.000000E+00  0.000000E+00  0.000000E+00  0.000000E+00
  -674.800  0.000000E+00  0.000000E+00  0.000000E+00  0.000000E+00  0.000000E+00
  -674.700  0.000000E+00  0.000000E+00  0.000000E+00  0.000000E+00  0.000000E+00
  -674.600  0.000000E+00  0.000000E+00  0.000000E+00  0.000000E+00  0.000000E+00
  -674.500  0.000000E+00  0.000000E+00  0.000000E+00  0.000000E+00  0.000000E+00
  -674.400  0.000000E+00  0.000000E+00  0.000000E+00  0.000000E+00  0.000000E+00
  -674.300  0.000000E+00  0.000000E+00  0.000000E+00  0.000000E+00  0.000000E+00
  -674.200  0.000000E+00  0.000000E+00  0.000000E+00  0.000000E+00  0.000000E+00
  -674.100  0.000000E+00  0.000000E+00  0.000000E+00  0.000000E+00  0.000000E+00
  -674.000  0.000000E+00  0.000000E+00  0.000000E+00  0.000000E+00  0.000000E+00
  -673.900  0.000000E+00  0.000000E+00  0.000000E+00  0.000000E+00  0.000000E+00
  -673.800  0.000000E+00  0.000000E+00  0.000000E+00  0.000000E+00  0.000000E+00
  -673.700  0.000000E+00  0.000000E+00  0.000000E+00  0.000000E+00  0.000000E+00
  -673.600  0.000000E+00  0.000000E+00  0.000000E+00  0.000000E+00  0.000000E+00
  -673.500  0.000000E+00  0.000000E+00  0.000000E+00  0.000000E+00  0.000000E+00
  -673.400  0.000000E+00  0.000000E+00  0.000000E+00  0.000000E+00  0.000000E+00
  -673.300  0.000000E+00  0.000000E+00  0.000000E+00  0.000000E+00  0.000000E+00
  -673.200  0.000000E+00  0.000000E+00  0.000000E+00  0.000000E+00  0.000000E+00
  -673.100  0.000000E+00  0.000000E+00  0.000000E+00  0.000000E+00  0.000000E+00
  -673.000  0.000000E+00  0.000000E+00  0.000000E+00  0.000000E+00  0.000000E+00
  -672.900  0.000000E+00  0.000000E+00  0.000000E+00  0.000000E+00  0.000000E+00
  -672.800  0.000000E+00  0.000000E+00  0.000000E+00  0.000000E+00  0.000000E+00
  -672.700  0.000000E+00  0.000000E+00  0.000000E+00  0.000000E+00  0.000000E+00
  -672.600  0.000000E+00  0.000000E+00  0.000000E+00  0.000000E+00  0.000000E+00
  -672.500  0.000000E+00  0.000000E+00  0.000000E+00  0.000000E+00  0.000000E+00
  -672.400  0.000000E+00  0.000000E+00  0.000000E+00  0.000000E+00  0.000000E+00
  -672.300  0.000000E+00  0.000000E+00  0.000000E+00  0.000000E+00  0.000000E+00
  -672.200  0.000000E+00  0.000000E+00  0.000000E+00  0.000000E+00  0.000000E+00
  -672.100  0.000000E+00  0.000000E+00  0.000000E+00  0.000000E+00  0.000000E+00
  -672.000  0.000000E+00  0.000000E+00  0.000000E+00  0.000000E+00  0.000000E+00
  -671.900  0.000000E+00  0.000000E+00  0.000000E+00  0.000000E+00  0.000000E+00
  -671.800  0.000000E+00  0.000000E+00  0.000000E+00  0.000000E+00  0.000000E+00
  -671.700  0.000000E+00  0.000000E+00  0.000000E+00  0.000000E+00  0.000000E+00
  -671.600  0.000000E+00  0.000000E+00  0.000000E+00  0.000000E+00  0.000000E+00
  -671.500  0.000000E+00  0.000000E+00  0.000000E+00  0.000000E+00  0.000000E+00
  -671.400  0.000000E+00  0.000000E+00  0.000000E+00  0.000000E+00  0.000000E+00
  -671.300  0.000000E+00  0.000000E+00  0.000000E+00  0.000000E+00  0.000000E+00
  -671.200  0.000000E+00  0.000000E+00  0.000000E+00  0.000000E+00  0.000000E+00
  -671.100  0.000000E+00  0.000000E+00  0.000000E+00  0.000000E+00  0.000000E+00
  -671.000  0.000000E+00  0.000000E+00  0.000000E+00  0.000000E+00  0.000000E+00
  -670.900  0.000000E+00  0.000000E+00  0.000000E+00  0.000000E+00  0.000000E+00
  -670.800  0.000000E+00  0.000000E+00  0.000000E+00  0.000000E+00  0.000000E+00
  -670.700  0.000000E+00  0.000000E+00  0.000000E+00  0.000000E+00  0.000000E+00
  -670.600  0.000000E+00  0.000000E+00  0.000000E+00  0.000000E+00  0.000000E+00
  -670.500  0.000000E+00  0.000000E+00  0.000000E+00  0.000000E+00  0.000000E+00
  -670.400  0.000000E+00  0.000000E+00  0.000000E+00  0.000000E+00  0.000000E+00
  -670.300  0.000000E+00  0.000000E+00  0.000000E+00  0.000000E+00  0.000000E+00
  -670.200  0.000000E+00  0.000000E+00  0.000000E+00  0.000000E+00  0.000000E+00
  -670.100  0.000000E+00  0.000000E+00  0.000000E+00  0.000000E+00  0.000000E+00
  -670.000  0.000000E+00  0.000000E+00  0.000000E+00  0.000000E+00  0.000000E+00
  -669.900  0.000000E+00  0.000000E+00  0.000000E+00  0.000000E+00  0.000000E+00
  -669.800  0.000000E+00  0.000000E+00  0.000000E+00  0.000000E+00  0.000000E+00
  -669.700  0.000000E+00  0.000000E+00  0.000000E+00  0.000000E+00  0.000000E+00
  -669.600  0.000000E+00  0.000000E+00  0.000000E+00  0.000000E+00  0.000000E+00
  -669.500  0.000000E+00  0.000000E+00  0.000000E+00  0.000000E+00  0.000000E+00
  -669.400  0.000000E+00  0.000000E+00  0.000000E+00  0.000000E+00  0.000000E+00
  -669.300  0.000000E+00  0.000000E+00  0.000000E+00  0.000000E+00  0.000000E+00
  -669.200  0.000000E+00  0.000000E+00  0.000000E+00  0.000000E+00  0.000000E+00
  -669.100  0.000000E+00  0.000000E+00  0.000000E+00  0.000000E+00  0.000000E+00
  -669.000  0.000000E+00  0.000000E+00  0.000000E+00  0.000000E+00  0.000000E+00
  -668.900  0.000000E+00  0.000000E+00  0.000000E+00  0.000000E+00  0.000000E+00
  -668.800  0.000000E+00  0.000000E+00  0.000000E+00  0.000000E+00  0.000000E+00
  -668.700  0.000000E+00  0.000000E+00  0.000000E+00  0.000000E+00  0.000000E+00
  -668.600  0.000000E+00  0.000000E+00  0.000000E+00  0.000000E+00  0.000000E+00
  -668.500  0.000000E+00  0.000000E+00  0.000000E+00  0.000000E+00  0.000000E+00
  -668.400  0.000000E+00  0.000000E+00  0.000000E+00  0.000000E+00  0.000000E+00
  -668.300  0.000000E+00  0.000000E+00  0.000000E+00  0.000000E+00  0.000000E+00
  -668.200  0.000000E+00  0.000000E+00  0.000000E+00  0.000000E+00  0.000000E+00
  -668.100  0.000000E+00  0.000000E+00  0.000000E+00  0.000000E+00  0.000000E+00
  -668.000  0.000000E+00  0.000000E+00  0.000000E+00  0.000000E+00  0.000000E+00
  -667.900  0.000000E+00  0.000000E+00  0.000000E+00  0.000000E+00  0.000000E+00
  -667.800  0.000000E+00  0.000000E+00  0.000000E+00  0.000000E+00  0.000000E+00
  -667.700  0.000000E+00  0.000000E+00  0.000000E+00  0.000000E+00  0.000000E+00
  -667.600  0.000000E+00  0.000000E+00  0.000000E+00  0.000000E+00  0.000000E+00
  -667.500  0.000000E+00  0.134774E-04  0.138868E-04  0.140719E-04  0.145295E-04
  -667.400  0.145050E-04  0.200922E-04  0.206869E-04  0.209549E-04  0.216137E-04
  -667.300  0.215844E-04  0.297057E-04  0.305612E-04  0.309454E-04  0.318838E-04
  -667.200  0.318600E-04  0.435600E-04  0.447788E-04  0.453241E-04  0.466469E-04
  -667.100  0.466508E-04  0.633595E-04  0.650794E-04  0.658461E-04  0.676915E-04
  -667.000  0.677636E-04  0.914208E-04  0.938257E-04  0.948931E-04  0.974416E-04
  -666.900  0.976492E-04  0.130863E-03  0.134195E-03  0.135667E-03  0.139151E-03
  -666.800  0.139598E-03  0.185843E-03  0.190419E-03  0.192431E-03  0.197148E-03
  -666.700  0.197983E-03  0.261848E-03  0.268078E-03  0.270805E-03  0.277129E-03
  -666.600  0.278551E-03  0.366046E-03  0.374457E-03  0.378119E-03  0.386519E-03
  -666.500  0.388774E-03  0.507699E-03  0.518962E-03  0.523838E-03  0.534896E-03
  -666.400  0.538255E-03  0.698650E-03  0.713612E-03  0.720052E-03  0.734481E-03
  -666.300  0.739189E-03  0.953864E-03  0.973586E-03  0.982027E-03  0.100070E-02
  -666.200  0.100688E-02  0.129204E-02  0.131784E-02  0.132882E-02  0.135279E-02
  -666.100  0.136027E-02  0.173623E-02  0.176976E-02  0.178394E-02  0.181448E-02
  -666.000  0.182254E-02  0.231457E-02  0.235782E-02  0.237600E-02  0.241467E-02
  -665.900  0.242162E-02  0.306084E-02  0.311626E-02  0.313944E-02  0.318808E-02
  -665.800  0.319070E-02  0.401514E-02  0.408572E-02  0.411508E-02  0.417592E-02
  -665.700  0.416866E-02  0.522434E-02  0.531366E-02  0.535064E-02  0.542638E-02
  -665.600  0.540028E-02  0.674243E-02  0.685481E-02  0.690114E-02  0.699504E-02
  -665.500  0.693635E-02  0.863058E-02  0.877121E-02  0.882897E-02  0.894498E-02
  -665.400  0.883341E-02  0.109570E-01  0.111321E-01  0.112037E-01  0.113467E-01
  -665.300  0.111533E-01  0.137965E-01  0.140132E-01  0.141018E-01  0.142776E-01
  -665.200  0.139620E-01  0.172293E-01  0.174963E-01  0.176053E-01  0.178212E-01
  -665.100  0.173290E-01  0.213399E-01  0.216673E-01  0.218010E-01  0.220659E-01
  -665.000  0.213249E-01  0.262152E-01  0.266149E-01  0.267783E-01  0.271031E-01
  -664.900  0.260198E-01  0.319425E-01  0.324282E-01  0.326273E-01  0.330254E-01
  -664.800  0.314808E-01  0.386067E-01  0.391945E-01  0.394362E-01  0.399239E-01
  -664.700  0.377696E-01  0.462878E-01  0.469961E-01  0.472886E-01  0.478858E-01
  -664.600  0.449394E-01  0.550575E-01  0.559076E-01  0.562606E-01  0.569911E-01
  -664.500  0.530325E-01  0.649767E-01  0.659929E-01  0.664174E-01  0.673099E-01
  -664.400  0.620773E-01  0.760924E-01  0.773022E-01  0.778112E-01  0.788997E-01
  -664.300  0.720860E-01  0.884351E-01  0.898697E-01  0.904779E-01  0.918023E-01
  -664.200  0.830530E-01  0.102016E+00  0.103711E+00  0.104435E+00  0.106042E+00
  -664.100  0.949527E-01  0.116828E+00  0.118821E+00  0.119680E+00  0.121623E+00
  -664.000  0.107739E+00  0.132839E+00  0.135173E+00  0.136188E+00  0.138528E+00
  -663.900  0.121346E+00  0.149997E+00  0.152720E+00  0.153914E+00  0.156720E+00
  -663.800  0.135686E+00  0.168226E+00  0.171389E+00  0.172788E+00  0.176136E+00
  -663.700  0.150653E+00  0.187431E+00  0.191087E+00  0.192719E+00  0.196693E+00
  -663.600  0.166125E+00  0.207493E+00  0.211701E+00  0.213596E+00  0.218284E+00
  -663.500  0.181962E+00  0.228276E+00  0.233096E+00  0.235284E+00  0.240784E+00
  -663.400  0.198015E+00  0.249625E+00  0.255120E+00  0.257633E+00  0.264044E+00
  -663.300  0.214125E+00  0.271370E+00  0.277602E+00  0.280473E+00  0.287899E+00
  -663.200  0.230128E+00  0.293328E+00  0.300359E+00  0.303621E+00  0.312167E+00
  -663.100  0.245858E+00  0.315307E+00  0.323196E+00  0.326881E+00  0.336648E+00
  -663.000  0.261152E+00  0.337105E+00  0.345910E+00  0.350047E+00  0.361133E+00
  -662.900  0.275855E+00  0.358520E+00  0.368289E+00  0.372906E+00  0.385402E+00
  -662.800  0.289822E+00  0.379347E+00  0.390122E+00  0.395243E+00  0.409228E+00
  -662.700  0.302926E+00  0.399388E+00  0.411201E+00  0.416843E+00  0.432383E+00
  -662.600  0.315056E+00  0.418453E+00  0.431324E+00  0.437499E+00  0.454643E+00
  -662.500  0.326130E+00  0.436367E+00  0.450301E+00  0.457016E+00  0.475790E+00
  -662.400  0.336091E+00  0.452976E+00  0.467963E+00  0.475214E+00  0.495621E+00
  -662.300  0.344912E+00  0.468152E+00  0.484163E+00  0.491938E+00  0.513953E+00
  -662.200  0.352603E+00  0.481795E+00  0.498784E+00  0.507061E+00  0.530629E+00
  -662.100  0.359206E+00  0.493842E+00  0.511742E+00  0.520490E+00  0.545524E+00
  -662.000  0.364799E+00  0.504269E+00  0.522994E+00  0.532170E+00  0.558550E+00
  -661.900  0.369492E+00  0.513091E+00  0.532534E+00  0.542085E+00  0.569656E+00
  -661.800  0.373429E+00  0.520365E+00  0.540402E+00  0.550264E+00  0.578839E+00
  -661.700  0.376778E+00  0.526189E+00  0.546675E+00  0.556777E+00  0.586133E+00
  -661.600  0.379728E+00  0.530695E+00  0.551472E+00  0.561731E+00  0.591620E+00
  -661.500  0.382482E+00  0.534047E+00  0.554943E+00  0.565271E+00  0.595415E+00
  -661.400  0.385248E+00  0.536434E+00  0.557268E+00  0.567570E+00  0.597670E+00
  -661.300  0.388229E+00  0.538062E+00  0.558646E+00  0.568822E+00  0.598563E+00
  -661.200  0.391616E+00  0.539142E+00  0.559285E+00  0.569234E+00  0.598292E+00
  -661.100  0.395578E+00  0.539886E+00  0.559398E+00  0.569020E+00  0.597065E+00
  -661.000  0.400253E+00  0.540491E+00  0.559189E+00  0.568384E+00  0.595092E+00
  -660.900  0.405743E+00  0.541134E+00  0.558845E+00  0.567519E+00  0.592578E+00
  -660.800  0.412112E+00  0.541968E+00  0.558530E+00  0.566596E+00  0.589712E+00
  -660.700  0.419377E+00  0.543108E+00  0.558380E+00  0.565759E+00  0.586664E+00
  -660.600  0.427515E+00  0.544637E+00  0.558495E+00  0.565118E+00  0.583578E+00
  -660.500  0.436464E+00  0.546600E+00  0.558942E+00  0.564753E+00  0.580570E+00
  -660.400  0.446126E+00  0.549005E+00  0.559756E+00  0.564710E+00  0.577727E+00
  -660.300  0.456380E+00  0.551833E+00  0.560938E+00  0.565005E+00  0.575109E+00
  -660.200  0.467084E+00  0.555037E+00  0.562468E+00  0.565629E+00  0.572752E+00
  -660.100  0.478094E+00  0.558554E+00  0.564306E+00  0.566558E+00  0.570674E+00
  -660.000  0.489267E+00  0.562315E+00  0.566404E+00  0.567754E+00  0.568880E+00
  -659.900  0.500475E+00  0.566251E+00  0.568713E+00  0.569178E+00  0.567371E+00
  -659.800  0.511616E+00  0.570305E+00  0.571191E+00  0.570801E+00  0.566151E+00
  -659.700  0.522616E+00  0.574438E+00  0.573815E+00  0.572606E+00  0.565232E+00
  -659.600  0.533436E+00  0.578639E+00  0.576584E+00  0.574599E+00  0.564645E+00
  -659.500  0.544077E+00  0.582927E+00  0.579526E+00  0.576812E+00  0.564442E+00
  -659.400  0.554574E+00  0.587355E+00  0.582699E+00  0.579308E+00  0.564698E+00
  -659.300  0.564995E+00  0.592009E+00  0.586196E+00  0.582182E+00  0.565520E+00
  -659.200  0.575435E+00  0.597011E+00  0.590139E+00  0.585559E+00  0.567038E+00
  -659.100  0.586008E+00  0.602508E+00  0.594680E+00  0.589591E+00  0.569410E+00
  -659.000  0.596839E+00  0.608671E+00  0.599993E+00  0.594453E+00  0.572815E+00
  -658.900  0.608054E+00  0.615686E+00  0.606267E+00  0.600338E+00  0.577448E+00
  -658.800  0.619769E+00  0.623747E+00  0.613703E+00  0.607447E+00  0.583517E+00
  -658.700  0.632087E+00  0.633047E+00  0.622500E+00  0.615984E+00  0.591232E+00
  -658.600  0.645083E+00  0.643767E+00  0.632850E+00  0.626144E+00  0.600796E+00
  -658.500  0.658807E+00  0.656073E+00  0.644929E+00  0.638106E+00  0.612403E+00
  -658.400  0.673275E+00  0.670101E+00  0.658884E+00  0.652027E+00  0.626223E+00
  -658.300  0.688466E+00  0.685953E+00  0.674835E+00  0.668029E+00  0.642394E+00
  -658.200  0.704324E+00  0.703691E+00  0.692854E+00  0.686194E+00  0.661015E+00
  -658.100  0.720758E+00  0.723327E+00  0.712968E+00  0.706554E+00  0.682137E+00
  -658.000  0.737637E+00  0.744821E+00  0.735149E+00  0.729087E+00  0.705755E+00
  -657.900  0.754800E+00  0.768072E+00  0.759309E+00  0.753710E+00  0.731799E+00
  -657.800  0.772052E+00  0.792921E+00  0.785293E+00  0.780272E+00  0.760130E+00
  -657.700  0.789172E+00  0.819144E+00  0.812881E+00  0.808554E+00  0.790535E+00
  -657.600  0.805909E+00  0.846453E+00  0.841784E+00  0.838268E+00  0.822725E+00
  -657.500  0.821995E+00  0.874501E+00  0.871649E+00  0.869056E+00  0.856335E+00
  -657.400  0.837146E+00  0.902882E+00  0.902057E+00  0.900496E+00  0.890926E+00
  -657.300  0.851070E+00  0.931145E+00  0.932539E+00  0.932108E+00  0.925994E+00
  -657.200  0.863474E+00  0.958797E+00  0.962577E+00  0.963363E+00  0.960979E+00
  -657.100  0.874078E+00  0.985320E+00  0.991624E+00  0.993700E+00  0.995276E+00
  -657.000  0.882621E+00  0.101018E+01  0.101912E+01  0.102254E+01  0.102826E+01
  -656.900  0.888874E+00  0.103287E+01  0.104449E+01  0.104929E+01  0.105928E+01
  -656.800  0.892656E+00  0.105288E+01  0.106721E+01  0.107340E+01  0.108771E+01
  -656.700  0.893838E+00  0.106976E+01  0.108676E+01  0.109434E+01  0.111297E+01
  -656.600  0.892360E+00  0.108311E+01  0.110271E+01  0.111164E+01  0.113450E+01
  -656.500  0.888235E+00  0.109263E+01  0.111470E+01  0.112491E+01  0.115185E+01
  -656.400  0.881555E+00  0.109809E+01  0.112244E+01  0.113386E+01  0.116463E+01
  -656.300  0.872493E+00  0.109938E+01  0.112578E+01  0.113829E+01  0.117257E+01
  -656.200  0.861301E+00  0.109649E+01  0.112467E+01  0.113813E+01  0.117554E+01
  -656.100  0.848304E+00  0.108952E+01  0.111916E+01  0.113341E+01  0.117349E+01
  -656.000  0.833888E+00  0.107868E+01  0.110943E+01  0.112431E+01  0.116653E+01
  -655.900  0.818492E+00  0.106431E+01  0.109579E+01  0.111109E+01  0.115489E+01
  -655.800  0.802585E+00  0.104682E+01  0.107861E+01  0.109414E+01  0.113889E+01
  -655.700  0.786651E+00  0.102668E+01  0.105837E+01  0.107392E+01  0.111899E+01
  -655.600  0.771169E+00  0.100445E+01  0.103563E+01  0.105097E+01  0.109569E+01
  -655.500  0.756594E+00  0.980722E+00  0.101097E+01  0.102590E+01  0.106960E+01
  -655.400  0.743337E+00  0.956086E+00  0.985005E+00  0.999309E+00  0.104135E+01
  -655.300  0.731747E+00  0.931140E+00  0.958359E+00  0.971846E+00  0.101160E+01
  -655.200  0.722101E+00  0.906451E+00  0.931634E+00  0.944124E+00  0.981020E+00
  -655.100  0.714591E+00  0.882539E+00  0.905390E+00  0.916724E+00  0.950237E+00
  -655.000  0.709318E+00  0.859861E+00  0.880132E+00  0.890175E+00  0.919850E+00
  -654.900  0.706291E+00  0.838795E+00  0.856292E+00  0.864934E+00  0.890396E+00
  -654.800  0.705427E+00  0.819632E+00  0.834216E+00  0.841376E+00  0.862335E+00
  -654.700  0.706560E+00  0.802568E+00  0.814159E+00  0.819788E+00  0.836042E+00
  -654.600  0.709445E+00  0.787707E+00  0.796282E+00  0.800357E+00  0.811798E+00
  -654.500  0.713773E+00  0.775054E+00  0.780647E+00  0.783176E+00  0.789787E+00
  -654.400  0.719185E+00  0.764528E+00  0.767224E+00  0.768241E+00  0.770094E+00
  -654.300  0.725284E+00  0.755964E+00  0.755896E+00  0.755463E+00  0.752712E+00
  -654.200  0.731648E+00  0.749126E+00  0.746470E+00  0.744671E+00  0.737545E+00
  -654.100  0.737848E+00  0.743720E+00  0.738687E+00  0.735623E+00  0.724419E+00
  -654.000  0.743463E+00  0.739405E+00  0.732234E+00  0.728025E+00  0.713095E+00
  -653.900  0.748085E+00  0.735808E+00  0.726759E+00  0.721537E+00  0.703278E+00
  -653.800  0.751338E+00  0.732541E+00  0.721889E+00  0.715795E+00  0.694639E+00
  -653.700  0.752886E+00  0.729213E+00  0.717241E+00  0.710420E+00  0.686823E+00
  -653.600  0.752439E+00  0.725449E+00  0.712440E+00  0.705041E+00  0.679471E+00
  -653.500  0.749765E+00  0.720900E+00  0.707133E+00  0.699304E+00  0.672233E+00
  -653.400  0.744695E+00  0.715259E+00  0.701005E+00  0.692889E+00  0.664784E+00
  -653.300  0.737123E+00  0.708270E+00  0.693786E+00  0.685522E+00  0.656838E+00
  -653.200  0.727019E+00  0.699743E+00  0.685269E+00  0.676988E+00  0.648160E+00
  -653.100  0.714422E+00  0.689557E+00  0.675314E+00  0.667137E+00  0.638576E+00
  -653.000  0.699447E+00  0.677666E+00  0.663856E+00  0.655896E+00  0.627982E+00
  -652.900  0.682280E+00  0.664104E+00  0.650906E+00  0.643263E+00  0.616346E+00
  -652.800  0.663175E+00  0.648983E+00  0.636552E+00  0.629316E+00  0.603711E+00
  -652.700  0.642447E+00  0.632488E+00  0.620958E+00  0.614205E+00  0.590189E+00
  -652.600  0.620467E+00  0.614871E+00  0.604351E+00  0.598149E+00  0.575960E+00
  -652.500  0.597648E+00  0.596439E+00  0.587018E+00  0.581419E+00  0.561259E+00
  -652.400  0.574434E+00  0.577544E+00  0.569289E+00  0.564335E+00  0.546367E+00
  -652.300  0.551289E+00  0.558566E+00  0.551521E+00  0.547243E+00  0.531591E+00
  -652.200  0.528676E+00  0.539895E+00  0.534086E+00  0.530503E+00  0.517257E+00
  -652.100  0.507048E+00  0.521918E+00  0.517351E+00  0.514473E+00  0.503683E+00
  -652.000  0.486827E+00  0.504998E+00  0.501662E+00  0.499487E+00  0.491173E+00
  -651.900  0.468395E+00  0.489459E+00  0.487327E+00  0.485846E+00  0.479994E+00
  -651.800  0.452075E+00  0.475576E+00  0.474603E+00  0.473797E+00  0.470364E+00
  -651.700  0.438128E+00  0.463556E+00  0.463686E+00  0.463527E+00  0.462444E+00
  -651.600  0.426735E+00  0.453536E+00  0.454699E+00  0.455155E+00  0.456328E+00
  -651.500  0.418001E+00  0.445577E+00  0.447691E+00  0.448723E+00  0.452037E+00
  -651.400  0.411947E+00  0.439659E+00  0.442636E+00  0.444198E+00  0.449520E+00
  -651.300  0.408511E+00  0.435690E+00  0.439430E+00  0.441474E+00  0.448658E+00
  -651.200  0.407554E+00  0.433504E+00  0.437905E+00  0.440378E+00  0.449264E+00
  -651.100  0.408864E+00  0.432878E+00  0.437832E+00  0.440678E+00  0.451099E+00
  -651.000  0.412167E+00  0.433534E+00  0.438930E+00  0.442094E+00  0.453876E+00
  -650.900  0.417134E+00  0.435157E+00  0.440885E+00  0.444309E+00  0.457275E+00
  -650.800  0.423397E+00  0.437408E+00  0.443357E+00  0.446986E+00  0.460955E+00
  -650.700  0.430557E+00  0.439932E+00  0.445997E+00  0.449773E+00  0.464568E+00
  -650.600  0.438201E+00  0.442378E+00  0.448455E+00  0.452324E+00  0.467768E+00
  -650.500  0.445914E+00  0.444406E+00  0.450398E+00  0.454308E+00  0.470228E+00
  -650.400  0.453290E+00  0.445699E+00  0.451515E+00  0.455417E+00  0.471643E+00
  -650.300  0.459943E+00  0.445973E+00  0.451531E+00  0.455376E+00  0.471744E+00
  -650.200  0.465523E+00  0.444984E+00  0.450207E+00  0.453953E+00  0.470304E+00
  -650.100  0.469720E+00  0.442532E+00  0.447354E+00  0.450959E+00  0.467142E+00
  -650.000  0.472275E+00  0.438468E+00  0.442830E+00  0.446258E+00  0.462129E+00
  -649.900  0.472984E+00  0.432692E+00  0.436545E+00  0.439763E+00  0.455185E+00
  -649.800  0.471706E+00  0.425160E+00  0.428463E+00  0.431440E+00  0.446286E+00
  -649.700  0.468361E+00  0.415876E+00  0.418596E+00  0.421307E+00  0.435460E+00
  -649.600  0.462934E+00  0.404894E+00  0.407006E+00  0.409430E+00  0.422781E+00
  -649.500  0.455469E+00  0.392312E+00  0.393800E+00  0.395918E+00  0.408372E+00
  -649.400  0.446069E+00  0.378271E+00  0.379124E+00  0.380921E+00  0.392396E+00
  -649.300  0.434885E+00  0.362944E+00  0.363158E+00  0.364625E+00  0.375049E+00
  -649.200  0.422113E+00  0.346532E+00  0.346110E+00  0.347238E+00  0.356555E+00
  -649.100  0.407979E+00  0.329257E+00  0.328205E+00  0.328992E+00  0.337160E+00
  -649.000  0.392732E+00  0.311350E+00  0.309683E+00  0.310127E+00  0.317118E+00
  -648.900  0.376632E+00  0.293050E+00  0.290784E+00  0.290891E+00  0.296689E+00
  -648.800  0.359937E+00  0.274588E+00  0.271747E+00  0.271522E+00  0.276130E+00
  -648.700  0.342896E+00  0.256188E+00  0.252799E+00  0.252253E+00  0.255685E+00
  -648.600  0.325738E+00  0.238054E+00  0.234149E+00  0.233294E+00  0.235579E+00
  -648.500  0.308664E+00  0.220368E+00  0.215983E+00  0.214836E+00  0.216015E+00
  -648.400  0.291846E+00  0.203286E+00  0.198460E+00  0.197042E+00  0.197169E+00
  -648.300  0.275417E+00  0.186933E+00  0.181713E+00  0.180044E+00  0.179184E+00
  -648.200  0.259480E+00  0.171408E+00  0.165841E+00  0.163946E+00  0.162173E+00
  -648.100  0.244100E+00  0.156775E+00  0.150915E+00  0.148821E+00  0.146219E+00
  -648.000  0.229313E+00  0.143076E+00  0.136976E+00  0.134712E+00  0.131371E+00
  -647.900  0.215130E+00  0.130323E+00  0.124041E+00  0.121636E+00  0.117651E+00
  -647.800  0.201543E+00  0.118508E+00  0.112104E+00  0.109589E+00  0.105059E+00
  -647.700  0.188529E+00  0.107607E+00  0.101139E+00  0.985446E-01  0.935694E-01
  -647.600  0.176060E+00  0.975791E-01  0.911054E-01  0.884632E-01  0.831420E-01
  -647.500  0.164105E+00  0.883776E-01  0.819542E-01  0.792935E-01  0.737230E-01
  -647.400  0.152641E+00  0.799487E-01  0.736284E-01  0.709772E-01  0.652495E-01
  -647.300  0.141649E+00  0.722375E-01  0.660684E-01  0.634527E-01  0.576535E-01
  -647.200  0.131126E+00  0.651907E-01  0.592151E-01  0.566577E-01  0.508646E-01
  -647.100  0.121080E+00  0.587586E-01  0.530119E-01  0.505326E-01  0.448137E-01
  -647.000  0.111537E+00  0.528973E-01  0.474070E-01  0.450218E-01  0.394342E-01
  -646.900  0.102537E+00  0.475698E-01  0.423548E-01  0.400753E-01  0.346644E-01
  -646.800  0.941363E-01  0.427469E-01  0.378166E-01  0.356500E-01  0.304484E-01
  -646.700  0.864037E-01  0.384070E-01  0.337608E-01  0.317097E-01  0.267367E-01
  -646.600  0.794223E-01  0.345364E-01  0.301637E-01  0.282256E-01  0.234867E-01
  -646.500  0.732860E-01  0.311289E-01  0.270083E-01  0.251759E-01  0.206627E-01
  -646.400  0.680978E-01  0.281850E-01  0.242843E-01  0.225452E-01  0.182355E-01
  -646.300  0.639683E-01  0.257111E-01  0.219877E-01  0.203244E-01  0.161819E-01
  -646.200  0.610126E-01  0.237189E-01  0.201194E-01  0.185095E-01  0.144845E-01
  -646.100  0.593485E-01  0.222241E-01  0.186848E-01  0.171010E-01  0.131303E-01
  -646.000  0.590923E-01  0.212454E-01  0.176925E-01  0.161030E-01  0.121107E-01
  -645.900  0.603562E-01  0.208030E-01  0.171535E-01  0.155218E-01  0.114201E-01
  -645.800  0.632430E-01  0.209173E-01  0.170794E-01  0.153652E-01  0.110552E-01
  -645.700  0.678416E-01  0.216073E-01  0.174816E-01  0.156410E-01  0.110141E-01
  -645.600  0.742212E-01  0.228885E-01  0.183694E-01  0.163555E-01  0.112950E-01
  -645.500  0.824249E-01  0.247711E-01  0.197485E-01  0.175122E-01  0.118951E-01
  -645.400  0.924637E-01  0.272578E-01  0.216192E-01  0.191103E-01  0.128098E-01
  -645.300  0.104310E+00  0.303418E-01  0.239748E-01  0.211427E-01  0.140312E-01
  -645.200  0.117891E+00  0.340047E-01  0.267997E-01  0.235952E-01  0.155472E-01
  -645.100  0.133087E+00  0.382145E-01  0.300680E-01  0.264443E-01  0.173404E-01
  -645.000  0.149723E+00  0.429245E-01  0.337425E-01  0.296569E-01  0.193874E-01
  -644.900  0.167573E+00  0.480721E-01  0.377735E-01  0.331890E-01  0.216580E-01
  -644.800  0.186357E+00  0.535788E-01  0.420988E-01  0.369855E-01  0.241151E-01
  -644.700  0.205748E+00  0.593506E-01  0.466440E-01  0.409809E-01  0.267147E-01
  -644.600  0.225375E+00  0.652793E-01  0.513236E-01  0.450995E-01  0.294064E-01
  -644.500  0.244837E+00  0.712453E-01  0.560425E-01  0.492575E-01  0.321344E-01
  -644.400  0.263714E+00  0.771201E-01  0.606990E-01  0.533648E-01  0.348387E-01
  -644.300  0.281577E+00  0.827707E-01  0.651870E-01  0.573277E-01  0.374567E-01
  -644.200  0.298008E+00  0.880639E-01  0.694004E-01  0.610522E-01  0.399256E-01
  -644.100  0.312615E+00  0.928712E-01  0.732363E-01  0.644470E-01  0.421840E-01
  -644.000  0.325045E+00  0.970737E-01  0.765991E-01  0.674274E-01  0.441749E-01
  -643.900  0.335001E+00  0.100567E+00  0.794046E-01  0.699181E-01  0.458471E-01
  -643.800  0.342251E+00  0.103264E+00  0.815826E-01  0.718567E-01  0.471581E-01
  -643.700  0.346641E+00  0.105101E+00  0.830803E-01  0.731959E-01  0.480750E-01
  -643.600  0.348094E+00  0.106037E+00  0.838644E-01  0.739053E-01  0.485763E-01
  -643.500  0.346618E+00  0.106059E+00  0.839215E-01  0.739726E-01  0.486523E-01
  -643.400  0.342298E+00  0.105176E+00  0.832588E-01  0.734034E-01  0.483056E-01
  -643.300  0.335295E+00  0.103426E+00  0.819034E-01  0.722210E-01  0.475503E-01
  -643.200  0.325830E+00  0.100865E+00  0.799000E-01  0.704644E-01  0.464114E-01
  -643.100  0.314180E+00  0.975697E-01  0.773089E-01  0.681867E-01  0.449234E-01
  -643.000  0.300661E+00  0.936330E-01  0.742027E-01  0.654517E-01  0.431284E-01
  -642.900  0.285610E+00  0.891576E-01  0.706631E-01  0.623316E-01  0.410738E-01
  -642.800  0.269380E+00  0.842526E-01  0.667770E-01  0.589032E-01  0.388110E-01
  -642.700  0.252317E+00  0.790293E-01  0.626333E-01  0.552453E-01  0.363923E-01
  -642.600  0.234756E+00  0.735970E-01  0.583194E-01  0.514352E-01  0.338698E-01
  -642.500  0.217007E+00  0.680592E-01  0.539184E-01  0.475469E-01  0.312931E-01
  -642.400  0.199351E+00  0.625112E-01  0.495068E-01  0.436483E-01  0.287078E-01
  -642.300  0.182029E+00  0.570374E-01  0.451527E-01  0.397998E-01  0.261550E-01
  -642.200  0.165249E+00  0.517106E-01  0.409146E-01  0.360538E-01  0.236699E-01
  -642.100  0.149177E+00  0.465908E-01  0.368411E-01  0.324532E-01  0.212818E-01
  -642.000  0.133942E+00  0.417255E-01  0.329705E-01  0.290323E-01  0.190138E-01
  -641.900  0.119639E+00  0.371501E-01  0.293315E-01  0.258166E-01  0.168831E-01
  -641.800  0.106329E+00  0.328887E-01  0.259435E-01  0.228234E-01  0.149016E-01
  -641.700  0.940484E-01  0.289557E-01  0.228180E-01  0.200630E-01  0.130760E-01
  -641.600  0.828092E-01  0.253567E-01  0.199596E-01  0.175392E-01  0.114089E-01
  -641.500  0.726047E-01  0.220900E-01  0.173668E-01  0.152508E-01  0.989924E-02
  -641.400  0.634133E-01  0.191485E-01  0.150336E-01  0.131923E-01  0.854312E-02
  -641.300  0.552022E-01  0.165202E-01  0.129502E-01  0.113550E-01  0.733436E-02
  -641.200  0.479299E-01  0.141901E-01  0.111042E-01  0.972754E-02  0.626517E-02
  -641.100  0.415495E-01  0.121407E-01  0.948136E-02  0.829723E-02  0.532663E-02
  -641.000  0.360100E-01  0.103531E-01  0.806611E-02  0.705016E-02  0.450913E-02
  -640.900  0.312585E-01  0.880752E-02  0.684243E-02  0.597197E-02  0.380274E-02
  -640.800  0.272408E-01  0.748424E-02  0.579415E-02  0.504818E-02  0.319752E-02
  -640.700  0.239027E-01  0.636353E-02  0.490529E-02  0.426451E-02  0.268371E-02
  -640.600  0.211901E-01  0.542627E-02  0.416035E-02  0.360716E-02  0.225187E-02
  -640.500  0.190500E-01  0.465405E-02  0.354450E-02  0.306291E-02  0.189307E-02
  -640.400  0.174300E-01  0.402934E-02  0.304365E-02  0.261926E-02  0.159890E-02
  -640.300  0.162785E-01  0.353555E-02  0.264456E-02  0.226447E-02  0.136150E-02
  -640.200  0.155452E-01  0.315708E-02  0.233483E-02  0.198760E-02  0.117363E-02
  -640.100  0.151801E-01  0.287929E-02  0.210292E-02  0.177847E-02  0.102862E-02
  -640.000  0.151343E-01  0.268847E-02  0.193809E-02  0.162769E-02  0.920374E-03
  -639.900  0.153595E-01  0.257182E-02  0.183040E-02  0.152655E-02  0.843312E-03
  -639.800  0.158081E-01  0.251734E-02  0.177062E-02  0.146704E-02  0.792364E-03
  -639.700  0.164332E-01  0.251384E-02  0.175020E-02  0.144176E-02  0.762922E-03
  -639.600  0.171892E-01  0.255083E-02  0.176122E-02  0.144389E-02  0.750797E-03
  -639.500  0.180315E-01  0.261856E-02  0.179637E-02  0.146715E-02  0.752193E-03
  -639.400  0.189173E-01  0.270793E-02  0.184889E-02  0.150578E-02  0.763677E-03
  -639.300  0.198060E-01  0.281055E-02  0.191259E-02  0.155450E-02  0.782152E-03
  -639.200  0.206598E-01  0.291873E-02  0.198182E-02  0.160856E-02  0.804846E-03
  -639.100  0.214439E-01  0.302551E-02  0.205152E-02  0.166365E-02  0.829298E-03
  -639.000  0.221277E-01  0.312473E-02  0.211719E-02  0.171599E-02  0.853352E-03
  -638.900  0.226849E-01  0.321105E-02  0.217495E-02  0.176233E-02  0.875158E-03
  -638.800  0.230941E-01  0.327997E-02  0.222156E-02  0.179991E-02  0.893171E-03
  -638.700  0.233391E-01  0.332794E-02  0.225440E-02  0.182656E-02  0.906148E-03
  -638.600  0.234090E-01  0.335232E-02  0.227155E-02  0.184062E-02  0.913149E-03
  -638.500  0.232986E-01  0.335140E-02  0.227172E-02  0.184100E-02  0.913533E-03
  -638.400  0.230080E-01  0.332440E-02  0.225428E-02  0.182716E-02  0.906943E-03
  -638.300  0.225425E-01  0.327141E-02  0.221920E-02  0.179902E-02  0.893295E-03
  -638.200  0.219117E-01  0.319333E-02  0.216705E-02  0.175703E-02  0.872754E-03
  -638.100  0.211297E-01  0.309180E-02  0.209888E-02  0.170201E-02  0.845706E-03
  -638.000  0.202138E-01  0.296904E-02  0.201619E-02  0.163518E-02  0.812729E-03
  -637.900  0.191838E-01  0.282781E-02  0.192082E-02  0.155801E-02  0.774554E-03
  -637.800  0.180615E-01  0.267121E-02  0.181489E-02  0.147223E-02  0.732026E-03
  -637.700  0.168697E-01  0.250260E-02  0.170066E-02  0.137966E-02  0.686067E-03
  -637.600  0.156313E-01  0.232541E-02  0.158049E-02  0.128224E-02  0.637634E-03
  -637.500  0.143687E-01  0.214308E-02  0.145672E-02  0.118186E-02  0.587685E-03
  -637.400  0.131030E-01  0.195889E-02  0.133161E-02  0.108035E-02  0.537144E-03
  -637.300  0.118539E-01  0.177592E-02  0.120726E-02  0.979443E-03  0.486874E-03
  -637.200  0.106386E-01  0.159691E-02  0.108555E-02  0.880663E-03  0.437651E-03
  -637.100  0.947202E-02  0.142426E-02  0.968124E-03  0.785353E-03  0.390151E-03
  -637.000  0.836626E-02  0.125995E-02  0.856357E-03  0.694627E-03  0.344936E-03
  -636.900  0.733080E-02  0.110557E-02  0.751324E-03  0.609365E-03  0.302450E-03
  -636.800  0.637238E-02  0.962249E-03  0.653816E-03  0.530215E-03  0.263019E-03
  -636.700  0.549520E-02  0.830747E-03  0.564350E-03  0.457595E-03  0.226855E-03
  -636.600  0.470107E-02  0.711440E-03  0.483187E-03  0.391721E-03  0.194065E-03
  -636.500  0.398973E-02  0.604373E-03  0.410360E-03  0.332620E-03  0.164662E-03
  -636.400  0.335914E-02  0.509307E-03  0.345709E-03  0.280161E-03  0.138580E-03
  -636.300  0.280578E-02  0.425769E-03  0.288910E-03  0.234081E-03  0.115685E-03
  -636.200  0.232503E-02  0.353102E-03  0.239516E-03  0.194016E-03  0.957947E-04
  -636.100  0.191143E-02  0.290519E-03  0.196989E-03  0.159528E-03  0.786874E-04
  -636.000  0.155903E-02  0.237143E-03  0.160731E-03  0.130130E-03  0.641186E-04
  -635.900  0.126162E-02  0.192055E-03  0.130115E-03  0.105313E-03  0.518318E-04
  -635.800  0.101296E-02  0.154326E-03  0.104505E-03  0.845596E-04  0.415681E-04
  -635.700  0.806971E-03  0.123046E-03  0.832829E-04  0.673664E-04  0.330745E-04
  -635.600  0.637887E-03  0.973484E-04  0.658563E-04  0.532526E-04  0.261106E-04
  -635.500  0.500340E-03  0.764268E-04  0.516753E-04  0.417711E-04  0.204527E-04
  -635.400  0.389436E-03  0.595437E-04  0.402377E-04  0.325140E-04  0.158970E-04
  -635.300  0.300798E-03  0.460383E-04  0.310934E-04  0.251155E-04  0.000000E+00
  -635.200  0.230566E-03  0.353275E-04  0.238454E-04  0.192535E-04  0.000000E+00
  -635.100  0.175393E-03  0.269051E-04  0.181494E-04  0.146485E-04  0.000000E+00
  -635.000  0.132415E-03  0.203375E-04  0.137105E-04  0.000000E+00  0.000000E+00
  -634.900  0.992162E-04  0.152586E-04  0.000000E+00  0.000000E+00  0.000000E+00
  -634.800  0.737827E-04  0.000000E+00  0.000000E+00  0.000000E+00  0.000000E+00
  -634.700  0.544576E-04  0.000000E+00  0.000000E+00  0.000000E+00  0.000000E+00
  -634.600  0.398929E-04  0.000000E+00  0.000000E+00  0.000000E+00  0.000000E+00
  -634.500  0.290043E-04  0.000000E+00  0.000000E+00  0.000000E+00  0.000000E+00
  -634.400  0.209292E-04  0.000000E+00  0.000000E+00  0.000000E+00  0.000000E+00
  -634.300  0.149884E-04  0.000000E+00  0.000000E+00  0.000000E+00  0.000000E+00
  -634.200  0.000000E+00  0.000000E+00  0.000000E+00  0.000000E+00  0.000000E+00
  -634.100  0.000000E+00  0.000000E+00  0.000000E+00  0.000000E+00  0.000000E+00
  -634.000  0.000000E+00  0.000000E+00  0.000000E+00  0.000000E+00  0.000000E+00
  -633.900  0.000000E+00  0.000000E+00  0.000000E+00  0.000000E+00  0.000000E+00
  -633.800  0.000000E+00  0.000000E+00  0.000000E+00  0.000000E+00  0.000000E+00
  -633.700  0.000000E+00  0.000000E+00  0.000000E+00  0.000000E+00  0.000000E+00
  -633.600  0.000000E+00  0.000000E+00  0.000000E+00  0.000000E+00  0.000000E+00
  -633.500  0.000000E+00  0.000000E+00  0.000000E+00  0.000000E+00  0.000000E+00
  -633.400  0.000000E+00  0.000000E+00  0.000000E+00  0.000000E+00  0.000000E+00
  -633.300  0.000000E+00  0.000000E+00  0.000000E+00  0.000000E+00  0.000000E+00
  -633.200  0.000000E+00  0.000000E+00  0.000000E+00  0.000000E+00  0.000000E+00
  -633.100  0.000000E+00  0.000000E+00  0.000000E+00  0.000000E+00  0.000000E+00
  -633.000  0.000000E+00  0.000000E+00  0.000000E+00  0.000000E+00  0.000000E+00
  -632.900  0.000000E+00  0.000000E+00  0.000000E+00  0.000000E+00  0.000000E+00
  -632.800  0.000000E+00  0.000000E+00  0.000000E+00  0.000000E+00  0.000000E+00
  -632.700  0.000000E+00  0.000000E+00  0.000000E+00  0.000000E+00  0.000000E+00
  -632.600  0.000000E+00  0.000000E+00  0.000000E+00  0.000000E+00  0.000000E+00
  -632.500  0.000000E+00  0.000000E+00  0.000000E+00  0.000000E+00  0.000000E+00
  -632.400  0.000000E+00  0.000000E+00  0.000000E+00  0.000000E+00  0.000000E+00
  -632.300  0.000000E+00  0.000000E+00  0.000000E+00  0.000000E+00  0.000000E+00
  -632.200  0.000000E+00  0.000000E+00  0.000000E+00  0.000000E+00  0.000000E+00
  -632.100  0.000000E+00  0.000000E+00  0.000000E+00  0.000000E+00  0.000000E+00
  -632.000  0.000000E+00  0.000000E+00  0.000000E+00  0.000000E+00  0.000000E+00
  -631.900  0.000000E+00  0.000000E+00  0.000000E+00  0.000000E+00  0.000000E+00
  -631.800  0.000000E+00  0.000000E+00  0.000000E+00  0.000000E+00  0.000000E+00
  -631.700  0.000000E+00  0.000000E+00  0.000000E+00  0.000000E+00  0.000000E+00
  -631.600  0.000000E+00  0.000000E+00  0.000000E+00  0.000000E+00  0.000000E+00
  -631.500  0.000000E+00  0.000000E+00  0.000000E+00  0.000000E+00  0.000000E+00
  -631.400  0.000000E+00  0.000000E+00  0.000000E+00  0.000000E+00  0.000000E+00
  -631.300  0.000000E+00  0.000000E+00  0.000000E+00  0.000000E+00  0.000000E+00
  -631.200  0.000000E+00  0.000000E+00  0.000000E+00  0.000000E+00  0.000000E+00
  -631.100  0.000000E+00  0.000000E+00  0.000000E+00  0.000000E+00  0.000000E+00
  -631.000  0.000000E+00  0.000000E+00  0.000000E+00  0.000000E+00  0.000000E+00
  -630.900  0.000000E+00  0.000000E+00  0.000000E+00  0.000000E+00  0.000000E+00
  -630.800  0.000000E+00  0.000000E+00  0.000000E+00  0.000000E+00  0.000000E+00
  -630.700  0.000000E+00  0.000000E+00  0.000000E+00  0.000000E+00  0.000000E+00
  -630.600  0.000000E+00  0.000000E+00  0.000000E+00  0.000000E+00  0.000000E+00
  -630.500  0.000000E+00  0.000000E+00  0.000000E+00  0.000000E+00  0.000000E+00
  -630.400  0.000000E+00  0.000000E+00  0.000000E+00  0.000000E+00  0.000000E+00
  -630.300  0.000000E+00  0.000000E+00  0.000000E+00  0.000000E+00  0.000000E+00
  -630.200  0.000000E+00  0.000000E+00  0.000000E+00  0.000000E+00  0.000000E+00
  -630.100  0.000000E+00  0.000000E+00  0.000000E+00  0.000000E+00  0.000000E+00
  -630.000  0.000000E+00  0.000000E+00  0.000000E+00  0.000000E+00  0.000000E+00
  -629.900  0.000000E+00  0.000000E+00  0.000000E+00  0.000000E+00  0.000000E+00
  -629.800  0.000000E+00  0.000000E+00  0.000000E+00  0.000000E+00  0.000000E+00
  -629.700  0.000000E+00  0.000000E+00  0.000000E+00  0.000000E+00  0.000000E+00
  -629.600  0.000000E+00  0.000000E+00  0.000000E+00  0.000000E+00  0.000000E+00
  -629.500  0.000000E+00  0.000000E+00  0.000000E+00  0.000000E+00  0.000000E+00
  -629.400  0.000000E+00  0.000000E+00  0.000000E+00  0.000000E+00  0.000000E+00
  -629.300  0.000000E+00  0.000000E+00  0.000000E+00  0.000000E+00  0.000000E+00
  -629.200  0.000000E+00  0.000000E+00  0.000000E+00  0.000000E+00  0.000000E+00
  -629.100  0.000000E+00  0.000000E+00  0.000000E+00  0.000000E+00  0.000000E+00
  -629.000  0.000000E+00  0.000000E+00  0.000000E+00  0.000000E+00  0.000000E+00
  -628.900  0.000000E+00  0.000000E+00  0.000000E+00  0.000000E+00  0.000000E+00
  -628.800  0.000000E+00  0.000000E+00  0.000000E+00  0.000000E+00  0.000000E+00
  -628.700  0.000000E+00  0.000000E+00  0.000000E+00  0.000000E+00  0.000000E+00
  -628.600  0.000000E+00  0.000000E+00  0.000000E+00  0.000000E+00  0.000000E+00
  -628.500  0.000000E+00  0.000000E+00  0.000000E+00  0.000000E+00  0.000000E+00
  -628.400  0.000000E+00  0.000000E+00  0.000000E+00  0.000000E+00  0.000000E+00
  -628.300  0.000000E+00  0.000000E+00  0.000000E+00  0.000000E+00  0.000000E+00
  -628.200  0.000000E+00  0.000000E+00  0.000000E+00  0.000000E+00  0.000000E+00
  -628.100  0.000000E+00  0.000000E+00  0.000000E+00  0.000000E+00  0.000000E+00
  -628.000  0.000000E+00  0.000000E+00  0.000000E+00  0.000000E+00  0.000000E+00
  -627.900  0.000000E+00  0.000000E+00  0.000000E+00  0.000000E+00  0.000000E+00
  -627.800  0.000000E+00  0.000000E+00  0.000000E+00  0.000000E+00  0.000000E+00
  -627.700  0.000000E+00  0.000000E+00  0.000000E+00  0.000000E+00  0.000000E+00
  -627.600  0.000000E+00  0.000000E+00  0.000000E+00  0.000000E+00  0.000000E+00
  -627.500  0.000000E+00  0.000000E+00  0.000000E+00  0.000000E+00  0.000000E+00
  -627.400  0.000000E+00  0.000000E+00  0.000000E+00  0.000000E+00  0.000000E+00
  -627.300  0.000000E+00  0.000000E+00  0.000000E+00  0.000000E+00  0.000000E+00
  -627.200  0.000000E+00  0.000000E+00  0.000000E+00  0.000000E+00  0.000000E+00
  -627.100  0.000000E+00  0.000000E+00  0.000000E+00  0.000000E+00  0.000000E+00
  -627.000  0.000000E+00  0.000000E+00  0.000000E+00  0.000000E+00  0.000000E+00
  -626.900  0.000000E+00  0.000000E+00  0.000000E+00  0.000000E+00  0.000000E+00
  -626.800  0.000000E+00  0.000000E+00  0.000000E+00  0.000000E+00  0.000000E+00
  -626.700  0.000000E+00  0.000000E+00  0.000000E+00  0.000000E+00  0.000000E+00
  -626.600  0.000000E+00  0.000000E+00  0.000000E+00  0.000000E+00  0.000000E+00
  -626.500  0.000000E+00  0.000000E+00  0.000000E+00  0.000000E+00  0.000000E+00
  -626.400  0.000000E+00  0.000000E+00  0.000000E+00  0.000000E+00  0.000000E+00
  -626.300  0.000000E+00  0.000000E+00  0.000000E+00  0.000000E+00  0.000000E+00
  -626.200  0.000000E+00  0.000000E+00  0.000000E+00  0.000000E+00  0.000000E+00
  -626.100  0.000000E+00  0.000000E+00  0.000000E+00  0.000000E+00  0.000000E+00
  -626.000  0.000000E+00  0.000000E+00  0.000000E+00  0.000000E+00  0.000000E+00
  -625.900  0.000000E+00  0.000000E+00  0.000000E+00  0.000000E+00  0.000000E+00
  -625.800  0.000000E+00  0.000000E+00  0.000000E+00  0.000000E+00  0.000000E+00
  -625.700  0.000000E+00  0.000000E+00  0.000000E+00  0.000000E+00  0.000000E+00
  -625.600  0.000000E+00  0.000000E+00  0.000000E+00  0.000000E+00  0.000000E+00
  -625.500  0.000000E+00  0.000000E+00  0.000000E+00  0.000000E+00  0.000000E+00
  -625.400  0.000000E+00  0.000000E+00  0.000000E+00  0.000000E+00  0.000000E+00
  -625.300  0.000000E+00  0.000000E+00  0.000000E+00  0.000000E+00  0.000000E+00
  -625.200  0.000000E+00  0.000000E+00  0.000000E+00  0.000000E+00  0.000000E+00
  -625.100  0.000000E+00  0.000000E+00  0.000000E+00  0.000000E+00  0.000000E+00
  -625.000  0.000000E+00  0.000000E+00  0.000000E+00  0.000000E+00  0.000000E+00
  -624.900  0.000000E+00  0.000000E+00  0.000000E+00  0.000000E+00  0.000000E+00
  -624.800  0.000000E+00  0.000000E+00  0.000000E+00  0.000000E+00  0.000000E+00
  -624.700  0.000000E+00  0.000000E+00  0.000000E+00  0.000000E+00  0.000000E+00
  -624.600  0.000000E+00  0.000000E+00  0.000000E+00  0.000000E+00  0.000000E+00
  -624.500  0.000000E+00  0.000000E+00  0.000000E+00  0.000000E+00  0.000000E+00
  -624.400  0.000000E+00  0.000000E+00  0.000000E+00  0.000000E+00  0.000000E+00
  -624.300  0.000000E+00  0.000000E+00  0.000000E+00  0.000000E+00  0.000000E+00
  -624.200  0.000000E+00  0.000000E+00  0.000000E+00  0.000000E+00  0.000000E+00
  -624.100  0.000000E+00  0.000000E+00  0.000000E+00  0.000000E+00  0.000000E+00
  -624.000  0.000000E+00  0.000000E+00  0.000000E+00  0.000000E+00  0.000000E+00
  -623.900  0.000000E+00  0.000000E+00  0.000000E+00  0.000000E+00  0.000000E+00
  -623.800  0.000000E+00  0.000000E+00  0.000000E+00  0.000000E+00  0.000000E+00
  -623.700  0.000000E+00  0.000000E+00  0.000000E+00  0.000000E+00  0.000000E+00
  -623.600  0.000000E+00  0.000000E+00  0.000000E+00  0.000000E+00  0.000000E+00
  -623.500  0.000000E+00  0.000000E+00  0.000000E+00  0.000000E+00  0.000000E+00
  -623.400  0.000000E+00  0.000000E+00  0.000000E+00  0.000000E+00  0.000000E+00
  -623.300  0.000000E+00  0.000000E+00  0.000000E+00  0.000000E+00  0.000000E+00
  -623.200  0.000000E+00  0.000000E+00  0.000000E+00  0.000000E+00  0.000000E+00
  -623.100  0.000000E+00  0.000000E+00  0.000000E+00  0.000000E+00  0.000000E+00
  -623.000  0.000000E+00  0.000000E+00  0.000000E+00  0.000000E+00  0.000000E+00
  -622.900  0.000000E+00  0.000000E+00  0.000000E+00  0.000000E+00  0.000000E+00
  -622.800  0.000000E+00  0.000000E+00  0.000000E+00  0.000000E+00  0.000000E+00
  -622.700  0.000000E+00  0.000000E+00  0.000000E+00  0.000000E+00  0.000000E+00
  -622.600  0.000000E+00  0.000000E+00  0.000000E+00  0.000000E+00  0.000000E+00
  -622.500  0.000000E+00  0.000000E+00  0.000000E+00  0.000000E+00  0.000000E+00
  -622.400  0.000000E+00  0.000000E+00  0.000000E+00  0.000000E+00  0.000000E+00
  -622.300  0.000000E+00  0.000000E+00  0.000000E+00  0.000000E+00  0.000000E+00
  -622.200  0.000000E+00  0.000000E+00  0.000000E+00  0.000000E+00  0.000000E+00
  -622.100  0.000000E+00  0.000000E+00  0.000000E+00  0.000000E+00  0.000000E+00
  -622.000  0.000000E+00  0.000000E+00  0.000000E+00  0.000000E+00  0.000000E+00
  -621.900  0.000000E+00  0.000000E+00  0.000000E+00  0.000000E+00  0.000000E+00
  -621.800  0.000000E+00  0.000000E+00  0.000000E+00  0.000000E+00  0.000000E+00
  -621.700  0.000000E+00  0.000000E+00  0.000000E+00  0.000000E+00  0.000000E+00
  -621.600  0.000000E+00  0.000000E+00  0.000000E+00  0.000000E+00  0.000000E+00
  -621.500  0.000000E+00  0.000000E+00  0.000000E+00  0.000000E+00  0.000000E+00
  -621.400  0.000000E+00  0.000000E+00  0.000000E+00  0.000000E+00  0.000000E+00
  -621.300  0.000000E+00  0.000000E+00  0.000000E+00  0.000000E+00  0.000000E+00
  -621.200  0.000000E+00  0.000000E+00  0.000000E+00  0.000000E+00  0.000000E+00
  -621.100  0.000000E+00  0.000000E+00  0.000000E+00  0.000000E+00  0.000000E+00
  -621.000  0.000000E+00  0.000000E+00  0.000000E+00  0.000000E+00  0.000000E+00
  -620.900  0.000000E+00  0.000000E+00  0.000000E+00  0.000000E+00  0.000000E+00
  -620.800  0.000000E+00  0.000000E+00  0.000000E+00  0.000000E+00  0.000000E+00
  -620.700  0.000000E+00  0.000000E+00  0.000000E+00  0.000000E+00  0.000000E+00
  -620.600  0.000000E+00  0.000000E+00  0.000000E+00  0.000000E+00  0.000000E+00
  -620.500  0.000000E+00  0.000000E+00  0.000000E+00  0.000000E+00  0.000000E+00
  -620.400  0.000000E+00  0.000000E+00  0.000000E+00  0.000000E+00  0.000000E+00
  -620.300  0.000000E+00  0.000000E+00  0.000000E+00  0.000000E+00  0.000000E+00
  -620.200  0.000000E+00  0.000000E+00  0.000000E+00  0.000000E+00  0.000000E+00
  -620.100  0.000000E+00  0.000000E+00  0.000000E+00  0.000000E+00  0.000000E+00
  -620.000  0.000000E+00  0.000000E+00  0.000000E+00  0.000000E+00  0.000000E+00
