  x           300.0          873.0         1273.0         1673.0      Infinity
  -680.000  0.000000E+00  0.000000E+00  0.000000E+00  0.000000E+00  0.000000E+00
  -679.900  0.000000E+00  0.000000E+00  0.000000E+00  0.000000E+00  0.000000E+00
  -679.800  0.000000E+00  0.000000E+00  0.000000E+00  0.000000E+00  0.000000E+00
  -679.700  0.000000E+00  0.000000E+00  0.000000E+00  0.000000E+00  0.000000E+00
  -679.600  0.000000E+00  0.000000E+00  0.000000E+00  0.000000E+00  0.000000E+00
  -679.500  0.000000E+00  0.000000E+00  0.000000E+00  0.000000E+00  0.000000E+00
  -679.400  0.000000E+00  0.000000E+00  0.000000E+00  0.000000E+00  0.000000E+00
  -679.300  0.000000E+00  0.000000E+00  0.000000E+00  0.000000E+00  0.000000E+00
  -679.200  0.000000E+00  0.000000E+00  0.000000E+00  0.000000E+00  0.000000E+00
  -679.100  0.000000E+00  0.000000E+00  0.000000E+00  0.000000E+00  0.000000E+00
  -679.000  0.000000E+00  0.000000E+00  0.000000E+00  0.000000E+00  0.000000E+00
  -678.900  0.000000E+00  0.000000E+00  0.000000E+00  0.000000E+00  0.000000E+00
  -678.800  0.000000E+00  0.000000E+00  0.000000E+00  0.000000E+00  0.000000E+00
  -678.700  0.000000E+00  0.000000E+00  0.000000E+00  0.000000E+00  0.000000E+00
  -678.600  0.000000E+00  0.000000E+00  0.000000E+00  0.000000E+00  0.000000E+00
  -678.500  0.000000E+00  0.000000E+00  0.000000E+00  0.000000E+00  0.000000E+00
  -678.400  0.000000E+00  0.000000E+00  0.000000E+00  0.000000E+00  0.000000E+00
  -678.300  0.000000E+00  0.000000E+00  0.000000E+00  0.000000E+00  0.000000E+00
  -678.200  0.000000E+00  0.000000E+00  0.000000E+00  0.000000E+00  0.000000E+00
  -678.100  0.000000E+00  0.000000E+00  0.000000E+00  0.000000E+00  0.000000E+00
  -678.000  0.000000E+00  0.000000E+00  0.000000E+00  0.000000E+00  0.000000E+00
  -677.900  0.000000E+00  0.000000E+00  0.000000E+00  0.000000E+00  0.000000E+00
  -677.800  0.000000E+00  0.000000E+00  0.000000E+00  0.000000E+00  0.000000E+00
  -677.700  0.000000E+00  0.000000E+00  0.000000E+00  0.000000E+00  0.000000E+00
  -677.600  0.000000E+00  0.000000E+00  0.000000E+00  0.000000E+00  0.000000E+00
  -677.500  0.000000E+00  0.000000E+00  0.000000E+00  0.000000E+00  0.000000E+00
  -677.400  0.000000E+00  0.000000E+00  0.000000E+00  0.000000E+00  0.000000E+00
  -677.300  0.000000E+00  0.000000E+00  0.000000E+00  0.000000E+00  0.000000E+00
  -677.200  0.000000E+00  0.000000E+00  0.000000E+00  0.000000E+00  0.000000E+00
  -677.100  0.000000E+00  0.000000E+00  0.000000E+00  0.000000E+00  0.000000E+00
  -677.000  0.000000E+00  0.000000E+00  0.000000E+00  0.000000E+00  0.000000E+00
  -676.900  0.000000E+00  0.000000E+00  0.000000E+00  0.000000E+00  0.000000E+00
  -676.800  0.000000E+00  0.000000E+00  0.000000E+00  0.000000E+00  0.000000E+00
  -676.700  0.000000E+00  0.000000E+00  0.000000E+00  0.000000E+00  0.000000E+00
  -676.600  0.000000E+00  0.000000E+00  0.000000E+00  0.000000E+00  0.000000E+00
  -676.500  0.000000E+00  0.000000E+00  0.000000E+00  0.000000E+00  0.000000E+00
  -676.400  0.000000E+00  0.000000E+00  0.000000E+00  0.000000E+00  0.000000E+00
  -676.300  0.000000E+00  0.000000E+00  0.000000E+00  0.000000E+00  0.000000E+00
  -676.200  0.000000E+00  0.000000E+00  0.000000E+00  0.000000E+00  0.000000E+00
  -676.100  0.000000E+00  0.000000E+00  0.000000E+00  0.000000E+00  0.000000E+00
  -676.000  0.000000E+00  0.000000E+00  0.000000E+00  0.000000E+00  0.000000E+00
  -675.900  0.000000E+00  0.000000E+00  0.000000E+00  0.000000E+00  0.000000E+00
  -675.800  0.000000E+00  0.000000E+00  0.000000E+00  0.000000E+00  0.000000E+00
  -675.700  0.000000E+00  0.000000E+00  0.000000E+00  0.000000E+00  0.000000E+00
  -675.600  0.000000E+00  0.000000E+00  0.000000E+00  0.000000E+00  0.000000E+00
  -675.500  0.000000E+00  0.000000E+00  0.000000E+00  0.000000E+00  0.000000E+00
  -675.400  0.000000E+00  0.000000E+00  0.000000E+00  0.000000E+00  0.000000E+00
  -675.300  0.000000E+00  0.000000E+00  0.000000E+00  0.000000E+00  0.000000E+00
  -675.200  0.000000E+00  0.000000E+00  0.000000E+00  0.000000E+00  0.000000E+00
  -675.100  0.000000E+00  0.000000E+00  0.000000E+00  0.000000E+00  0.000000E+00
  -675.000  0.000000E+00  0.000000E+00  0.000000E+00  0.000000E+00  0.000000E+00
  -674.900  0.000000E+00  0.000000E+00  0.000000E+00  0.000000E+00  0.000000E+00
  -674.800  0.000000E+00  0.000000E+00  0.000000E+00  0.000000E+00  0.000000E+00
  -674.700  0.000000E+00  0.000000E+00  0.000000E+00  0.000000E+00  0.000000E+00
  -674.600  0.000000E+00  0.000000E+00  0.000000E+00  0.000000E+00  0.000000E+00
  -674.500  0.000000E+00  0.000000E+00  0.000000E+00  0.000000E+00  0.000000E+00
  -674.400  0.000000E+00  0.000000E+00  0.000000E+00  0.000000E+00  0.000000E+00
  -674.300  0.000000E+00  0.000000E+00  0.000000E+00  0.000000E+00  0.000000E+00
  -674.200  0.000000E+00  0.000000E+00  0.000000E+00  0.000000E+00  0.000000E+00
  -674.100  0.000000E+00  0.000000E+00  0.000000E+00  0.000000E+00  0.000000E+00
  -674.000  0.000000E+00  0.000000E+00  0.000000E+00  0.000000E+00  0.000000E+00
  -673.900  0.000000E+00  0.000000E+00  0.000000E+00  0.000000E+00  0.000000E+00
  -673.800  0.000000E+00  0.000000E+00  0.000000E+00  0.000000E+00  0.000000E+00
  -673.700  0.000000E+00  0.000000E+00  0.000000E+00  0.000000E+00  0.000000E+00
  -673.600  0.000000E+00  0.000000E+00  0.000000E+00  0.000000E+00  0.000000E+00
  -673.500  0.000000E+00  0.000000E+00  0.000000E+00  0.000000E+00  0.000000E+00
  -673.400  0.000000E+00  0.000000E+00  0.000000E+00  0.000000E+00  0.000000E+00
  -673.300  0.000000E+00  0.000000E+00  0.000000E+00  0.000000E+00  0.000000E+00
  -673.200  0.000000E+00  0.000000E+00  0.000000E+00  0.000000E+00  0.000000E+00
  -673.100  0.000000E+00  0.000000E+00  0.000000E+00  0.000000E+00  0.000000E+00
  -673.000  0.000000E+00  0.000000E+00  0.000000E+00  0.000000E+00  0.000000E+00
  -672.900  0.000000E+00  0.000000E+00  0.000000E+00  0.000000E+00  0.000000E+00
  -672.800  0.000000E+00  0.000000E+00  0.000000E+00  0.000000E+00  0.000000E+00
  -672.700  0.000000E+00  0.000000E+00  0.000000E+00  0.000000E+00  0.000000E+00
  -672.600  0.000000E+00  0.000000E+00  0.000000E+00  0.000000E+00  0.000000E+00
  -672.500  0.000000E+00  0.000000E+00  0.000000E+00  0.000000E+00  0.000000E+00
  -672.400  0.000000E+00  0.000000E+00  0.000000E+00  0.000000E+00  0.000000E+00
  -672.300  0.000000E+00  0.000000E+00  0.000000E+00  0.000000E+00  0.000000E+00
  -672.200  0.000000E+00  0.000000E+00  0.000000E+00  0.000000E+00  0.000000E+00
  -672.100  0.000000E+00  0.000000E+00  0.000000E+00  0.000000E+00  0.000000E+00
  -672.000  0.000000E+00  0.000000E+00  0.000000E+00  0.000000E+00  0.000000E+00
  -671.900  0.000000E+00  0.000000E+00  0.000000E+00  0.000000E+00  0.000000E+00
  -671.800  0.000000E+00  0.000000E+00  0.000000E+00  0.000000E+00  0.000000E+00
  -671.700  0.000000E+00  0.000000E+00  0.000000E+00  0.000000E+00  0.000000E+00
  -671.600  0.000000E+00  0.000000E+00  0.000000E+00  0.000000E+00  0.000000E+00
  -671.500  0.000000E+00  0.000000E+00  0.000000E+00  0.000000E+00  0.000000E+00
  -671.400  0.000000E+00  0.000000E+00  0.000000E+00  0.000000E+00  0.000000E+00
  -671.300  0.000000E+00  0.000000E+00  0.000000E+00  0.000000E+00  0.000000E+00
  -671.200  0.000000E+00  0.000000E+00  0.000000E+00  0.000000E+00  0.000000E+00
  -671.100  0.000000E+00  0.000000E+00  0.000000E+00  0.000000E+00  0.000000E+00
  -671.000  0.000000E+00  0.000000E+00  0.000000E+00  0.000000E+00  0.000000E+00
  -670.900  0.000000E+00  0.000000E+00  0.000000E+00  0.000000E+00  0.000000E+00
  -670.800  0.000000E+00  0.000000E+00  0.000000E+00  0.000000E+00  0.000000E+00
  -670.700  0.000000E+00  0.000000E+00  0.000000E+00  0.000000E+00  0.000000E+00
  -670.600  0.000000E+00  0.000000E+00  0.000000E+00  0.000000E+00  0.000000E+00
  -670.500  0.000000E+00  0.000000E+00  0.000000E+00  0.000000E+00  0.000000E+00
  -670.400  0.000000E+00  0.000000E+00  0.000000E+00  0.000000E+00  0.000000E+00
  -670.300  0.000000E+00  0.000000E+00  0.000000E+00  0.000000E+00  0.000000E+00
  -670.200  0.000000E+00  0.000000E+00  0.000000E+00  0.000000E+00  0.000000E+00
  -670.100  0.000000E+00  0.000000E+00  0.000000E+00  0.000000E+00  0.000000E+00
  -670.000  0.000000E+00  0.000000E+00  0.000000E+00  0.000000E+00  0.000000E+00
  -669.900  0.000000E+00  0.000000E+00  0.000000E+00  0.000000E+00  0.000000E+00
  -669.800  0.000000E+00  0.000000E+00  0.000000E+00  0.000000E+00  0.000000E+00
  -669.700  0.000000E+00  0.000000E+00  0.000000E+00  0.000000E+00  0.000000E+00
  -669.600  0.000000E+00  0.000000E+00  0.000000E+00  0.000000E+00  0.000000E+00
  -669.500  0.000000E+00  0.000000E+00  0.000000E+00  0.000000E+00  0.000000E+00
  -669.400  0.000000E+00  0.000000E+00  0.000000E+00  0.000000E+00  0.000000E+00
  -669.300  0.000000E+00  0.000000E+00  0.000000E+00  0.000000E+00  0.000000E+00
  -669.200  0.000000E+00  0.000000E+00  0.000000E+00  0.000000E+00  0.000000E+00
  -669.100  0.000000E+00  0.000000E+00  0.000000E+00  0.000000E+00  0.000000E+00
  -669.000  0.000000E+00  0.000000E+00  0.000000E+00  0.000000E+00  0.000000E+00
  -668.900  0.000000E+00  0.000000E+00  0.000000E+00  0.000000E+00  0.000000E+00
  -668.800  0.000000E+00  0.000000E+00  0.000000E+00  0.000000E+00  0.000000E+00
  -668.700  0.000000E+00  0.000000E+00  0.000000E+00  0.000000E+00  0.000000E+00
  -668.600  0.000000E+00  0.000000E+00  0.000000E+00  0.000000E+00  0.000000E+00
  -668.500  0.000000E+00  0.000000E+00  0.000000E+00  0.000000E+00  0.000000E+00
  -668.400  0.000000E+00  0.000000E+00  0.000000E+00  0.000000E+00  0.000000E+00
  -668.300  0.000000E+00  0.000000E+00  0.000000E+00  0.000000E+00  0.000000E+00
  -668.200  0.000000E+00  0.000000E+00  0.000000E+00  0.000000E+00  0.000000E+00
  -668.100  0.000000E+00  0.000000E+00  0.000000E+00  0.000000E+00  0.000000E+00
  -668.000  0.000000E+00  0.000000E+00  0.000000E+00  0.000000E+00  0.000000E+00
  -667.900  0.000000E+00  0.000000E+00  0.000000E+00  0.000000E+00  0.000000E+00
  -667.800  0.000000E+00  0.000000E+00  0.000000E+00  0.000000E+00  0.000000E+00
  -667.700  0.000000E+00  0.000000E+00  0.000000E+00  0.000000E+00  0.000000E+00
  -667.600  0.000000E+00  0.000000E+00  0.000000E+00  0.000000E+00  0.000000E+00
  -667.500  0.000000E+00  0.000000E+00  0.000000E+00  0.000000E+00  0.000000E+00
  -667.400  0.000000E+00  0.000000E+00  0.000000E+00  0.000000E+00  0.000000E+00
  -667.300  0.000000E+00  0.000000E+00  0.000000E+00  0.000000E+00  0.000000E+00
  -667.200  0.000000E+00  0.000000E+00  0.000000E+00  0.000000E+00  0.000000E+00
  -667.100  0.000000E+00  0.000000E+00  0.000000E+00  0.000000E+00  0.000000E+00
  -667.000  0.000000E+00  0.000000E+00  0.000000E+00  0.000000E+00  0.000000E+00
  -666.900  0.151651E-04  0.000000E+00  0.000000E+00  0.000000E+00  0.000000E+00
  -666.800  0.222942E-04  0.000000E+00  0.000000E+00  0.000000E+00  0.000000E+00
  -666.700  0.325179E-04  0.156209E-04  0.131418E-04  0.000000E+00  0.000000E+00
  -666.600  0.470537E-04  0.227915E-04  0.192205E-04  0.174923E-04  0.000000E+00
  -666.500  0.675400E-04  0.329876E-04  0.278854E-04  0.254128E-04  0.185108E-04
  -666.400  0.961573E-04  0.473589E-04  0.401292E-04  0.366210E-04  0.268060E-04
  -666.300  0.135775E-03  0.674370E-04  0.572784E-04  0.523422E-04  0.385023E-04
  -666.200  0.190122E-03  0.952389E-04  0.810857E-04  0.741993E-04  0.548495E-04
  -666.100  0.263991E-03  0.133393E-03  0.113843E-03  0.104318E-03  0.774970E-04
  -666.000  0.363466E-03  0.185285E-03  0.158514E-03  0.145455E-03  0.108599E-03
  -665.900  0.496169E-03  0.255229E-03  0.218892E-03  0.201141E-03  0.150938E-03
  -665.800  0.671540E-03  0.348662E-03  0.299775E-03  0.275861E-03  0.208076E-03
  -665.700  0.901109E-03  0.472359E-03  0.407172E-03  0.375240E-03  0.284524E-03
  -665.600  0.119879E-02  0.634674E-03  0.548528E-03  0.506270E-03  0.385939E-03
  -665.500  0.158112E-02  0.845787E-03  0.732968E-03  0.677544E-03  0.519347E-03
  -665.400  0.206756E-02  0.111798E-02  0.971566E-03  0.899525E-03  0.693394E-03
  -665.300  0.268060E-02  0.146593E-02  0.127762E-02  0.118483E-02  0.918622E-03
  -665.200  0.344597E-02  0.190694E-02  0.166696E-02  0.154850E-02  0.120777E-02
  -665.100  0.439260E-02  0.246127E-02  0.215823E-02  0.200838E-02  0.157612E-02
  -665.000  0.555264E-02  0.315240E-02  0.277320E-02  0.258533E-02  0.204180E-02
  -664.900  0.696121E-02  0.400726E-02  0.353707E-02  0.330366E-02  0.262625E-02
  -664.800  0.865617E-02  0.505647E-02  0.447878E-02  0.419138E-02  0.335453E-02
  -664.700  0.106777E-01  0.633456E-02  0.563127E-02  0.528058E-02  0.425580E-02
  -664.600  0.130676E-01  0.788019E-02  0.703179E-02  0.660770E-02  0.536374E-02
  -664.500  0.158691E-01  0.973623E-02  0.872214E-02  0.821388E-02  0.671701E-02
  -664.400  0.191257E-01  0.119499E-01  0.107489E-01  0.101452E-01  0.835970E-02
  -664.300  0.228804E-01  0.145730E-01  0.131637E-01  0.124531E-01  0.103418E-01
  -664.200  0.271753E-01  0.176616E-01  0.160233E-01  0.151945E-01  0.127195E-01
  -664.100  0.320505E-01  0.212763E-01  0.193897E-01  0.184317E-01  0.155560E-01
  -664.000  0.375435E-01  0.254822E-01  0.233302E-01  0.222332E-01  0.189212E-01
  -663.900  0.436883E-01  0.303483E-01  0.279174E-01  0.266729E-01  0.228926E-01
  -663.800  0.505150E-01  0.359475E-01  0.332290E-01  0.318307E-01  0.275551E-01
  -663.700  0.580492E-01  0.423562E-01  0.393473E-01  0.377916E-01  0.330007E-01
  -663.600  0.663116E-01  0.496535E-01  0.463587E-01  0.446456E-01  0.393290E-01
  -663.500  0.753178E-01  0.579203E-01  0.543533E-01  0.524869E-01  0.466460E-01
  -663.400  0.850781E-01  0.672387E-01  0.634233E-01  0.614131E-01  0.550635E-01
  -663.300  0.955973E-01  0.776905E-01  0.736626E-01  0.715236E-01  0.646983E-01
  -663.200  0.106875E+00  0.893561E-01  0.851645E-01  0.829186E-01  0.756705E-01
  -663.100  0.118907E+00  0.102313E+00  0.980209E-01  0.956975E-01  0.881019E-01
  -663.000  0.131683E+00  0.116633E+00  0.112320E+00  0.109957E+00  0.102114E+00
  -662.900  0.145191E+00  0.132385E+00  0.128145E+00  0.125788E+00  0.117827E+00
  -662.800  0.159415E+00  0.149626E+00  0.145573E+00  0.143276E+00  0.135354E+00
  -662.700  0.174340E+00  0.168409E+00  0.164670E+00  0.162498E+00  0.154804E+00
  -662.600  0.189949E+00  0.188775E+00  0.185496E+00  0.183523E+00  0.176276E+00
  -662.500  0.206230E+00  0.210756E+00  0.208098E+00  0.206405E+00  0.199856E+00
  -662.400  0.223178E+00  0.234377E+00  0.232514E+00  0.231193E+00  0.225622E+00
  -662.300  0.240793E+00  0.259655E+00  0.258772E+00  0.257920E+00  0.253636E+00
  -662.200  0.259088E+00  0.286598E+00  0.286892E+00  0.286612E+00  0.283947E+00
  -662.100  0.278093E+00  0.315216E+00  0.316886E+00  0.317287E+00  0.316592E+00
  -662.000  0.297851E+00  0.345514E+00  0.348766E+00  0.349958E+00  0.351600E+00
  -661.900  0.318429E+00  0.377506E+00  0.382541E+00  0.384635E+00  0.388987E+00
  -661.800  0.339913E+00  0.411209E+00  0.418225E+00  0.421331E+00  0.428768E+00
  -661.700  0.362410E+00  0.446654E+00  0.455840E+00  0.460064E+00  0.470955E+00
  -661.600  0.386051E+00  0.483886E+00  0.495418E+00  0.500861E+00  0.515562E+00
  -661.500  0.410982E+00  0.522969E+00  0.537008E+00  0.543763E+00  0.562610E+00
  -661.400  0.437367E+00  0.563983E+00  0.580675E+00  0.588827E+00  0.612132E+00
  -661.300  0.465375E+00  0.607028E+00  0.626502E+00  0.636127E+00  0.664171E+00
  -661.200  0.495175E+00  0.652222E+00  0.674588E+00  0.685753E+00  0.718789E+00
  -661.100  0.526931E+00  0.699693E+00  0.725049E+00  0.737811E+00  0.776060E+00
  -661.000  0.560782E+00  0.749580E+00  0.778008E+00  0.792419E+00  0.836073E+00
  -660.900  0.596841E+00  0.802017E+00  0.833595E+00  0.849698E+00  0.898926E+00
  -660.800  0.635176E+00  0.857129E+00  0.891931E+00  0.909768E+00  0.964721E+00
  -660.700  0.675806E+00  0.915018E+00  0.953121E+00  0.972734E+00  0.103355E+01
  -660.600  0.718684E+00  0.975753E+00  0.101724E+01  0.103868E+01  0.110550E+01
  -660.500  0.763697E+00  0.103935E+01  0.108433E+01  0.110763E+01  0.118063E+01
  -660.400  0.810656E+00  0.110578E+01  0.115436E+01  0.117960E+01  0.125893E+01
  -660.300  0.859296E+00  0.117491E+01  0.122725E+01  0.125449E+01  0.134036E+01
  -660.200  0.909275E+00  0.124655E+01  0.130282E+01  0.133215E+01  0.142481E+01
  -660.100  0.960181E+00  0.132042E+01  0.138083E+01  0.141234E+01  0.151208E+01
  -660.000  0.101154E+01  0.139613E+01  0.146090E+01  0.149472E+01  0.160186E+01
  -659.900  0.106281E+01  0.147320E+01  0.154257E+01  0.157882E+01  0.169375E+01
  -659.800  0.111342E+01  0.155105E+01  0.162530E+01  0.166412E+01  0.178724E+01
  -659.700  0.116278E+01  0.162901E+01  0.170842E+01  0.174994E+01  0.188170E+01
  -659.600  0.121028E+01  0.170634E+01  0.179118E+01  0.183556E+01  0.197641E+01
  -659.500  0.125531E+01  0.178224E+01  0.187276E+01  0.192013E+01  0.207054E+01
  -659.400  0.129729E+01  0.185584E+01  0.195228E+01  0.200278E+01  0.216316E+01
  -659.300  0.133568E+01  0.192628E+01  0.202883E+01  0.208257E+01  0.225330E+01
  -659.200  0.136999E+01  0.199269E+01  0.210148E+01  0.215853E+01  0.233995E+01
  -659.100  0.139982E+01  0.205420E+01  0.216932E+01  0.222974E+01  0.242206E+01
  -659.000  0.142481E+01  0.211002E+01  0.223146E+01  0.229527E+01  0.249862E+01
  -658.900  0.144472E+01  0.215943E+01  0.228709E+01  0.235426E+01  0.256863E+01
  -658.800  0.145937E+01  0.220178E+01  0.233551E+01  0.240596E+01  0.263120E+01
  -658.700  0.146869E+01  0.223656E+01  0.237608E+01  0.244970E+01  0.268552E+01
  -658.600  0.147271E+01  0.226336E+01  0.240834E+01  0.248496E+01  0.273091E+01
  -658.500  0.147152E+01  0.228195E+01  0.243194E+01  0.251135E+01  0.276683E+01
  -658.400  0.146530E+01  0.229219E+01  0.244669E+01  0.252863E+01  0.279290E+01
  -658.300  0.145429E+01  0.229411E+01  0.245254E+01  0.253673E+01  0.280893E+01
  -658.200  0.143882E+01  0.228788E+01  0.244962E+01  0.253573E+01  0.281487E+01
  -658.100  0.141924E+01  0.227378E+01  0.243815E+01  0.252584E+01  0.281086E+01
  -658.000  0.139592E+01  0.225220E+01  0.241851E+01  0.250742E+01  0.279718E+01
  -657.900  0.136929E+01  0.222362E+01  0.239118E+01  0.248093E+01  0.277426E+01
  -657.800  0.133976E+01  0.218861E+01  0.235671E+01  0.244693E+01  0.274263E+01
  -657.700  0.130774E+01  0.214777E+01  0.231573E+01  0.240606E+01  0.270294E+01
  -657.600  0.127364E+01  0.210173E+01  0.226889E+01  0.235897E+01  0.265588E+01
  -657.500  0.123782E+01  0.205114E+01  0.221688E+01  0.230638E+01  0.260218E+01
  -657.400  0.120066E+01  0.199664E+01  0.216037E+01  0.224896E+01  0.254259E+01
  -657.300  0.116244E+01  0.193882E+01  0.210000E+01  0.218739E+01  0.247786E+01
  -657.200  0.112347E+01  0.187825E+01  0.203640E+01  0.212231E+01  0.240867E+01
  -657.100  0.108398E+01  0.181546E+01  0.197013E+01  0.205431E+01  0.233570E+01
  -657.000  0.104419E+01  0.175092E+01  0.190170E+01  0.198393E+01  0.225953E+01
  -656.900  0.100426E+01  0.168504E+01  0.183157E+01  0.191164E+01  0.218073E+01
  -656.800  0.964358E+00  0.161821E+01  0.176016E+01  0.183788E+01  0.209977E+01
  -656.700  0.924604E+00  0.155074E+01  0.168782E+01  0.176302E+01  0.201708E+01
  -656.600  0.885116E+00  0.148295E+01  0.161490E+01  0.168741E+01  0.193306E+01
  -656.500  0.845998E+00  0.141509E+01  0.154167E+01  0.161137E+01  0.184806E+01
  -656.400  0.807353E+00  0.134742E+01  0.146844E+01  0.153518E+01  0.176242E+01
  -656.300  0.769285E+00  0.128020E+01  0.139546E+01  0.145915E+01  0.167647E+01
  -656.200  0.731905E+00  0.121365E+01  0.132303E+01  0.138355E+01  0.159055E+01
  -656.100  0.695333E+00  0.114805E+01  0.125141E+01  0.130869E+01  0.150502E+01
  -656.000  0.659699E+00  0.108364E+01  0.118091E+01  0.123488E+01  0.142024E+01
  -655.900  0.625146E+00  0.102070E+01  0.111183E+01  0.116246E+01  0.133661E+01
  -655.800  0.591823E+00  0.959498E+00  0.104448E+01  0.109175E+01  0.125456E+01
  -655.700  0.559888E+00  0.900327E+00  0.979203E+00  0.102310E+01  0.117450E+01
  -655.600  0.529501E+00  0.843462E+00  0.916305E+00  0.956868E+00  0.109689E+01
  -655.500  0.500820E+00  0.789172E+00  0.856103E+00  0.893385E+00  0.102214E+01
  -655.400  0.473995E+00  0.737713E+00  0.798893E+00  0.832972E+00  0.950679E+00
  -655.300  0.449163E+00  0.689312E+00  0.744942E+00  0.775921E+00  0.882884E+00
  -655.200  0.426443E+00  0.644166E+00  0.694483E+00  0.722486E+00  0.819093E+00
  -655.100  0.405930E+00  0.602434E+00  0.647704E+00  0.672873E+00  0.759587E+00
  -655.000  0.387692E+00  0.564230E+00  0.604741E+00  0.627236E+00  0.704583E+00
  -654.900  0.371767E+00  0.529621E+00  0.565681E+00  0.585670E+00  0.654225E+00
  -654.800  0.358157E+00  0.498627E+00  0.530553E+00  0.548213E+00  0.608585E+00
  -654.700  0.346833E+00  0.471219E+00  0.499331E+00  0.514843E+00  0.567660E+00
  -654.600  0.337730E+00  0.447323E+00  0.471941E+00  0.485484E+00  0.531378E+00
  -654.500  0.330752E+00  0.426825E+00  0.448258E+00  0.460009E+00  0.499602E+00
  -654.400  0.325770E+00  0.409576E+00  0.428122E+00  0.438249E+00  0.472141E+00
  -654.300  0.322632E+00  0.395394E+00  0.411335E+00  0.420000E+00  0.448761E+00
  -654.200  0.321162E+00  0.384077E+00  0.397679E+00  0.405030E+00  0.429194E+00
  -654.100  0.321168E+00  0.375408E+00  0.386917E+00  0.393094E+00  0.413151E+00
  -654.000  0.322447E+00  0.369160E+00  0.378804E+00  0.383934E+00  0.400333E+00
  -653.900  0.324789E+00  0.365105E+00  0.373096E+00  0.377296E+00  0.390441E+00
  -653.800  0.327989E+00  0.363018E+00  0.369553E+00  0.372930E+00  0.383186E+00
  -653.700  0.331846E+00  0.362682E+00  0.367946E+00  0.370598E+00  0.378295E+00
  -653.600  0.336176E+00  0.363896E+00  0.368062E+00  0.370082E+00  0.375516E+00
  -653.500  0.340813E+00  0.366474E+00  0.369708E+00  0.371181E+00  0.374625E+00
  -653.400  0.345618E+00  0.370249E+00  0.372711E+00  0.373718E+00  0.375422E+00
  -653.300  0.350484E+00  0.375076E+00  0.376920E+00  0.377539E+00  0.377737E+00
  -653.200  0.355341E+00  0.380834E+00  0.382208E+00  0.382514E+00  0.381426E+00
  -653.100  0.360158E+00  0.387425E+00  0.388472E+00  0.388535E+00  0.386369E+00
  -653.000  0.364954E+00  0.394774E+00  0.395630E+00  0.395518E+00  0.392469E+00
  -652.900  0.369795E+00  0.402835E+00  0.403624E+00  0.403400E+00  0.399650E+00
  -652.800  0.374802E+00  0.411588E+00  0.412420E+00  0.412139E+00  0.407850E+00
  -652.700  0.380153E+00  0.421040E+00  0.422005E+00  0.421713E+00  0.417025E+00
  -652.600  0.386083E+00  0.431227E+00  0.432390E+00  0.432124E+00  0.427144E+00
  -652.500  0.392888E+00  0.442217E+00  0.443613E+00  0.443393E+00  0.438190E+00
  -652.400  0.400926E+00  0.454111E+00  0.455738E+00  0.455566E+00  0.450159E+00
  -652.300  0.410613E+00  0.467044E+00  0.468856E+00  0.468714E+00  0.463064E+00
  -652.200  0.422424E+00  0.481188E+00  0.483091E+00  0.482935E+00  0.476935E+00
  -652.100  0.436888E+00  0.496753E+00  0.498598E+00  0.498361E+00  0.491825E+00
  -652.000  0.454580E+00  0.513987E+00  0.515569E+00  0.515151E+00  0.507810E+00
  -651.900  0.476115E+00  0.533177E+00  0.534230E+00  0.533504E+00  0.524998E+00
  -651.800  0.502137E+00  0.554648E+00  0.554844E+00  0.553648E+00  0.543524E+00
  -651.700  0.533304E+00  0.578754E+00  0.577706E+00  0.575850E+00  0.563559E+00
  -651.600  0.570271E+00  0.605877E+00  0.603143E+00  0.600406E+00  0.585307E+00
  -651.500  0.613675E+00  0.636419E+00  0.631503E+00  0.627637E+00  0.609006E+00
  -651.400  0.664107E+00  0.670786E+00  0.663149E+00  0.657882E+00  0.634919E+00
  -651.300  0.722093E+00  0.709378E+00  0.698448E+00  0.691491E+00  0.663332E+00
  -651.200  0.788069E+00  0.752573E+00  0.737756E+00  0.728805E+00  0.694543E+00
  -651.100  0.862352E+00  0.800706E+00  0.781400E+00  0.770147E+00  0.728849E+00
  -651.000  0.945118E+00  0.854054E+00  0.829663E+00  0.815801E+00  0.766532E+00
  -650.900  0.103638E+01  0.912814E+00  0.882766E+00  0.865999E+00  0.807846E+00
  -650.800  0.113596E+01  0.977084E+00  0.940846E+00  0.920895E+00  0.852994E+00
  -650.700  0.124349E+01  0.104685E+01  0.100394E+01  0.980558E+00  0.902117E+00
  -650.600  0.135837E+01  0.112196E+01  0.107198E+01  0.104495E+01  0.955275E+00
  -650.500  0.147979E+01  0.120213E+01  0.114476E+01  0.111390E+01  0.101243E+01
  -650.400  0.160675E+01  0.128693E+01  0.122195E+01  0.118715E+01  0.107346E+01
  -650.300  0.173801E+01  0.137578E+01  0.130309E+01  0.126427E+01  0.113810E+01
  -650.200  0.187218E+01  0.146797E+01  0.138757E+01  0.134473E+01  0.120600E+01
  -650.100  0.200769E+01  0.156266E+01  0.147468E+01  0.142787E+01  0.127667E+01
  -650.000  0.214288E+01  0.165889E+01  0.156359E+01  0.151294E+01  0.134956E+01
  -649.900  0.227599E+01  0.175564E+01  0.165339E+01  0.159907E+01  0.142400E+01
  -649.800  0.240525E+01  0.185181E+01  0.174310E+01  0.168535E+01  0.149925E+01
  -649.700  0.252889E+01  0.194627E+01  0.183171E+01  0.177082E+01  0.157452E+01
  -649.600  0.264522E+01  0.203792E+01  0.191819E+01  0.185450E+01  0.164898E+01
  -649.500  0.275265E+01  0.212565E+01  0.200153E+01  0.193543E+01  0.172180E+01
  -649.400  0.284976E+01  0.220843E+01  0.208076E+01  0.201267E+01  0.179216E+01
  -649.300  0.293530E+01  0.228532E+01  0.215498E+01  0.208535E+01  0.185927E+01
  -649.200  0.300825E+01  0.235545E+01  0.222337E+01  0.215265E+01  0.192238E+01
  -649.100  0.306781E+01  0.241810E+01  0.228521E+01  0.221387E+01  0.198080E+01
  -649.000  0.311344E+01  0.247265E+01  0.233986E+01  0.226839E+01  0.203394E+01
  -648.900  0.314481E+01  0.251861E+01  0.238683E+01  0.231568E+01  0.208127E+01
  -648.800  0.316184E+01  0.255560E+01  0.242572E+01  0.235534E+01  0.212233E+01
  -648.700  0.316466E+01  0.258337E+01  0.245621E+01  0.238703E+01  0.215677E+01
  -648.600  0.315357E+01  0.260178E+01  0.247812E+01  0.241054E+01  0.218429E+01
  -648.500  0.312904E+01  0.261077E+01  0.249131E+01  0.242572E+01  0.220467E+01
  -648.400  0.309168E+01  0.261035E+01  0.249576E+01  0.243249E+01  0.221778E+01
  -648.300  0.304220E+01  0.260064E+01  0.249148E+01  0.243085E+01  0.222351E+01
  -648.200  0.298138E+01  0.258179E+01  0.247856E+01  0.242084E+01  0.222181E+01
  -648.100  0.291008E+01  0.255399E+01  0.245713E+01  0.240257E+01  0.221270E+01
  -648.000  0.282917E+01  0.251751E+01  0.242736E+01  0.237617E+01  0.219622E+01
  -647.900  0.273959E+01  0.247265E+01  0.238949E+01  0.234183E+01  0.217246E+01
  -647.800  0.264225E+01  0.241975E+01  0.234377E+01  0.229978E+01  0.214153E+01
  -647.700  0.253811E+01  0.235920E+01  0.229053E+01  0.225030E+01  0.210361E+01
  -647.600  0.242813E+01  0.229144E+01  0.223012E+01  0.219371E+01  0.205891E+01
  -647.500  0.231325E+01  0.221696E+01  0.216297E+01  0.213039E+01  0.200769E+01
  -647.400  0.219446E+01  0.213631E+01  0.208954E+01  0.206078E+01  0.195025E+01
  -647.300  0.207273E+01  0.205010E+01  0.201038E+01  0.198537E+01  0.188698E+01
  -647.200  0.194902E+01  0.195898E+01  0.192606E+01  0.190472E+01  0.181830E+01
  -647.100  0.182432E+01  0.186368E+01  0.183726E+01  0.181945E+01  0.174469E+01
  -647.000  0.169958E+01  0.176497E+01  0.174467E+01  0.173021E+01  0.166672E+01
  -646.900  0.157575E+01  0.166366E+01  0.164905E+01  0.163776E+01  0.158500E+01
  -646.800  0.145376E+01  0.156059E+01  0.155121E+01  0.154284E+01  0.150017E+01
  -646.700  0.133446E+01  0.145663E+01  0.145196E+01  0.144626E+01  0.141297E+01
  -646.600  0.121870E+01  0.135265E+01  0.135214E+01  0.134885E+01  0.132412E+01
  -646.500  0.110723E+01  0.124950E+01  0.125260E+01  0.125142E+01  0.123440E+01
  -646.400  0.100075E+01  0.114803E+01  0.115416E+01  0.115481E+01  0.114459E+01
  -646.300  0.899837E+00  0.104903E+01  0.105762E+01  0.105980E+01  0.105546E+01
  -646.200  0.805021E+00  0.953220E+00  0.963733E+00  0.967145E+00  0.967749E+00
  -646.100  0.716714E+00  0.861283E+00  0.873180E+00  0.877544E+00  0.882187E+00
  -646.000  0.635231E+00  0.773801E+00  0.786583E+00  0.791631E+00  0.799436E+00
  -645.900  0.560793E+00  0.691273E+00  0.704478E+00  0.709958E+00  0.720097E+00
  -645.800  0.493525E+00  0.614103E+00  0.627312E+00  0.632995E+00  0.644699E+00
  -645.700  0.433465E+00  0.542600E+00  0.555439E+00  0.561119E+00  0.573687E+00
  -645.600  0.380569E+00  0.476976E+00  0.489118E+00  0.494611E+00  0.507418E+00
  -645.500  0.334718E+00  0.417348E+00  0.428514E+00  0.433663E+00  0.446158E+00
  -645.400  0.295731E+00  0.363748E+00  0.373702E+00  0.378373E+00  0.390083E+00
  -645.300  0.263372E+00  0.316125E+00  0.324674E+00  0.328756E+00  0.339280E+00
  -645.200  0.237362E+00  0.274361E+00  0.281349E+00  0.284750E+00  0.293754E+00
  -645.100  0.217385E+00  0.238274E+00  0.243579E+00  0.246226E+00  0.253436E+00
  -645.000  0.203097E+00  0.207636E+00  0.211161E+00  0.212997E+00  0.218191E+00
  -644.900  0.194137E+00  0.182179E+00  0.183851E+00  0.184831E+00  0.187832E+00
  -644.800  0.190129E+00  0.161610E+00  0.161374E+00  0.161462E+00  0.162126E+00
  -644.700  0.190692E+00  0.145619E+00  0.143432E+00  0.142600E+00  0.140812E+00
  -644.600  0.195441E+00  0.133888E+00  0.129717E+00  0.127943E+00  0.123604E+00
  -644.500  0.203994E+00  0.126101E+00  0.119919E+00  0.117182E+00  0.110208E+00
  -644.400  0.215972E+00  0.121947E+00  0.113729E+00  0.110013E+00  0.100326E+00
  -644.300  0.231004E+00  0.121124E+00  0.110849E+00  0.106138E+00  0.936628E-01
  -644.200  0.248725E+00  0.123346E+00  0.110994E+00  0.105271E+00  0.899342E-01
  -644.100  0.268781E+00  0.128336E+00  0.113890E+00  0.107139E+00  0.888664E-01
  -644.000  0.290823E+00  0.135832E+00  0.119275E+00  0.111481E+00  0.901996E-01
  -643.900  0.314511E+00  0.145579E+00  0.126900E+00  0.118049E+00  0.936863E-01
  -643.800  0.339512E+00  0.157329E+00  0.136521E+00  0.126602E+00  0.990905E-01
  -643.700  0.365497E+00  0.170836E+00  0.147900E+00  0.136905E+00  0.106185E+00
  -643.600  0.392138E+00  0.185850E+00  0.160798E+00  0.148722E+00  0.114747E+00
  -643.500  0.419113E+00  0.202115E+00  0.174970E+00  0.161816E+00  0.124556E+00
  -643.400  0.446098E+00  0.219368E+00  0.190167E+00  0.175944E+00  0.135392E+00
  -643.300  0.472772E+00  0.237331E+00  0.206128E+00  0.190854E+00  0.147030E+00
  -643.200  0.498816E+00  0.255716E+00  0.222583E+00  0.206286E+00  0.159240E+00
  -643.100  0.523915E+00  0.274224E+00  0.239253E+00  0.221970E+00  0.171787E+00
  -643.000  0.547764E+00  0.292548E+00  0.255849E+00  0.237632E+00  0.184435E+00
  -642.900  0.570073E+00  0.310382E+00  0.272085E+00  0.252994E+00  0.196944E+00
  -642.800  0.590571E+00  0.327419E+00  0.287674E+00  0.267780E+00  0.209078E+00
  -642.700  0.609018E+00  0.343368E+00  0.302340E+00  0.281727E+00  0.220611E+00
  -642.600  0.625208E+00  0.357959E+00  0.315828E+00  0.294587E+00  0.231327E+00
  -642.500  0.638982E+00  0.370949E+00  0.327908E+00  0.306137E+00  0.241035E+00
  -642.400  0.650234E+00  0.382137E+00  0.338384E+00  0.316189E+00  0.249568E+00
  -642.300  0.658916E+00  0.391369E+00  0.347105E+00  0.324593E+00  0.256791E+00
  -642.200  0.665049E+00  0.398545E+00  0.353969E+00  0.331246E+00  0.262610E+00
  -642.100  0.668720E+00  0.403625E+00  0.358927E+00  0.336099E+00  0.266969E+00
  -642.000  0.670092E+00  0.406633E+00  0.361990E+00  0.339156E+00  0.269860E+00
  -641.900  0.669396E+00  0.407659E+00  0.363229E+00  0.340478E+00  0.271321E+00
  -641.800  0.666939E+00  0.406857E+00  0.362772E+00  0.340184E+00  0.271436E+00
  -641.700  0.663090E+00  0.404442E+00  0.360807E+00  0.338444E+00  0.270333E+00
  -641.600  0.658283E+00  0.400687E+00  0.357573E+00  0.335480E+00  0.268183E+00
  -641.500  0.653001E+00  0.395915E+00  0.353354E+00  0.331559E+00  0.265193E+00
  -641.400  0.647775E+00  0.390487E+00  0.348472E+00  0.326981E+00  0.261600E+00
  -641.300  0.643161E+00  0.384798E+00  0.343281E+00  0.322077E+00  0.257665E+00
  -641.200  0.639734E+00  0.379257E+00  0.338147E+00  0.317193E+00  0.253666E+00
  -641.100  0.638066E+00  0.374280E+00  0.333446E+00  0.312681E+00  0.249887E+00
  -641.000  0.638708E+00  0.370272E+00  0.329545E+00  0.308889E+00  0.246608E+00
  -640.900  0.642169E+00  0.367617E+00  0.326791E+00  0.306145E+00  0.244099E+00
  -640.800  0.648893E+00  0.366658E+00  0.325501E+00  0.304749E+00  0.242607E+00
  -640.700  0.659235E+00  0.367687E+00  0.325942E+00  0.304959E+00  0.242349E+00
  -640.600  0.673439E+00  0.370930E+00  0.328329E+00  0.306978E+00  0.243502E+00
  -640.500  0.691619E+00  0.376540E+00  0.332810E+00  0.310953E+00  0.246197E+00
  -640.400  0.713743E+00  0.384581E+00  0.339457E+00  0.316958E+00  0.250512E+00
  -640.300  0.739615E+00  0.395031E+00  0.348265E+00  0.324997E+00  0.256469E+00
  -640.200  0.768880E+00  0.407776E+00  0.359148E+00  0.334997E+00  0.264032E+00
  -640.100  0.801019E+00  0.422611E+00  0.371942E+00  0.346812E+00  0.273106E+00
  -640.000  0.835361E+00  0.439246E+00  0.386408E+00  0.360227E+00  0.283543E+00
  -639.900  0.871107E+00  0.457320E+00  0.402239E+00  0.374964E+00  0.295142E+00
  -639.800  0.907352E+00  0.476407E+00  0.419073E+00  0.390691E+00  0.307660E+00
  -639.700  0.943119E+00  0.496036E+00  0.436507E+00  0.407037E+00  0.320820E+00
  -639.600  0.977398E+00  0.515708E+00  0.454109E+00  0.423604E+00  0.334317E+00
  -639.500  0.100919E+01  0.534914E+00  0.471434E+00  0.439980E+00  0.347835E+00
  -639.400  0.103753E+01  0.553151E+00  0.488043E+00  0.455754E+00  0.361052E+00
  -639.300  0.106156E+01  0.569941E+00  0.503510E+00  0.470530E+00  0.373651E+00
  -639.200  0.108052E+01  0.584846E+00  0.517445E+00  0.483939E+00  0.385333E+00
  -639.100  0.109380E+01  0.597479E+00  0.529494E+00  0.495647E+00  0.395819E+00
  -639.000  0.110094E+01  0.607512E+00  0.539355E+00  0.505363E+00  0.404860E+00
  -638.900  0.110168E+01  0.614686E+00  0.546780E+00  0.512846E+00  0.412243E+00
  -638.800  0.109589E+01  0.618806E+00  0.551577E+00  0.517908E+00  0.417788E+00
  -638.700  0.108364E+01  0.619750E+00  0.553612E+00  0.520411E+00  0.421357E+00
  -638.600  0.106513E+01  0.617458E+00  0.552808E+00  0.520270E+00  0.422848E+00
  -638.500  0.104068E+01  0.611933E+00  0.549140E+00  0.517449E+00  0.422198E+00
  -638.400  0.101076E+01  0.603235E+00  0.542633E+00  0.511957E+00  0.419382E+00
  -638.300  0.975889E+00  0.591473E+00  0.533359E+00  0.503849E+00  0.414408E+00
  -638.200  0.936666E+00  0.576801E+00  0.521429E+00  0.493216E+00  0.407318E+00
  -638.100  0.893731E+00  0.559415E+00  0.506992E+00  0.480188E+00  0.398189E+00
  -638.000  0.847747E+00  0.539542E+00  0.490233E+00  0.464927E+00  0.387124E+00
  -637.900  0.799384E+00  0.517441E+00  0.471363E+00  0.447623E+00  0.374256E+00
  -637.800  0.749304E+00  0.493396E+00  0.450622E+00  0.428495E+00  0.359744E+00
  -637.700  0.698151E+00  0.467712E+00  0.428274E+00  0.407785E+00  0.343770E+00
  -637.600  0.646541E+00  0.440711E+00  0.404598E+00  0.385755E+00  0.326538E+00
  -637.500  0.595055E+00  0.412726E+00  0.379890E+00  0.362680E+00  0.308269E+00
  -637.400  0.544233E+00  0.384095E+00  0.354457E+00  0.338848E+00  0.289197E+00
  -637.300  0.494567E+00  0.355157E+00  0.328604E+00  0.314552E+00  0.269563E+00
  -637.200  0.446500E+00  0.326245E+00  0.302639E+00  0.290083E+00  0.249615E+00
  -637.100  0.400417E+00  0.297677E+00  0.276858E+00  0.265724E+00  0.229596E+00
  -637.000  0.356645E+00  0.269752E+00  0.251540E+00  0.241747E+00  0.209739E+00
  -636.900  0.315452E+00  0.242740E+00  0.226944E+00  0.218401E+00  0.190268E+00
  -636.800  0.277039E+00  0.216882E+00  0.203302E+00  0.195912E+00  0.171383E+00
  -636.700  0.241548E+00  0.192380E+00  0.180810E+00  0.174473E+00  0.153265E+00
  -636.600  0.209058E+00  0.169397E+00  0.159632E+00  0.154246E+00  0.136064E+00
  -636.500  0.179589E+00  0.148054E+00  0.139892E+00  0.135357E+00  0.119904E+00
  -636.400  0.153110E+00  0.128430E+00  0.121676E+00  0.117894E+00  0.104877E+00
  -636.300  0.129537E+00  0.110566E+00  0.105034E+00  0.101910E+00  0.910437E-01
  -636.200  0.108747E+00  0.944607E-01  0.899796E-01  0.874245E-01  0.784366E-01
  -636.100  0.905834E-01  0.800827E-01  0.764929E-01  0.744248E-01  0.670600E-01
  -636.000  0.748626E-01  0.673701E-01  0.645277E-01  0.628714E-01  0.568938E-01
  -635.900  0.613831E-01  0.562371E-01  0.540138E-01  0.527018E-01  0.478969E-01
  -635.800  0.499331E-01  0.465796E-01  0.448628E-01  0.438351E-01  0.400107E-01
  -635.700  0.402974E-01  0.382807E-01  0.369728E-01  0.361771E-01  0.331634E-01
  -635.600  0.322634E-01  0.312153E-01  0.302334E-01  0.296247E-01  0.272739E-01
  -635.500  0.256266E-01  0.252556E-01  0.245297E-01  0.240700E-01  0.222551E-01
  -635.400  0.201940E-01  0.202744E-01  0.197468E-01  0.194042E-01  0.180176E-01
  -635.300  0.157873E-01  0.161486E-01  0.157723E-01  0.155204E-01  0.144724E-01
  -635.200  0.122450E-01  0.127619E-01  0.124992E-01  0.123168E-01  0.115332E-01
  -635.100  0.942290E-02  0.100066E-01  0.982770E-02  0.969769E-02  0.911831E-02
  -635.000  0.719438E-02  0.778483E-02  0.766653E-02  0.757547E-02  0.715194E-02
  -634.900  0.544997E-02  0.600886E-02  0.593355E-02  0.587099E-02  0.556498E-02
  -634.800  0.409635E-02  0.460160E-02  0.455604E-02  0.451400E-02  0.429555E-02
  -634.700  0.305499E-02  0.349615E-02  0.347062E-02  0.344308E-02  0.328905E-02
  -634.600  0.226066E-02  0.263526E-02  0.262274E-02  0.260525E-02  0.249805E-02
  -634.500  0.165989E-02  0.197057E-02  0.196615E-02  0.195547E-02  0.188186E-02
  -634.400  0.120931E-02  0.146176E-02  0.146207E-02  0.145590E-02  0.140607E-02
  -634.300  0.874199E-03  0.107562E-02  0.107842E-02  0.107513E-02  0.104190E-02
  -634.200  0.627030E-03  0.785071E-03  0.788950E-03  0.787445E-03  0.765641E-03
  -634.100  0.446231E-03  0.568335E-03  0.572430E-03  0.571970E-03  0.557913E-03
  -634.000  0.315073E-03  0.408049E-03  0.411885E-03  0.411993E-03  0.403105E-03
  -633.900  0.220710E-03  0.290536E-03  0.293884E-03  0.294263E-03  0.288766E-03
  -633.800  0.153380E-03  0.205131E-03  0.207915E-03  0.208389E-03  0.205075E-03
  -633.700  0.105736E-03  0.143606E-03  0.145837E-03  0.146308E-03  0.144371E-03
  -633.600  0.723036E-04  0.996734E-04  0.101411E-03  0.101830E-03  0.100742E-03
  -633.500  0.490388E-04  0.685827E-04  0.699025E-04  0.702520E-04  0.696724E-04
  -633.400  0.329858E-04  0.467773E-04  0.477586E-04  0.480370E-04  0.477522E-04
  -633.300  0.220031E-04  0.316227E-04  0.323385E-04  0.325525E-04  0.324315E-04
  -633.200  0.145535E-04  0.211867E-04  0.216997E-04  0.218596E-04  0.218243E-04
  -633.100  0.000000E+00  0.140664E-04  0.144282E-04  0.145448E-04  0.145504E-04
  -633.000  0.000000E+00  0.000000E+00  0.000000E+00  0.000000E+00  0.000000E+00
  -632.900  0.000000E+00  0.000000E+00  0.000000E+00  0.000000E+00  0.000000E+00
  -632.800  0.000000E+00  0.000000E+00  0.000000E+00  0.000000E+00  0.000000E+00
  -632.700  0.000000E+00  0.000000E+00  0.000000E+00  0.000000E+00  0.000000E+00
  -632.600  0.000000E+00  0.000000E+00  0.000000E+00  0.000000E+00  0.000000E+00
  -632.500  0.000000E+00  0.000000E+00  0.000000E+00  0.000000E+00  0.000000E+00
  -632.400  0.000000E+00  0.000000E+00  0.000000E+00  0.000000E+00  0.000000E+00
  -632.300  0.000000E+00  0.000000E+00  0.000000E+00  0.000000E+00  0.000000E+00
  -632.200  0.000000E+00  0.000000E+00  0.000000E+00  0.000000E+00  0.000000E+00
  -632.100  0.000000E+00  0.000000E+00  0.000000E+00  0.000000E+00  0.000000E+00
  -632.000  0.000000E+00  0.000000E+00  0.000000E+00  0.000000E+00  0.000000E+00
  -631.900  0.000000E+00  0.000000E+00  0.000000E+00  0.000000E+00  0.000000E+00
  -631.800  0.000000E+00  0.000000E+00  0.000000E+00  0.000000E+00  0.000000E+00
  -631.700  0.000000E+00  0.000000E+00  0.000000E+00  0.000000E+00  0.000000E+00
  -631.600  0.000000E+00  0.000000E+00  0.000000E+00  0.000000E+00  0.000000E+00
  -631.500  0.000000E+00  0.000000E+00  0.000000E+00  0.000000E+00  0.000000E+00
  -631.400  0.000000E+00  0.000000E+00  0.000000E+00  0.000000E+00  0.000000E+00
  -631.300  0.000000E+00  0.000000E+00  0.000000E+00  0.000000E+00  0.000000E+00
  -631.200  0.000000E+00  0.000000E+00  0.000000E+00  0.000000E+00  0.000000E+00
  -631.100  0.000000E+00  0.000000E+00  0.000000E+00  0.000000E+00  0.000000E+00
  -631.000  0.000000E+00  0.000000E+00  0.000000E+00  0.000000E+00  0.000000E+00
  -630.900  0.000000E+00  0.000000E+00  0.000000E+00  0.000000E+00  0.000000E+00
  -630.800  0.000000E+00  0.000000E+00  0.000000E+00  0.000000E+00  0.000000E+00
  -630.700  0.000000E+00  0.000000E+00  0.000000E+00  0.000000E+00  0.000000E+00
  -630.600  0.000000E+00  0.000000E+00  0.000000E+00  0.000000E+00  0.000000E+00
  -630.500  0.000000E+00  0.000000E+00  0.000000E+00  0.000000E+00  0.000000E+00
  -630.400  0.000000E+00  0.000000E+00  0.000000E+00  0.000000E+00  0.000000E+00
  -630.300  0.000000E+00  0.000000E+00  0.000000E+00  0.000000E+00  0.000000E+00
  -630.200  0.000000E+00  0.000000E+00  0.000000E+00  0.000000E+00  0.000000E+00
  -630.100  0.000000E+00  0.000000E+00  0.000000E+00  0.000000E+00  0.000000E+00
  -630.000  0.000000E+00  0.000000E+00  0.000000E+00  0.000000E+00  0.000000E+00
  -629.900  0.000000E+00  0.000000E+00  0.000000E+00  0.000000E+00  0.000000E+00
  -629.800  0.000000E+00  0.000000E+00  0.000000E+00  0.000000E+00  0.000000E+00
  -629.700  0.000000E+00  0.000000E+00  0.000000E+00  0.000000E+00  0.000000E+00
  -629.600  0.000000E+00  0.000000E+00  0.000000E+00  0.000000E+00  0.000000E+00
  -629.500  0.000000E+00  0.000000E+00  0.000000E+00  0.000000E+00  0.000000E+00
  -629.400  0.000000E+00  0.000000E+00  0.000000E+00  0.000000E+00  0.000000E+00
  -629.300  0.000000E+00  0.000000E+00  0.000000E+00  0.000000E+00  0.000000E+00
  -629.200  0.000000E+00  0.000000E+00  0.000000E+00  0.000000E+00  0.000000E+00
  -629.100  0.000000E+00  0.000000E+00  0.000000E+00  0.000000E+00  0.000000E+00
  -629.000  0.000000E+00  0.000000E+00  0.000000E+00  0.000000E+00  0.000000E+00
  -628.900  0.000000E+00  0.000000E+00  0.000000E+00  0.000000E+00  0.000000E+00
  -628.800  0.000000E+00  0.000000E+00  0.000000E+00  0.000000E+00  0.000000E+00
  -628.700  0.000000E+00  0.000000E+00  0.000000E+00  0.000000E+00  0.000000E+00
  -628.600  0.000000E+00  0.000000E+00  0.000000E+00  0.000000E+00  0.000000E+00
  -628.500  0.000000E+00  0.000000E+00  0.000000E+00  0.000000E+00  0.000000E+00
  -628.400  0.000000E+00  0.000000E+00  0.000000E+00  0.000000E+00  0.000000E+00
  -628.300  0.000000E+00  0.000000E+00  0.000000E+00  0.000000E+00  0.000000E+00
  -628.200  0.000000E+00  0.000000E+00  0.000000E+00  0.000000E+00  0.000000E+00
  -628.100  0.000000E+00  0.000000E+00  0.000000E+00  0.000000E+00  0.000000E+00
  -628.000  0.000000E+00  0.000000E+00  0.000000E+00  0.000000E+00  0.000000E+00
  -627.900  0.000000E+00  0.000000E+00  0.000000E+00  0.000000E+00  0.000000E+00
  -627.800  0.000000E+00  0.000000E+00  0.000000E+00  0.000000E+00  0.000000E+00
  -627.700  0.000000E+00  0.000000E+00  0.000000E+00  0.000000E+00  0.000000E+00
  -627.600  0.000000E+00  0.000000E+00  0.000000E+00  0.000000E+00  0.000000E+00
  -627.500  0.000000E+00  0.000000E+00  0.000000E+00  0.000000E+00  0.000000E+00
  -627.400  0.000000E+00  0.000000E+00  0.000000E+00  0.000000E+00  0.000000E+00
  -627.300  0.000000E+00  0.000000E+00  0.000000E+00  0.000000E+00  0.000000E+00
  -627.200  0.000000E+00  0.000000E+00  0.000000E+00  0.000000E+00  0.000000E+00
  -627.100  0.000000E+00  0.000000E+00  0.000000E+00  0.000000E+00  0.000000E+00
  -627.000  0.000000E+00  0.000000E+00  0.000000E+00  0.000000E+00  0.000000E+00
  -626.900  0.000000E+00  0.000000E+00  0.000000E+00  0.000000E+00  0.000000E+00
  -626.800  0.000000E+00  0.000000E+00  0.000000E+00  0.000000E+00  0.000000E+00
  -626.700  0.000000E+00  0.000000E+00  0.000000E+00  0.000000E+00  0.000000E+00
  -626.600  0.000000E+00  0.000000E+00  0.000000E+00  0.000000E+00  0.000000E+00
  -626.500  0.000000E+00  0.000000E+00  0.000000E+00  0.000000E+00  0.000000E+00
  -626.400  0.000000E+00  0.000000E+00  0.000000E+00  0.000000E+00  0.000000E+00
  -626.300  0.000000E+00  0.000000E+00  0.000000E+00  0.000000E+00  0.000000E+00
  -626.200  0.000000E+00  0.000000E+00  0.000000E+00  0.000000E+00  0.000000E+00
  -626.100  0.000000E+00  0.000000E+00  0.000000E+00  0.000000E+00  0.000000E+00
  -626.000  0.000000E+00  0.000000E+00  0.000000E+00  0.000000E+00  0.000000E+00
  -625.900  0.000000E+00  0.000000E+00  0.000000E+00  0.000000E+00  0.000000E+00
  -625.800  0.000000E+00  0.000000E+00  0.000000E+00  0.000000E+00  0.000000E+00
  -625.700  0.000000E+00  0.000000E+00  0.000000E+00  0.000000E+00  0.000000E+00
  -625.600  0.000000E+00  0.000000E+00  0.000000E+00  0.000000E+00  0.000000E+00
  -625.500  0.000000E+00  0.000000E+00  0.000000E+00  0.000000E+00  0.000000E+00
  -625.400  0.000000E+00  0.000000E+00  0.000000E+00  0.000000E+00  0.000000E+00
  -625.300  0.000000E+00  0.000000E+00  0.000000E+00  0.000000E+00  0.000000E+00
  -625.200  0.000000E+00  0.000000E+00  0.000000E+00  0.000000E+00  0.000000E+00
  -625.100  0.000000E+00  0.000000E+00  0.000000E+00  0.000000E+00  0.000000E+00
  -625.000  0.000000E+00  0.000000E+00  0.000000E+00  0.000000E+00  0.000000E+00
  -624.900  0.000000E+00  0.000000E+00  0.000000E+00  0.000000E+00  0.000000E+00
  -624.800  0.000000E+00  0.000000E+00  0.000000E+00  0.000000E+00  0.000000E+00
  -624.700  0.000000E+00  0.000000E+00  0.000000E+00  0.000000E+00  0.000000E+00
  -624.600  0.000000E+00  0.000000E+00  0.000000E+00  0.000000E+00  0.000000E+00
  -624.500  0.000000E+00  0.000000E+00  0.000000E+00  0.000000E+00  0.000000E+00
  -624.400  0.000000E+00  0.000000E+00  0.000000E+00  0.000000E+00  0.000000E+00
  -624.300  0.000000E+00  0.000000E+00  0.000000E+00  0.000000E+00  0.000000E+00
  -624.200  0.000000E+00  0.000000E+00  0.000000E+00  0.000000E+00  0.000000E+00
  -624.100  0.000000E+00  0.000000E+00  0.000000E+00  0.000000E+00  0.000000E+00
  -624.000  0.000000E+00  0.000000E+00  0.000000E+00  0.000000E+00  0.000000E+00
  -623.900  0.000000E+00  0.000000E+00  0.000000E+00  0.000000E+00  0.000000E+00
  -623.800  0.000000E+00  0.000000E+00  0.000000E+00  0.000000E+00  0.000000E+00
  -623.700  0.000000E+00  0.000000E+00  0.000000E+00  0.000000E+00  0.000000E+00
  -623.600  0.000000E+00  0.000000E+00  0.000000E+00  0.000000E+00  0.000000E+00
  -623.500  0.000000E+00  0.000000E+00  0.000000E+00  0.000000E+00  0.000000E+00
  -623.400  0.000000E+00  0.000000E+00  0.000000E+00  0.000000E+00  0.000000E+00
  -623.300  0.000000E+00  0.000000E+00  0.000000E+00  0.000000E+00  0.000000E+00
  -623.200  0.000000E+00  0.000000E+00  0.000000E+00  0.000000E+00  0.000000E+00
  -623.100  0.000000E+00  0.000000E+00  0.000000E+00  0.000000E+00  0.000000E+00
  -623.000  0.000000E+00  0.000000E+00  0.000000E+00  0.000000E+00  0.000000E+00
  -622.900  0.000000E+00  0.000000E+00  0.000000E+00  0.000000E+00  0.000000E+00
  -622.800  0.000000E+00  0.000000E+00  0.000000E+00  0.000000E+00  0.000000E+00
  -622.700  0.000000E+00  0.000000E+00  0.000000E+00  0.000000E+00  0.000000E+00
  -622.600  0.000000E+00  0.000000E+00  0.000000E+00  0.000000E+00  0.000000E+00
  -622.500  0.000000E+00  0.000000E+00  0.000000E+00  0.000000E+00  0.000000E+00
  -622.400  0.000000E+00  0.000000E+00  0.000000E+00  0.000000E+00  0.000000E+00
  -622.300  0.000000E+00  0.000000E+00  0.000000E+00  0.000000E+00  0.000000E+00
  -622.200  0.000000E+00  0.000000E+00  0.000000E+00  0.000000E+00  0.000000E+00
  -622.100  0.000000E+00  0.000000E+00  0.000000E+00  0.000000E+00  0.000000E+00
  -622.000  0.000000E+00  0.000000E+00  0.000000E+00  0.000000E+00  0.000000E+00
  -621.900  0.000000E+00  0.000000E+00  0.000000E+00  0.000000E+00  0.000000E+00
  -621.800  0.000000E+00  0.000000E+00  0.000000E+00  0.000000E+00  0.000000E+00
  -621.700  0.000000E+00  0.000000E+00  0.000000E+00  0.000000E+00  0.000000E+00
  -621.600  0.000000E+00  0.000000E+00  0.000000E+00  0.000000E+00  0.000000E+00
  -621.500  0.000000E+00  0.000000E+00  0.000000E+00  0.000000E+00  0.000000E+00
  -621.400  0.000000E+00  0.000000E+00  0.000000E+00  0.000000E+00  0.000000E+00
  -621.300  0.000000E+00  0.000000E+00  0.000000E+00  0.000000E+00  0.000000E+00
  -621.200  0.000000E+00  0.000000E+00  0.000000E+00  0.000000E+00  0.000000E+00
  -621.100  0.000000E+00  0.000000E+00  0.000000E+00  0.000000E+00  0.000000E+00
  -621.000  0.000000E+00  0.000000E+00  0.000000E+00  0.000000E+00  0.000000E+00
  -620.900  0.000000E+00  0.000000E+00  0.000000E+00  0.000000E+00  0.000000E+00
  -620.800  0.000000E+00  0.000000E+00  0.000000E+00  0.000000E+00  0.000000E+00
  -620.700  0.000000E+00  0.000000E+00  0.000000E+00  0.000000E+00  0.000000E+00
  -620.600  0.000000E+00  0.000000E+00  0.000000E+00  0.000000E+00  0.000000E+00
  -620.500  0.000000E+00  0.000000E+00  0.000000E+00  0.000000E+00  0.000000E+00
  -620.400  0.000000E+00  0.000000E+00  0.000000E+00  0.000000E+00  0.000000E+00
  -620.300  0.000000E+00  0.000000E+00  0.000000E+00  0.000000E+00  0.000000E+00
  -620.200  0.000000E+00  0.000000E+00  0.000000E+00  0.000000E+00  0.000000E+00
  -620.100  0.000000E+00  0.000000E+00  0.000000E+00  0.000000E+00  0.000000E+00
  -620.000  0.000000E+00  0.000000E+00  0.000000E+00  0.000000E+00  0.000000E+00
