  x           300.0          873.0         1273.0         1673.0      Infinity
  -680.000  0.000000E+00  0.000000E+00  0.000000E+00  0.000000E+00  0.000000E+00
  -679.900  0.000000E+00  0.000000E+00  0.000000E+00  0.000000E+00  0.000000E+00
  -679.800  0.000000E+00  0.000000E+00  0.000000E+00  0.000000E+00  0.000000E+00
  -679.700  0.000000E+00  0.000000E+00  0.000000E+00  0.000000E+00  0.000000E+00
  -679.600  0.000000E+00  0.000000E+00  0.000000E+00  0.000000E+00  0.000000E+00
  -679.500  0.000000E+00  0.000000E+00  0.000000E+00  0.000000E+00  0.000000E+00
  -679.400  0.000000E+00  0.000000E+00  0.000000E+00  0.000000E+00  0.000000E+00
  -679.300  0.000000E+00  0.000000E+00  0.000000E+00  0.000000E+00  0.000000E+00
  -679.200  0.000000E+00  0.000000E+00  0.000000E+00  0.000000E+00  0.000000E+00
  -679.100  0.000000E+00  0.000000E+00  0.000000E+00  0.000000E+00  0.000000E+00
  -679.000  0.000000E+00  0.000000E+00  0.000000E+00  0.000000E+00  0.000000E+00
  -678.900  0.000000E+00  0.000000E+00  0.000000E+00  0.000000E+00  0.000000E+00
  -678.800  0.000000E+00  0.000000E+00  0.000000E+00  0.000000E+00  0.000000E+00
  -678.700  0.000000E+00  0.000000E+00  0.000000E+00  0.000000E+00  0.000000E+00
  -678.600  0.000000E+00  0.000000E+00  0.000000E+00  0.000000E+00  0.000000E+00
  -678.500  0.000000E+00  0.000000E+00  0.000000E+00  0.000000E+00  0.000000E+00
  -678.400  0.000000E+00  0.000000E+00  0.000000E+00  0.000000E+00  0.000000E+00
  -678.300  0.000000E+00  0.000000E+00  0.000000E+00  0.000000E+00  0.000000E+00
  -678.200  0.000000E+00  0.000000E+00  0.000000E+00  0.000000E+00  0.000000E+00
  -678.100  0.000000E+00  0.000000E+00  0.000000E+00  0.000000E+00  0.000000E+00
  -678.000  0.000000E+00  0.000000E+00  0.000000E+00  0.000000E+00  0.000000E+00
  -677.900  0.000000E+00  0.000000E+00  0.000000E+00  0.000000E+00  0.000000E+00
  -677.800  0.000000E+00  0.000000E+00  0.000000E+00  0.000000E+00  0.000000E+00
  -677.700  0.000000E+00  0.000000E+00  0.000000E+00  0.000000E+00  0.000000E+00
  -677.600  0.000000E+00  0.000000E+00  0.000000E+00  0.000000E+00  0.000000E+00
  -677.500  0.000000E+00  0.000000E+00  0.000000E+00  0.000000E+00  0.000000E+00
  -677.400  0.000000E+00  0.000000E+00  0.000000E+00  0.000000E+00  0.000000E+00
  -677.300  0.000000E+00  0.000000E+00  0.000000E+00  0.000000E+00  0.000000E+00
  -677.200  0.000000E+00  0.000000E+00  0.000000E+00  0.000000E+00  0.000000E+00
  -677.100  0.000000E+00  0.000000E+00  0.000000E+00  0.000000E+00  0.000000E+00
  -677.000  0.000000E+00  0.000000E+00  0.000000E+00  0.000000E+00  0.000000E+00
  -676.900  0.000000E+00  0.000000E+00  0.000000E+00  0.000000E+00  0.000000E+00
  -676.800  0.000000E+00  0.000000E+00  0.000000E+00  0.000000E+00  0.000000E+00
  -676.700  0.000000E+00  0.000000E+00  0.000000E+00  0.000000E+00  0.000000E+00
  -676.600  0.000000E+00  0.000000E+00  0.000000E+00  0.000000E+00  0.000000E+00
  -676.500  0.000000E+00  0.000000E+00  0.000000E+00  0.000000E+00  0.000000E+00
  -676.400  0.000000E+00  0.000000E+00  0.000000E+00  0.000000E+00  0.000000E+00
  -676.300  0.000000E+00  0.000000E+00  0.000000E+00  0.000000E+00  0.000000E+00
  -676.200  0.000000E+00  0.000000E+00  0.000000E+00  0.000000E+00  0.000000E+00
  -676.100  0.000000E+00  0.000000E+00  0.000000E+00  0.000000E+00  0.000000E+00
  -676.000  0.000000E+00  0.000000E+00  0.000000E+00  0.000000E+00  0.000000E+00
  -675.900  0.000000E+00  0.000000E+00  0.000000E+00  0.000000E+00  0.000000E+00
  -675.800  0.000000E+00  0.000000E+00  0.000000E+00  0.000000E+00  0.000000E+00
  -675.700  0.000000E+00  0.000000E+00  0.000000E+00  0.000000E+00  0.000000E+00
  -675.600  0.000000E+00  0.000000E+00  0.000000E+00  0.000000E+00  0.000000E+00
  -675.500  0.000000E+00  0.000000E+00  0.000000E+00  0.000000E+00  0.000000E+00
  -675.400  0.000000E+00  0.000000E+00  0.000000E+00  0.000000E+00  0.000000E+00
  -675.300  0.000000E+00  0.000000E+00  0.000000E+00  0.000000E+00  0.000000E+00
  -675.200  0.000000E+00  0.000000E+00  0.000000E+00  0.000000E+00  0.000000E+00
  -675.100  0.000000E+00  0.000000E+00  0.000000E+00  0.000000E+00  0.000000E+00
  -675.000  0.000000E+00  0.000000E+00  0.000000E+00  0.000000E+00  0.000000E+00
  -674.900  0.000000E+00  0.000000E+00  0.000000E+00  0.000000E+00  0.000000E+00
  -674.800  0.000000E+00  0.000000E+00  0.000000E+00  0.000000E+00  0.000000E+00
  -674.700  0.000000E+00  0.000000E+00  0.000000E+00  0.000000E+00  0.000000E+00
  -674.600  0.000000E+00  0.000000E+00  0.000000E+00  0.000000E+00  0.000000E+00
  -674.500  0.000000E+00  0.000000E+00  0.000000E+00  0.000000E+00  0.000000E+00
  -674.400  0.000000E+00  0.000000E+00  0.000000E+00  0.000000E+00  0.000000E+00
  -674.300  0.000000E+00  0.000000E+00  0.000000E+00  0.000000E+00  0.000000E+00
  -674.200  0.000000E+00  0.000000E+00  0.000000E+00  0.000000E+00  0.000000E+00
  -674.100  0.000000E+00  0.000000E+00  0.000000E+00  0.000000E+00  0.000000E+00
  -674.000  0.000000E+00  0.000000E+00  0.000000E+00  0.000000E+00  0.000000E+00
  -673.900  0.000000E+00  0.000000E+00  0.000000E+00  0.000000E+00  0.000000E+00
  -673.800  0.000000E+00  0.000000E+00  0.000000E+00  0.000000E+00  0.000000E+00
  -673.700  0.000000E+00  0.000000E+00  0.000000E+00  0.000000E+00  0.000000E+00
  -673.600  0.000000E+00  0.000000E+00  0.000000E+00  0.000000E+00  0.000000E+00
  -673.500  0.000000E+00  0.000000E+00  0.000000E+00  0.000000E+00  0.000000E+00
  -673.400  0.000000E+00  0.000000E+00  0.000000E+00  0.000000E+00  0.000000E+00
  -673.300  0.000000E+00  0.000000E+00  0.000000E+00  0.000000E+00  0.000000E+00
  -673.200  0.000000E+00  0.000000E+00  0.000000E+00  0.000000E+00  0.000000E+00
  -673.100  0.000000E+00  0.000000E+00  0.000000E+00  0.000000E+00  0.000000E+00
  -673.000  0.000000E+00  0.000000E+00  0.000000E+00  0.000000E+00  0.000000E+00
  -672.900  0.000000E+00  0.000000E+00  0.000000E+00  0.000000E+00  0.000000E+00
  -672.800  0.000000E+00  0.000000E+00  0.000000E+00  0.000000E+00  0.000000E+00
  -672.700  0.000000E+00  0.000000E+00  0.000000E+00  0.000000E+00  0.000000E+00
  -672.600  0.000000E+00  0.000000E+00  0.000000E+00  0.000000E+00  0.000000E+00
  -672.500  0.000000E+00  0.000000E+00  0.000000E+00  0.000000E+00  0.000000E+00
  -672.400  0.000000E+00  0.000000E+00  0.000000E+00  0.000000E+00  0.000000E+00
  -672.300  0.000000E+00  0.000000E+00  0.000000E+00  0.000000E+00  0.000000E+00
  -672.200  0.000000E+00  0.000000E+00  0.000000E+00  0.000000E+00  0.000000E+00
  -672.100  0.000000E+00  0.000000E+00  0.000000E+00  0.000000E+00  0.000000E+00
  -672.000  0.000000E+00  0.000000E+00  0.000000E+00  0.000000E+00  0.000000E+00
  -671.900  0.000000E+00  0.000000E+00  0.000000E+00  0.000000E+00  0.000000E+00
  -671.800  0.000000E+00  0.000000E+00  0.000000E+00  0.000000E+00  0.000000E+00
  -671.700  0.000000E+00  0.000000E+00  0.000000E+00  0.000000E+00  0.000000E+00
  -671.600  0.000000E+00  0.000000E+00  0.000000E+00  0.000000E+00  0.000000E+00
  -671.500  0.000000E+00  0.000000E+00  0.000000E+00  0.000000E+00  0.000000E+00
  -671.400  0.000000E+00  0.000000E+00  0.000000E+00  0.000000E+00  0.000000E+00
  -671.300  0.000000E+00  0.000000E+00  0.000000E+00  0.000000E+00  0.000000E+00
  -671.200  0.000000E+00  0.000000E+00  0.000000E+00  0.000000E+00  0.000000E+00
  -671.100  0.000000E+00  0.000000E+00  0.000000E+00  0.000000E+00  0.000000E+00
  -671.000  0.000000E+00  0.000000E+00  0.000000E+00  0.000000E+00  0.000000E+00
  -670.900  0.000000E+00  0.000000E+00  0.000000E+00  0.000000E+00  0.000000E+00
  -670.800  0.000000E+00  0.000000E+00  0.000000E+00  0.000000E+00  0.000000E+00
  -670.700  0.000000E+00  0.000000E+00  0.000000E+00  0.000000E+00  0.000000E+00
  -670.600  0.000000E+00  0.000000E+00  0.000000E+00  0.000000E+00  0.000000E+00
  -670.500  0.000000E+00  0.000000E+00  0.000000E+00  0.000000E+00  0.000000E+00
  -670.400  0.000000E+00  0.000000E+00  0.000000E+00  0.000000E+00  0.000000E+00
  -670.300  0.000000E+00  0.000000E+00  0.000000E+00  0.000000E+00  0.000000E+00
  -670.200  0.000000E+00  0.000000E+00  0.000000E+00  0.000000E+00  0.000000E+00
  -670.100  0.000000E+00  0.000000E+00  0.000000E+00  0.000000E+00  0.000000E+00
  -670.000  0.000000E+00  0.000000E+00  0.000000E+00  0.000000E+00  0.000000E+00
  -669.900  0.000000E+00  0.000000E+00  0.000000E+00  0.000000E+00  0.000000E+00
  -669.800  0.000000E+00  0.000000E+00  0.000000E+00  0.000000E+00  0.000000E+00
  -669.700  0.000000E+00  0.000000E+00  0.000000E+00  0.000000E+00  0.000000E+00
  -669.600  0.000000E+00  0.000000E+00  0.000000E+00  0.000000E+00  0.000000E+00
  -669.500  0.000000E+00  0.000000E+00  0.000000E+00  0.000000E+00  0.000000E+00
  -669.400  0.000000E+00  0.000000E+00  0.000000E+00  0.000000E+00  0.000000E+00
  -669.300  0.000000E+00  0.000000E+00  0.000000E+00  0.000000E+00  0.000000E+00
  -669.200  0.000000E+00  0.000000E+00  0.000000E+00  0.000000E+00  0.000000E+00
  -669.100  0.000000E+00  0.000000E+00  0.000000E+00  0.000000E+00  0.000000E+00
  -669.000  0.000000E+00  0.000000E+00  0.000000E+00  0.000000E+00  0.000000E+00
  -668.900  0.000000E+00  0.000000E+00  0.000000E+00  0.000000E+00  0.000000E+00
  -668.800  0.000000E+00  0.000000E+00  0.000000E+00  0.000000E+00  0.000000E+00
  -668.700  0.000000E+00  0.000000E+00  0.000000E+00  0.000000E+00  0.000000E+00
  -668.600  0.000000E+00  0.000000E+00  0.000000E+00  0.000000E+00  0.000000E+00
  -668.500  0.000000E+00  0.000000E+00  0.000000E+00  0.000000E+00  0.000000E+00
  -668.400  0.000000E+00  0.000000E+00  0.000000E+00  0.000000E+00  0.000000E+00
  -668.300  0.000000E+00  0.000000E+00  0.000000E+00  0.000000E+00  0.000000E+00
  -668.200  0.000000E+00  0.000000E+00  0.000000E+00  0.000000E+00  0.000000E+00
  -668.100  0.000000E+00  0.000000E+00  0.000000E+00  0.000000E+00  0.000000E+00
  -668.000  0.000000E+00  0.000000E+00  0.000000E+00  0.000000E+00  0.000000E+00
  -667.900  0.000000E+00  0.000000E+00  0.000000E+00  0.000000E+00  0.000000E+00
  -667.800  0.000000E+00  0.000000E+00  0.000000E+00  0.000000E+00  0.000000E+00
  -667.700  0.000000E+00  0.000000E+00  0.000000E+00  0.000000E+00  0.000000E+00
  -667.600  0.000000E+00  0.000000E+00  0.000000E+00  0.000000E+00  0.000000E+00
  -667.500  0.000000E+00  0.000000E+00  0.000000E+00  0.000000E+00  0.000000E+00
  -667.400  0.000000E+00  0.135691E-04  0.135951E-04  0.135725E-04  0.133514E-04
  -667.300  0.169268E-04  0.202214E-04  0.202496E-04  0.202109E-04  0.198676E-04
  -667.200  0.251555E-04  0.299028E-04  0.299290E-04  0.298646E-04  0.293374E-04
  -667.100  0.370963E-04  0.438815E-04  0.438981E-04  0.437932E-04  0.429922E-04
  -667.000  0.542848E-04  0.639066E-04  0.639001E-04  0.637332E-04  0.625295E-04
  -666.900  0.788269E-04  0.923677E-04  0.923166E-04  0.920562E-04  0.902672E-04
  -666.800  0.113583E-03  0.132499E-03  0.132370E-03  0.131972E-03  0.129342E-03
  -666.700  0.162396E-03  0.188636E-03  0.188381E-03  0.187781E-03  0.183961E-03
  -666.600  0.230382E-03  0.266533E-03  0.266081E-03  0.265194E-03  0.259707E-03
  -666.500  0.324266E-03  0.373745E-03  0.373001E-03  0.371712E-03  0.363923E-03
  -666.400  0.452801E-03  0.520093E-03  0.518931E-03  0.517087E-03  0.506162E-03
  -666.300  0.627243E-03  0.718199E-03  0.716458E-03  0.713864E-03  0.698724E-03
  -666.200  0.861890E-03  0.984103E-03  0.981588E-03  0.977997E-03  0.957276E-03
  -666.100  0.117469E-02  0.133795E-02  0.133444E-02  0.132955E-02  0.130154E-02
  -666.000  0.158787E-02  0.180475E-02  0.179999E-02  0.179344E-02  0.175609E-02
  -665.900  0.212861E-02  0.241514E-02  0.240888E-02  0.240027E-02  0.235112E-02
  -665.800  0.282969E-02  0.320618E-02  0.319825E-02  0.318713E-02  0.312333E-02
  -665.700  0.373008E-02  0.422213E-02  0.421247E-02  0.419838E-02  0.411676E-02
  -665.600  0.487541E-02  0.551512E-02  0.550387E-02  0.548639E-02  0.538356E-02
  -665.500  0.631833E-02  0.714564E-02  0.713334E-02  0.711215E-02  0.698467E-02
  -665.400  0.811857E-02  0.918293E-02  0.917070E-02  0.914568E-02  0.899034E-02
  -665.300  0.103428E-01  0.117050E-01  0.116948E-01  0.116662E-01  0.114804E-01
  -665.200  0.130640E-01  0.147984E-01  0.147934E-01  0.147619E-01  0.145444E-01
  -665.100  0.163608E-01  0.185576E-01  0.185625E-01  0.185296E-01  0.182810E-01
  -665.000  0.203158E-01  0.230840E-01  0.231057E-01  0.230739E-01  0.227975E-01
  -664.900  0.250141E-01  0.284842E-01  0.285324E-01  0.285056E-01  0.282089E-01
  -664.800  0.305411E-01  0.348685E-01  0.349565E-01  0.349403E-01  0.346360E-01
  -664.700  0.369798E-01  0.423487E-01  0.424939E-01  0.424963E-01  0.422038E-01
  -664.600  0.444084E-01  0.510352E-01  0.512605E-01  0.512920E-01  0.510395E-01
  -664.500  0.528973E-01  0.610344E-01  0.613691E-01  0.614435E-01  0.612694E-01
  -664.400  0.625059E-01  0.724464E-01  0.729268E-01  0.730619E-01  0.730170E-01
  -664.300  0.732800E-01  0.853611E-01  0.860323E-01  0.862503E-01  0.863997E-01
  -664.200  0.852494E-01  0.998565E-01  0.100773E+00  0.101101E+00  0.101526E+00
  -664.100  0.984254E-01  0.115996E+00  0.117222E+00  0.117693E+00  0.118494E+00
  -664.000  0.112799E+00  0.133824E+00  0.135437E+00  0.136090E+00  0.137386E+00
  -663.900  0.128342E+00  0.153368E+00  0.155456E+00  0.156336E+00  0.158268E+00
  -663.800  0.145001E+00  0.174635E+00  0.177297E+00  0.178457E+00  0.181187E+00
  -663.700  0.162705E+00  0.197608E+00  0.200959E+00  0.202457E+00  0.206171E+00
  -663.600  0.181361E+00  0.222249E+00  0.226414E+00  0.228316E+00  0.233220E+00
  -663.500  0.200859E+00  0.248496E+00  0.253613E+00  0.255991E+00  0.262315E+00
  -663.400  0.221070E+00  0.276264E+00  0.282481E+00  0.285413E+00  0.293404E+00
  -663.300  0.241854E+00  0.305445E+00  0.312919E+00  0.316488E+00  0.326413E+00
  -663.200  0.263059E+00  0.335908E+00  0.344803E+00  0.349096E+00  0.361234E+00
  -663.100  0.284528E+00  0.367499E+00  0.377985E+00  0.383091E+00  0.397733E+00
  -663.000  0.306099E+00  0.400047E+00  0.412294E+00  0.418304E+00  0.435746E+00
  -662.900  0.327613E+00  0.433360E+00  0.447536E+00  0.454541E+00  0.475077E+00
  -662.800  0.348919E+00  0.467233E+00  0.483501E+00  0.491588E+00  0.515507E+00
  -662.700  0.369872E+00  0.501449E+00  0.519962E+00  0.529214E+00  0.556792E+00
  -662.600  0.390350E+00  0.535785E+00  0.556680E+00  0.567173E+00  0.598665E+00
  -662.500  0.410245E+00  0.570017E+00  0.593414E+00  0.605214E+00  0.640849E+00
  -662.400  0.429481E+00  0.603926E+00  0.629923E+00  0.643084E+00  0.683053E+00
  -662.300  0.448008E+00  0.637308E+00  0.665973E+00  0.680536E+00  0.724989E+00
  -662.200  0.465812E+00  0.669977E+00  0.701349E+00  0.717339E+00  0.766375E+00
  -662.100  0.482916E+00  0.701775E+00  0.735859E+00  0.753282E+00  0.806942E+00
  -662.000  0.499381E+00  0.732579E+00  0.769341E+00  0.788185E+00  0.846449E+00
  -661.900  0.515306E+00  0.762303E+00  0.801672E+00  0.821903E+00  0.884683E+00
  -661.800  0.530828E+00  0.790905E+00  0.832772E+00  0.854336E+00  0.921473E+00
  -661.700  0.546114E+00  0.818389E+00  0.862604E+00  0.885424E+00  0.956690E+00
  -661.600  0.561361E+00  0.844801E+00  0.891179E+00  0.915159E+00  0.990251E+00
  -661.500  0.576780E+00  0.870231E+00  0.918550E+00  0.943574E+00  0.102212E+01
  -661.400  0.592593E+00  0.894801E+00  0.944812E+00  0.970746E+00  0.105232E+01
  -661.300  0.609016E+00  0.918665E+00  0.970091E+00  0.996787E+00  0.108091E+01
  -661.200  0.626249E+00  0.941991E+00  0.994536E+00  0.102183E+01  0.110796E+01
  -661.100  0.644462E+00  0.964951E+00  0.101831E+01  0.104604E+01  0.113361E+01
  -661.000  0.663782E+00  0.987714E+00  0.104158E+01  0.106957E+01  0.115800E+01
  -660.900  0.684284E+00  0.101042E+01  0.106448E+01  0.109257E+01  0.118127E+01
  -660.800  0.705977E+00  0.103319E+01  0.108716E+01  0.111517E+01  0.120356E+01
  -660.700  0.728800E+00  0.105609E+01  0.110968E+01  0.113747E+01  0.122499E+01
  -660.600  0.752622E+00  0.107913E+01  0.113211E+01  0.115953E+01  0.124567E+01
  -660.500  0.777237E+00  0.110227E+01  0.115442E+01  0.118135E+01  0.126565E+01
  -660.400  0.802373E+00  0.112540E+01  0.117655E+01  0.120288E+01  0.128495E+01
  -660.300  0.827701E+00  0.114836E+01  0.119837E+01  0.122402E+01  0.130355E+01
  -660.200  0.852844E+00  0.117092E+01  0.121971E+01  0.124462E+01  0.132136E+01
  -660.100  0.877397E+00  0.119281E+01  0.124033E+01  0.126447E+01  0.133826E+01
  -660.000  0.900944E+00  0.121372E+01  0.125995E+01  0.128331E+01  0.135407E+01
  -659.900  0.923075E+00  0.123332E+01  0.127829E+01  0.130087E+01  0.136860E+01
  -659.800  0.943404E+00  0.125127E+01  0.129503E+01  0.131686E+01  0.138161E+01
  -659.700  0.961595E+00  0.126723E+01  0.130985E+01  0.133097E+01  0.139286E+01
  -659.600  0.977365E+00  0.128090E+01  0.132247E+01  0.134292E+01  0.140209E+01
  -659.500  0.990510E+00  0.129202E+01  0.133262E+01  0.135245E+01  0.140908E+01
  -659.400  0.100090E+01  0.130036E+01  0.134008E+01  0.135934E+01  0.141363E+01
  -659.300  0.100851E+01  0.130579E+01  0.134469E+01  0.136344E+01  0.141555E+01
  -659.200  0.101337E+01  0.130823E+01  0.134637E+01  0.136464E+01  0.141475E+01
  -659.100  0.101562E+01  0.130769E+01  0.134511E+01  0.136292E+01  0.141116E+01
  -659.000  0.101547E+01  0.130426E+01  0.134096E+01  0.135833E+01  0.140480E+01
  -658.900  0.101318E+01  0.129812E+01  0.133407E+01  0.135100E+01  0.139576E+01
  -658.800  0.100909E+01  0.128950E+01  0.132466E+01  0.134113E+01  0.138420E+01
  -658.700  0.100354E+01  0.127873E+01  0.131302E+01  0.132902E+01  0.137037E+01
  -658.600  0.996913E+00  0.126617E+01  0.129951E+01  0.131500E+01  0.135457E+01
  -658.500  0.989593E+00  0.125223E+01  0.128453E+01  0.129946E+01  0.133716E+01
  -658.400  0.981946E+00  0.123737E+01  0.126852E+01  0.128284E+01  0.131857E+01
  -658.300  0.974315E+00  0.122204E+01  0.125195E+01  0.126561E+01  0.129926E+01
  -658.200  0.967004E+00  0.120670E+01  0.123528E+01  0.124825E+01  0.127971E+01
  -658.100  0.960268E+00  0.119179E+01  0.121898E+01  0.123123E+01  0.126043E+01
  -658.000  0.954304E+00  0.117774E+01  0.120349E+01  0.121501E+01  0.124189E+01
  -657.900  0.949248E+00  0.116490E+01  0.118923E+01  0.120000E+01  0.122457E+01
  -657.800  0.945170E+00  0.115359E+01  0.117653E+01  0.118658E+01  0.120890E+01
  -657.700  0.942073E+00  0.114406E+01  0.116569E+01  0.117505E+01  0.119526E+01
  -657.600  0.939899E+00  0.113647E+01  0.115692E+01  0.116566E+01  0.118394E+01
  -657.500  0.938531E+00  0.113091E+01  0.115035E+01  0.115857E+01  0.117517E+01
  -657.400  0.937797E+00  0.112740E+01  0.114604E+01  0.115383E+01  0.116910E+01
  -657.300  0.937486E+00  0.112585E+01  0.114395E+01  0.115144E+01  0.116577E+01
  -657.200  0.937352E+00  0.112611E+01  0.114395E+01  0.115129E+01  0.116514E+01
  -657.100  0.937128E+00  0.112795E+01  0.114583E+01  0.115318E+01  0.116704E+01
  -657.000  0.936538E+00  0.113108E+01  0.114932E+01  0.115684E+01  0.117125E+01
  -656.900  0.935315E+00  0.113515E+01  0.115407E+01  0.116194E+01  0.117743E+01
  -656.800  0.933205E+00  0.113977E+01  0.115969E+01  0.116807E+01  0.118521E+01
  -656.700  0.929987E+00  0.114454E+01  0.116575E+01  0.117481E+01  0.119411E+01
  -656.600  0.925483E+00  0.114902E+01  0.117180E+01  0.118168E+01  0.120366E+01
  -656.500  0.919564E+00  0.115282E+01  0.117739E+01  0.118823E+01  0.121333E+01
  -656.400  0.912163E+00  0.115554E+01  0.118209E+01  0.119399E+01  0.122259E+01
  -656.300  0.903276E+00  0.115683E+01  0.118550E+01  0.119853E+01  0.123094E+01
  -656.200  0.892966E+00  0.115641E+01  0.118726E+01  0.120149E+01  0.123791E+01
  -656.100  0.881362E+00  0.115405E+01  0.118709E+01  0.120253E+01  0.124308E+01
  -656.000  0.868655E+00  0.114960E+01  0.118478E+01  0.120141E+01  0.124609E+01
  -655.900  0.855092E+00  0.114300E+01  0.118018E+01  0.119796E+01  0.124666E+01
  -655.800  0.840965E+00  0.113425E+01  0.117327E+01  0.119210E+01  0.124462E+01
  -655.700  0.826601E+00  0.112346E+01  0.116408E+01  0.118385E+01  0.123986E+01
  -655.600  0.812349E+00  0.111080E+01  0.115273E+01  0.117331E+01  0.123239E+01
  -655.500  0.798560E+00  0.109652E+01  0.113943E+01  0.116064E+01  0.122229E+01
  -655.400  0.785579E+00  0.108092E+01  0.112444E+01  0.114610E+01  0.120976E+01
  -655.300  0.773722E+00  0.106434E+01  0.110809E+01  0.113000E+01  0.119502E+01
  -655.200  0.763270E+00  0.104714E+01  0.109073E+01  0.111268E+01  0.117840E+01
  -655.100  0.754448E+00  0.102970E+01  0.107273E+01  0.109451E+01  0.116022E+01
  -655.000  0.747421E+00  0.101239E+01  0.105447E+01  0.107587E+01  0.114088E+01
  -654.900  0.742282E+00  0.995539E+00  0.103631E+01  0.105712E+01  0.112074E+01
  -654.800  0.739049E+00  0.979452E+00  0.101858E+01  0.103861E+01  0.110018E+01
  -654.700  0.737664E+00  0.964370E+00  0.100155E+01  0.102064E+01  0.107953E+01
  -654.600  0.737995E+00  0.950475E+00  0.985457E+00  0.100344E+01  0.105911E+01
  -654.500  0.739838E+00  0.937878E+00  0.970449E+00  0.987209E+00  0.103916E+01
  -654.400  0.742930E+00  0.926616E+00  0.956620E+00  0.972051E+00  0.101988E+01
  -654.300  0.746952E+00  0.916655E+00  0.943985E+00  0.958014E+00  0.100140E+01
  -654.200  0.751549E+00  0.907888E+00  0.932494E+00  0.945074E+00  0.983790E+00
  -654.100  0.756336E+00  0.900150E+00  0.922029E+00  0.933141E+00  0.967045E+00
  -654.000  0.760917E+00  0.893217E+00  0.912415E+00  0.922068E+00  0.951112E+00
  -653.900  0.764894E+00  0.886823E+00  0.903432E+00  0.911658E+00  0.935881E+00
  -653.800  0.767887E+00  0.880670E+00  0.894819E+00  0.901674E+00  0.921197E+00
  -653.700  0.769544E+00  0.874444E+00  0.886295E+00  0.891854E+00  0.906872E+00
  -653.600  0.769550E+00  0.867825E+00  0.877565E+00  0.881921E+00  0.892693E+00
  -653.500  0.767646E+00  0.860502E+00  0.868338E+00  0.871596E+00  0.878435E+00
  -653.400  0.763630E+00  0.852187E+00  0.858339E+00  0.860611E+00  0.863872E+00
  -653.300  0.757367E+00  0.842628E+00  0.847317E+00  0.848723E+00  0.848790E+00
  -653.200  0.748797E+00  0.831616E+00  0.835063E+00  0.835723E+00  0.832996E+00
  -653.100  0.737936E+00  0.819000E+00  0.821415E+00  0.821447E+00  0.816329E+00
  -653.000  0.724879E+00  0.804690E+00  0.806266E+00  0.805781E+00  0.798667E+00
  -652.900  0.709796E+00  0.788661E+00  0.789572E+00  0.788673E+00  0.779937E+00
  -652.800  0.692932E+00  0.770961E+00  0.771354E+00  0.770130E+00  0.760115E+00
  -652.700  0.674602E+00  0.751706E+00  0.751697E+00  0.750224E+00  0.739235E+00
  -652.600  0.655183E+00  0.731080E+00  0.730754E+00  0.729092E+00  0.717384E+00
  -652.500  0.635103E+00  0.709326E+00  0.708734E+00  0.706926E+00  0.694705E+00
  -652.400  0.614834E+00  0.686746E+00  0.685906E+00  0.683976E+00  0.671391E+00
  -652.300  0.594881E+00  0.663686E+00  0.662579E+00  0.660535E+00  0.647680E+00
  -652.200  0.575763E+00  0.640524E+00  0.639103E+00  0.636934E+00  0.623845E+00
  -652.100  0.558007E+00  0.617666E+00  0.615852E+00  0.613530E+00  0.600191E+00
  -652.000  0.542130E+00  0.595524E+00  0.593210E+00  0.590696E+00  0.577039E+00
  -651.900  0.528626E+00  0.574510E+00  0.571568E+00  0.568805E+00  0.554720E+00
  -651.800  0.517954E+00  0.555019E+00  0.551300E+00  0.548225E+00  0.533560E+00
  -651.700  0.510523E+00  0.537420E+00  0.532762E+00  0.529299E+00  0.513873E+00
  -651.600  0.506684E+00  0.522045E+00  0.516274E+00  0.512343E+00  0.495949E+00
  -651.500  0.506717E+00  0.509177E+00  0.502113E+00  0.497631E+00  0.480045E+00
  -651.400  0.510822E+00  0.499044E+00  0.490508E+00  0.485388E+00  0.466377E+00
  -651.300  0.519111E+00  0.491811E+00  0.481627E+00  0.475784E+00  0.455116E+00
  -651.200  0.531603E+00  0.487578E+00  0.475576E+00  0.468930E+00  0.446375E+00
  -651.100  0.548220E+00  0.486370E+00  0.472396E+00  0.464869E+00  0.440213E+00
  -651.000  0.568784E+00  0.488143E+00  0.472058E+00  0.463582E+00  0.436626E+00
  -650.900  0.593017E+00  0.492778E+00  0.474462E+00  0.464980E+00  0.435552E+00
  -650.800  0.620544E+00  0.500085E+00  0.479445E+00  0.468907E+00  0.436864E+00
  -650.700  0.650900E+00  0.509809E+00  0.486776E+00  0.475147E+00  0.440378E+00
  -650.600  0.683535E+00  0.521628E+00  0.496164E+00  0.483423E+00  0.445854E+00
  -650.500  0.717828E+00  0.535169E+00  0.507265E+00  0.493405E+00  0.453001E+00
  -650.400  0.753101E+00  0.550008E+00  0.519690E+00  0.504718E+00  0.461485E+00
  -650.300  0.788636E+00  0.565691E+00  0.533013E+00  0.516953E+00  0.470935E+00
  -650.200  0.823693E+00  0.581735E+00  0.546787E+00  0.529676E+00  0.480959E+00
  -650.100  0.857535E+00  0.597650E+00  0.560549E+00  0.542441E+00  0.491147E+00
  -650.000  0.889446E+00  0.612951E+00  0.573844E+00  0.554802E+00  0.501091E+00
  -649.900  0.918759E+00  0.627172E+00  0.586229E+00  0.566331E+00  0.510390E+00
  -649.800  0.944870E+00  0.639881E+00  0.597293E+00  0.576625E+00  0.518672E+00
  -649.700  0.967265E+00  0.650694E+00  0.606668E+00  0.585325E+00  0.525595E+00
  -649.600  0.985530E+00  0.659287E+00  0.614042E+00  0.592123E+00  0.530868E+00
  -649.500  0.999367E+00  0.665404E+00  0.619163E+00  0.596771E+00  0.534252E+00
  -649.400  0.100859E+01  0.668865E+00  0.621853E+00  0.599091E+00  0.535572E+00
  -649.300  0.101315E+01  0.669569E+00  0.622006E+00  0.598975E+00  0.534715E+00
  -649.200  0.101310E+01  0.667492E+00  0.619590E+00  0.596388E+00  0.531639E+00
  -649.100  0.100860E+01  0.662684E+00  0.614643E+00  0.591362E+00  0.526362E+00
  -649.000  0.999911E+00  0.655263E+00  0.607267E+00  0.583993E+00  0.518964E+00
  -648.900  0.987351E+00  0.645403E+00  0.597620E+00  0.574430E+00  0.509577E+00
  -648.800  0.971303E+00  0.633324E+00  0.585903E+00  0.562868E+00  0.498373E+00
  -648.700  0.952176E+00  0.619277E+00  0.572350E+00  0.549532E+00  0.485561E+00
  -648.600  0.930389E+00  0.603529E+00  0.557213E+00  0.534668E+00  0.471368E+00
  -648.500  0.906350E+00  0.586355E+00  0.540753E+00  0.518529E+00  0.456029E+00
  -648.400  0.880442E+00  0.568022E+00  0.523223E+00  0.501363E+00  0.439783E+00
  -648.300  0.853009E+00  0.548777E+00  0.504862E+00  0.483406E+00  0.422855E+00
  -648.200  0.824350E+00  0.528846E+00  0.485890E+00  0.464875E+00  0.405453E+00
  -648.100  0.794711E+00  0.508422E+00  0.466496E+00  0.445956E+00  0.387764E+00
  -648.000  0.764293E+00  0.487667E+00  0.446840E+00  0.426809E+00  0.369945E+00
  -647.900  0.733248E+00  0.466711E+00  0.427052E+00  0.407565E+00  0.352128E+00
  -647.800  0.701697E+00  0.445655E+00  0.407231E+00  0.388323E+00  0.334416E+00
  -647.700  0.669731E+00  0.424573E+00  0.387455E+00  0.369161E+00  0.316887E+00
  -647.600  0.637426E+00  0.403520E+00  0.367778E+00  0.350133E+00  0.299598E+00
  -647.500  0.604855E+00  0.382539E+00  0.348241E+00  0.331281E+00  0.282590E+00
  -647.400  0.572094E+00  0.361664E+00  0.328875E+00  0.312633E+00  0.265889E+00
  -647.300  0.539238E+00  0.340930E+00  0.309710E+00  0.294217E+00  0.249518E+00
  -647.200  0.506399E+00  0.320374E+00  0.290775E+00  0.276060E+00  0.233492E+00
  -647.100  0.473717E+00  0.300043E+00  0.272107E+00  0.258193E+00  0.217832E+00
  -647.000  0.441360E+00  0.279995E+00  0.253751E+00  0.240654E+00  0.202559E+00
  -646.900  0.409520E+00  0.260302E+00  0.235763E+00  0.223493E+00  0.187703E+00
  -646.800  0.378418E+00  0.241047E+00  0.218210E+00  0.206768E+00  0.173300E+00
  -646.700  0.348294E+00  0.222326E+00  0.201170E+00  0.190548E+00  0.159395E+00
  -646.600  0.319403E+00  0.204248E+00  0.184728E+00  0.174911E+00  0.146037E+00
  -646.500  0.292015E+00  0.186927E+00  0.168982E+00  0.159940E+00  0.133283E+00
  -646.400  0.266400E+00  0.170483E+00  0.154028E+00  0.145725E+00  0.121194E+00
  -646.300  0.242829E+00  0.155039E+00  0.139969E+00  0.132358E+00  0.109832E+00
  -646.200  0.221568E+00  0.140715E+00  0.126905E+00  0.119929E+00  0.992598E-01
  -646.100  0.202868E+00  0.127627E+00  0.114934E+00  0.108525E+00  0.895371E-01
  -646.000  0.186965E+00  0.115886E+00  0.104146E+00  0.982286E-01  0.807206E-01
  -645.900  0.174074E+00  0.105591E+00  0.946259E-01  0.891154E-01  0.728613E-01
  -645.800  0.164383E+00  0.968292E-01  0.864449E-01  0.812504E-01  0.660027E-01
  -645.700  0.158050E+00  0.896751E-01  0.796645E-01  0.746881E-01  0.601804E-01
  -645.600  0.155196E+00  0.841861E-01  0.743319E-01  0.694703E-01  0.554205E-01
  -645.500  0.155901E+00  0.804023E-01  0.704792E-01  0.656253E-01  0.517387E-01
  -645.400  0.160199E+00  0.783438E-01  0.681221E-01  0.631659E-01  0.491398E-01
  -645.300  0.168070E+00  0.780097E-01  0.672580E-01  0.620890E-01  0.476166E-01
  -645.200  0.179436E+00  0.793760E-01  0.678656E-01  0.623738E-01  0.471494E-01
  -645.100  0.194157E+00  0.823938E-01  0.699027E-01  0.639811E-01  0.477055E-01
  -645.000  0.212025E+00  0.869888E-01  0.733058E-01  0.668522E-01  0.492383E-01
  -644.900  0.232764E+00  0.930597E-01  0.779894E-01  0.709086E-01  0.516874E-01
  -644.800  0.256029E+00  0.100478E+00  0.838455E-01  0.760518E-01  0.549783E-01
  -644.700  0.281408E+00  0.109090E+00  0.907445E-01  0.821632E-01  0.590226E-01
  -644.600  0.308430E+00  0.118715E+00  0.985357E-01  0.891060E-01  0.637189E-01
  -644.500  0.336572E+00  0.129151E+00  0.107050E+00  0.967260E-01  0.689540E-01
  -644.400  0.365272E+00  0.140177E+00  0.116102E+00  0.104855E+00  0.746043E-01
  -644.300  0.393942E+00  0.151557E+00  0.125494E+00  0.113313E+00  0.805385E-01
  -644.200  0.421985E+00  0.163048E+00  0.135022E+00  0.121914E+00  0.866198E-01
  -644.100  0.448816E+00  0.174401E+00  0.144477E+00  0.130467E+00  0.927095E-01
  -644.000  0.473875E+00  0.185373E+00  0.153653E+00  0.138786E+00  0.986699E-01
  -643.900  0.496648E+00  0.195731E+00  0.162353E+00  0.146691E+00  0.104368E+00
  -643.800  0.516680E+00  0.205259E+00  0.170393E+00  0.154012E+00  0.109679E+00
  -643.700  0.533591E+00  0.213761E+00  0.177607E+00  0.160597E+00  0.114490E+00
  -643.600  0.547084E+00  0.221071E+00  0.183850E+00  0.166313E+00  0.118699E+00
  -643.500  0.556950E+00  0.227053E+00  0.189004E+00  0.171050E+00  0.122223E+00
  -643.400  0.563072E+00  0.231604E+00  0.192977E+00  0.174724E+00  0.124996E+00
  -643.300  0.565423E+00  0.234655E+00  0.195705E+00  0.177273E+00  0.126970E+00
  -643.200  0.564057E+00  0.236172E+00  0.197156E+00  0.178665E+00  0.128115E+00
  -643.100  0.559106E+00  0.236153E+00  0.197321E+00  0.178890E+00  0.128420E+00
  -643.000  0.550766E+00  0.234626E+00  0.196219E+00  0.177963E+00  0.127892E+00
  -642.900  0.539285E+00  0.231647E+00  0.193892E+00  0.175921E+00  0.126552E+00
  -642.800  0.524956E+00  0.227297E+00  0.190402E+00  0.172818E+00  0.124435E+00
  -642.700  0.508097E+00  0.221673E+00  0.185831E+00  0.168725E+00  0.121592E+00
  -642.600  0.489049E+00  0.214894E+00  0.180271E+00  0.163728E+00  0.118081E+00
  -642.500  0.468159E+00  0.207086E+00  0.173830E+00  0.157921E+00  0.113969E+00
  -642.400  0.445778E+00  0.198389E+00  0.166622E+00  0.151409E+00  0.109331E+00
  -642.300  0.422250E+00  0.188946E+00  0.158767E+00  0.144300E+00  0.104244E+00
  -642.200  0.397912E+00  0.178905E+00  0.150389E+00  0.136708E+00  0.987921E-01
  -642.100  0.373086E+00  0.168414E+00  0.141614E+00  0.128746E+00  0.930575E-01
  -642.000  0.348080E+00  0.157621E+00  0.132566E+00  0.120529E+00  0.871241E-01
  -641.900  0.323182E+00  0.146668E+00  0.123368E+00  0.112169E+00  0.810738E-01
  -641.800  0.298664E+00  0.135694E+00  0.114137E+00  0.103772E+00  0.749862E-01
  -641.700  0.274778E+00  0.124831E+00  0.104984E+00  0.954414E-01  0.689365E-01
  -641.600  0.251753E+00  0.114198E+00  0.960147E-01  0.872721E-01  0.629952E-01
  -641.500  0.229797E+00  0.103909E+00  0.873227E-01  0.793511E-01  0.572264E-01
  -641.400  0.209095E+00  0.940611E-01  0.789932E-01  0.717560E-01  0.516872E-01
  -641.300  0.189808E+00  0.847419E-01  0.710998E-01  0.645542E-01  0.464269E-01
  -641.200  0.172069E+00  0.760237E-01  0.637042E-01  0.578019E-01  0.414869E-01
  -641.100  0.155986E+00  0.679645E-01  0.568556E-01  0.515443E-01  0.368997E-01
  -641.000  0.141641E+00  0.606080E-01  0.505911E-01  0.458148E-01  0.326895E-01
  -640.900  0.129087E+00  0.539836E-01  0.449352E-01  0.406359E-01  0.288722E-01
  -640.800  0.118349E+00  0.481068E-01  0.399010E-01  0.360192E-01  0.254557E-01
  -640.700  0.109425E+00  0.429802E-01  0.354902E-01  0.319661E-01  0.224404E-01
  -640.600  0.102288E+00  0.385942E-01  0.316947E-01  0.284690E-01  0.198203E-01
  -640.500  0.968822E-01  0.349283E-01  0.284971E-01  0.255122E-01  0.175834E-01
  -640.400  0.931299E-01  0.319526E-01  0.258722E-01  0.230725E-01  0.157128E-01
  -640.300  0.909292E-01  0.296287E-01  0.237880E-01  0.211210E-01  0.141875E-01
  -640.200  0.901575E-01  0.279112E-01  0.222071E-01  0.196237E-01  0.129831E-01
  -640.100  0.906737E-01  0.267491E-01  0.210872E-01  0.185427E-01  0.120727E-01
  -640.000  0.923204E-01  0.260867E-01  0.203830E-01  0.178372E-01  0.114278E-01
  -639.900  0.949271E-01  0.258652E-01  0.200464E-01  0.174642E-01  0.110185E-01
  -639.800  0.983135E-01  0.260232E-01  0.200277E-01  0.173793E-01  0.108144E-01
  -639.700  0.102292E+00  0.264981E-01  0.202765E-01  0.175376E-01  0.107849E-01
  -639.600  0.106674E+00  0.272269E-01  0.207422E-01  0.178941E-01  0.108997E-01
  -639.500  0.111271E+00  0.281474E-01  0.213749E-01  0.184046E-01  0.111292E-01
  -639.400  0.115898E+00  0.291986E-01  0.221257E-01  0.190260E-01  0.114446E-01
  -639.300  0.120381E+00  0.303219E-01  0.229481E-01  0.197168E-01  0.118185E-01
  -639.200  0.124557E+00  0.314617E-01  0.237975E-01  0.204378E-01  0.122251E-01
  -639.100  0.128279E+00  0.325664E-01  0.246328E-01  0.211526E-01  0.126403E-01
  -639.000  0.131419E+00  0.335891E-01  0.254163E-01  0.218277E-01  0.130419E-01
  -638.900  0.133868E+00  0.344880E-01  0.261143E-01  0.224334E-01  0.134103E-01
  -638.800  0.135540E+00  0.352271E-01  0.266978E-01  0.229439E-01  0.137283E-01
  -638.700  0.136372E+00  0.357766E-01  0.271426E-01  0.233373E-01  0.139812E-01
  -638.600  0.136325E+00  0.361136E-01  0.274292E-01  0.235965E-01  0.141572E-01
  -638.500  0.135382E+00  0.362213E-01  0.275439E-01  0.237088E-01  0.142473E-01
  -638.400  0.133548E+00  0.360902E-01  0.274778E-01  0.236659E-01  0.142455E-01
  -638.300  0.130852E+00  0.357172E-01  0.272274E-01  0.234644E-01  0.141484E-01
  -638.200  0.127338E+00  0.351054E-01  0.267941E-01  0.231049E-01  0.139558E-01
  -638.100  0.123069E+00  0.342640E-01  0.261839E-01  0.225922E-01  0.136697E-01
  -638.000  0.118122E+00  0.332074E-01  0.254072E-01  0.219350E-01  0.132946E-01
  -637.900  0.112586E+00  0.319549E-01  0.244779E-01  0.211449E-01  0.128372E-01
  -637.800  0.106556E+00  0.305295E-01  0.234132E-01  0.202368E-01  0.123060E-01
  -637.700  0.100138E+00  0.289573E-01  0.222328E-01  0.192272E-01  0.117108E-01
  -637.600  0.934347E-01  0.272665E-01  0.209582E-01  0.181348E-01  0.110627E-01
  -637.500  0.865538E-01  0.254866E-01  0.196118E-01  0.169789E-01  0.103734E-01
  -637.400  0.795978E-01  0.236476E-01  0.182165E-01  0.157793E-01  0.965489E-02
  -637.300  0.726646E-01  0.217788E-01  0.167950E-01  0.145555E-01  0.891918E-02
  -637.200  0.658449E-01  0.199083E-01  0.153689E-01  0.133264E-01  0.817782E-02
  -637.100  0.592201E-01  0.180621E-01  0.139584E-01  0.121096E-01  0.744168E-02
  -637.000  0.528608E-01  0.162637E-01  0.125819E-01  0.109209E-01  0.672065E-02
  -636.900  0.468262E-01  0.145335E-01  0.112553E-01  0.977441E-02  0.602348E-02
  -636.800  0.411631E-01  0.128887E-01  0.999213E-02  0.868181E-02  0.535757E-02
  -636.700  0.359061E-01  0.113429E-01  0.880309E-02  0.765258E-02  0.472893E-02
  -636.600  0.310777E-01  0.990603E-02  0.769625E-02  0.669381E-02  0.414215E-02
  -636.500  0.266888E-01  0.858481E-02  0.667702E-02  0.581032E-02  0.360038E-02
  -636.400  0.227402E-01  0.738261E-02  0.574830E-02  0.500474E-02  0.310546E-02
  -636.300  0.192236E-01  0.629988E-02  0.491072E-02  0.427773E-02  0.265800E-02
  -636.200  0.161227E-01  0.533450E-02  0.416290E-02  0.362821E-02  0.225752E-02
  -636.100  0.134153E-01  0.448222E-02  0.350180E-02  0.305365E-02  0.190264E-02
  -636.000  0.110743E-01  0.373707E-02  0.292301E-02  0.255030E-02  0.159122E-02
  -635.900  0.906958E-02  0.309177E-02  0.242111E-02  0.211354E-02  0.132053E-02
  -635.800  0.736911E-02  0.253819E-02  0.198997E-02  0.173811E-02  0.108746E-02
  -635.700  0.594023E-02  0.206769E-02  0.162302E-02  0.141838E-02  0.888649E-03
  -635.600  0.475071E-02  0.167144E-02  0.131357E-02  0.114858E-02  0.720601E-03
  -635.500  0.376954E-02  0.134074E-02  0.105495E-02  0.922950E-03  0.579840E-03
  -635.400  0.296756E-02  0.106720E-02  0.840743E-03  0.735951E-03  0.462988E-03
  -635.300  0.231793E-02  0.842949E-03  0.664884E-03  0.582332E-03  0.366840E-03
  -635.200  0.179639E-02  0.660700E-03  0.521768E-03  0.457236E-03  0.288421E-03
  -635.100  0.138136E-02  0.513871E-03  0.406308E-03  0.356251E-03  0.225017E-03
  -635.000  0.105397E-02  0.396594E-03  0.313960E-03  0.275429E-03  0.174194E-03
  -634.900  0.797926E-03  0.303721E-03  0.240727E-03  0.211297E-03  0.133806E-03
  -634.800  0.599403E-03  0.230796E-03  0.183145E-03  0.160840E-03  0.101982E-03
  -634.700  0.446782E-03  0.174019E-03  0.138254E-03  0.121479E-03  0.771202E-04
  -634.600  0.330437E-03  0.130187E-03  0.103550E-03  0.910333E-04  0.578617E-04
  -634.500  0.242491E-03  0.966309E-04  0.769481E-04  0.676811E-04  0.430698E-04
  -634.400  0.176565E-03  0.711586E-04  0.567281E-04  0.499210E-04  0.318047E-04
  -634.300  0.127557E-03  0.519848E-04  0.414885E-04  0.365278E-04  0.232982E-04
  -634.200  0.914278E-04  0.376736E-04  0.300994E-04  0.265131E-04  0.169293E-04
  -634.100  0.650142E-04  0.270819E-04  0.216602E-04  0.190883E-04  0.000000E+00
  -634.000  0.458639E-04  0.193097E-04  0.154599E-04  0.136304E-04  0.000000E+00
  -633.900  0.320953E-04  0.136549E-04  0.000000E+00  0.000000E+00  0.000000E+00
  -633.800  0.222787E-04  0.000000E+00  0.000000E+00  0.000000E+00  0.000000E+00
  -633.700  0.153386E-04  0.000000E+00  0.000000E+00  0.000000E+00  0.000000E+00
  -633.600  0.000000E+00  0.000000E+00  0.000000E+00  0.000000E+00  0.000000E+00
  -633.500  0.000000E+00  0.000000E+00  0.000000E+00  0.000000E+00  0.000000E+00
  -633.400  0.000000E+00  0.000000E+00  0.000000E+00  0.000000E+00  0.000000E+00
  -633.300  0.000000E+00  0.000000E+00  0.000000E+00  0.000000E+00  0.000000E+00
  -633.200  0.000000E+00  0.000000E+00  0.000000E+00  0.000000E+00  0.000000E+00
  -633.100  0.000000E+00  0.000000E+00  0.000000E+00  0.000000E+00  0.000000E+00
  -633.000  0.000000E+00  0.000000E+00  0.000000E+00  0.000000E+00  0.000000E+00
  -632.900  0.000000E+00  0.000000E+00  0.000000E+00  0.000000E+00  0.000000E+00
  -632.800  0.000000E+00  0.000000E+00  0.000000E+00  0.000000E+00  0.000000E+00
  -632.700  0.000000E+00  0.000000E+00  0.000000E+00  0.000000E+00  0.000000E+00
  -632.600  0.000000E+00  0.000000E+00  0.000000E+00  0.000000E+00  0.000000E+00
  -632.500  0.000000E+00  0.000000E+00  0.000000E+00  0.000000E+00  0.000000E+00
  -632.400  0.000000E+00  0.000000E+00  0.000000E+00  0.000000E+00  0.000000E+00
  -632.300  0.000000E+00  0.000000E+00  0.000000E+00  0.000000E+00  0.000000E+00
  -632.200  0.000000E+00  0.000000E+00  0.000000E+00  0.000000E+00  0.000000E+00
  -632.100  0.000000E+00  0.000000E+00  0.000000E+00  0.000000E+00  0.000000E+00
  -632.000  0.000000E+00  0.000000E+00  0.000000E+00  0.000000E+00  0.000000E+00
  -631.900  0.000000E+00  0.000000E+00  0.000000E+00  0.000000E+00  0.000000E+00
  -631.800  0.000000E+00  0.000000E+00  0.000000E+00  0.000000E+00  0.000000E+00
  -631.700  0.000000E+00  0.000000E+00  0.000000E+00  0.000000E+00  0.000000E+00
  -631.600  0.000000E+00  0.000000E+00  0.000000E+00  0.000000E+00  0.000000E+00
  -631.500  0.000000E+00  0.000000E+00  0.000000E+00  0.000000E+00  0.000000E+00
  -631.400  0.000000E+00  0.000000E+00  0.000000E+00  0.000000E+00  0.000000E+00
  -631.300  0.000000E+00  0.000000E+00  0.000000E+00  0.000000E+00  0.000000E+00
  -631.200  0.000000E+00  0.000000E+00  0.000000E+00  0.000000E+00  0.000000E+00
  -631.100  0.000000E+00  0.000000E+00  0.000000E+00  0.000000E+00  0.000000E+00
  -631.000  0.000000E+00  0.000000E+00  0.000000E+00  0.000000E+00  0.000000E+00
  -630.900  0.000000E+00  0.000000E+00  0.000000E+00  0.000000E+00  0.000000E+00
  -630.800  0.000000E+00  0.000000E+00  0.000000E+00  0.000000E+00  0.000000E+00
  -630.700  0.000000E+00  0.000000E+00  0.000000E+00  0.000000E+00  0.000000E+00
  -630.600  0.000000E+00  0.000000E+00  0.000000E+00  0.000000E+00  0.000000E+00
  -630.500  0.000000E+00  0.000000E+00  0.000000E+00  0.000000E+00  0.000000E+00
  -630.400  0.000000E+00  0.000000E+00  0.000000E+00  0.000000E+00  0.000000E+00
  -630.300  0.000000E+00  0.000000E+00  0.000000E+00  0.000000E+00  0.000000E+00
  -630.200  0.000000E+00  0.000000E+00  0.000000E+00  0.000000E+00  0.000000E+00
  -630.100  0.000000E+00  0.000000E+00  0.000000E+00  0.000000E+00  0.000000E+00
  -630.000  0.000000E+00  0.000000E+00  0.000000E+00  0.000000E+00  0.000000E+00
  -629.900  0.000000E+00  0.000000E+00  0.000000E+00  0.000000E+00  0.000000E+00
  -629.800  0.000000E+00  0.000000E+00  0.000000E+00  0.000000E+00  0.000000E+00
  -629.700  0.000000E+00  0.000000E+00  0.000000E+00  0.000000E+00  0.000000E+00
  -629.600  0.000000E+00  0.000000E+00  0.000000E+00  0.000000E+00  0.000000E+00
  -629.500  0.000000E+00  0.000000E+00  0.000000E+00  0.000000E+00  0.000000E+00
  -629.400  0.000000E+00  0.000000E+00  0.000000E+00  0.000000E+00  0.000000E+00
  -629.300  0.000000E+00  0.000000E+00  0.000000E+00  0.000000E+00  0.000000E+00
  -629.200  0.000000E+00  0.000000E+00  0.000000E+00  0.000000E+00  0.000000E+00
  -629.100  0.000000E+00  0.000000E+00  0.000000E+00  0.000000E+00  0.000000E+00
  -629.000  0.000000E+00  0.000000E+00  0.000000E+00  0.000000E+00  0.000000E+00
  -628.900  0.000000E+00  0.000000E+00  0.000000E+00  0.000000E+00  0.000000E+00
  -628.800  0.000000E+00  0.000000E+00  0.000000E+00  0.000000E+00  0.000000E+00
  -628.700  0.000000E+00  0.000000E+00  0.000000E+00  0.000000E+00  0.000000E+00
  -628.600  0.000000E+00  0.000000E+00  0.000000E+00  0.000000E+00  0.000000E+00
  -628.500  0.000000E+00  0.000000E+00  0.000000E+00  0.000000E+00  0.000000E+00
  -628.400  0.000000E+00  0.000000E+00  0.000000E+00  0.000000E+00  0.000000E+00
  -628.300  0.000000E+00  0.000000E+00  0.000000E+00  0.000000E+00  0.000000E+00
  -628.200  0.000000E+00  0.000000E+00  0.000000E+00  0.000000E+00  0.000000E+00
  -628.100  0.000000E+00  0.000000E+00  0.000000E+00  0.000000E+00  0.000000E+00
  -628.000  0.000000E+00  0.000000E+00  0.000000E+00  0.000000E+00  0.000000E+00
  -627.900  0.000000E+00  0.000000E+00  0.000000E+00  0.000000E+00  0.000000E+00
  -627.800  0.000000E+00  0.000000E+00  0.000000E+00  0.000000E+00  0.000000E+00
  -627.700  0.000000E+00  0.000000E+00  0.000000E+00  0.000000E+00  0.000000E+00
  -627.600  0.000000E+00  0.000000E+00  0.000000E+00  0.000000E+00  0.000000E+00
  -627.500  0.000000E+00  0.000000E+00  0.000000E+00  0.000000E+00  0.000000E+00
  -627.400  0.000000E+00  0.000000E+00  0.000000E+00  0.000000E+00  0.000000E+00
  -627.300  0.000000E+00  0.000000E+00  0.000000E+00  0.000000E+00  0.000000E+00
  -627.200  0.000000E+00  0.000000E+00  0.000000E+00  0.000000E+00  0.000000E+00
  -627.100  0.000000E+00  0.000000E+00  0.000000E+00  0.000000E+00  0.000000E+00
  -627.000  0.000000E+00  0.000000E+00  0.000000E+00  0.000000E+00  0.000000E+00
  -626.900  0.000000E+00  0.000000E+00  0.000000E+00  0.000000E+00  0.000000E+00
  -626.800  0.000000E+00  0.000000E+00  0.000000E+00  0.000000E+00  0.000000E+00
  -626.700  0.000000E+00  0.000000E+00  0.000000E+00  0.000000E+00  0.000000E+00
  -626.600  0.000000E+00  0.000000E+00  0.000000E+00  0.000000E+00  0.000000E+00
  -626.500  0.000000E+00  0.000000E+00  0.000000E+00  0.000000E+00  0.000000E+00
  -626.400  0.000000E+00  0.000000E+00  0.000000E+00  0.000000E+00  0.000000E+00
  -626.300  0.000000E+00  0.000000E+00  0.000000E+00  0.000000E+00  0.000000E+00
  -626.200  0.000000E+00  0.000000E+00  0.000000E+00  0.000000E+00  0.000000E+00
  -626.100  0.000000E+00  0.000000E+00  0.000000E+00  0.000000E+00  0.000000E+00
  -626.000  0.000000E+00  0.000000E+00  0.000000E+00  0.000000E+00  0.000000E+00
  -625.900  0.000000E+00  0.000000E+00  0.000000E+00  0.000000E+00  0.000000E+00
  -625.800  0.000000E+00  0.000000E+00  0.000000E+00  0.000000E+00  0.000000E+00
  -625.700  0.000000E+00  0.000000E+00  0.000000E+00  0.000000E+00  0.000000E+00
  -625.600  0.000000E+00  0.000000E+00  0.000000E+00  0.000000E+00  0.000000E+00
  -625.500  0.000000E+00  0.000000E+00  0.000000E+00  0.000000E+00  0.000000E+00
  -625.400  0.000000E+00  0.000000E+00  0.000000E+00  0.000000E+00  0.000000E+00
  -625.300  0.000000E+00  0.000000E+00  0.000000E+00  0.000000E+00  0.000000E+00
  -625.200  0.000000E+00  0.000000E+00  0.000000E+00  0.000000E+00  0.000000E+00
  -625.100  0.000000E+00  0.000000E+00  0.000000E+00  0.000000E+00  0.000000E+00
  -625.000  0.000000E+00  0.000000E+00  0.000000E+00  0.000000E+00  0.000000E+00
  -624.900  0.000000E+00  0.000000E+00  0.000000E+00  0.000000E+00  0.000000E+00
  -624.800  0.000000E+00  0.000000E+00  0.000000E+00  0.000000E+00  0.000000E+00
  -624.700  0.000000E+00  0.000000E+00  0.000000E+00  0.000000E+00  0.000000E+00
  -624.600  0.000000E+00  0.000000E+00  0.000000E+00  0.000000E+00  0.000000E+00
  -624.500  0.000000E+00  0.000000E+00  0.000000E+00  0.000000E+00  0.000000E+00
  -624.400  0.000000E+00  0.000000E+00  0.000000E+00  0.000000E+00  0.000000E+00
  -624.300  0.000000E+00  0.000000E+00  0.000000E+00  0.000000E+00  0.000000E+00
  -624.200  0.000000E+00  0.000000E+00  0.000000E+00  0.000000E+00  0.000000E+00
  -624.100  0.000000E+00  0.000000E+00  0.000000E+00  0.000000E+00  0.000000E+00
  -624.000  0.000000E+00  0.000000E+00  0.000000E+00  0.000000E+00  0.000000E+00
  -623.900  0.000000E+00  0.000000E+00  0.000000E+00  0.000000E+00  0.000000E+00
  -623.800  0.000000E+00  0.000000E+00  0.000000E+00  0.000000E+00  0.000000E+00
  -623.700  0.000000E+00  0.000000E+00  0.000000E+00  0.000000E+00  0.000000E+00
  -623.600  0.000000E+00  0.000000E+00  0.000000E+00  0.000000E+00  0.000000E+00
  -623.500  0.000000E+00  0.000000E+00  0.000000E+00  0.000000E+00  0.000000E+00
  -623.400  0.000000E+00  0.000000E+00  0.000000E+00  0.000000E+00  0.000000E+00
  -623.300  0.000000E+00  0.000000E+00  0.000000E+00  0.000000E+00  0.000000E+00
  -623.200  0.000000E+00  0.000000E+00  0.000000E+00  0.000000E+00  0.000000E+00
  -623.100  0.000000E+00  0.000000E+00  0.000000E+00  0.000000E+00  0.000000E+00
  -623.000  0.000000E+00  0.000000E+00  0.000000E+00  0.000000E+00  0.000000E+00
  -622.900  0.000000E+00  0.000000E+00  0.000000E+00  0.000000E+00  0.000000E+00
  -622.800  0.000000E+00  0.000000E+00  0.000000E+00  0.000000E+00  0.000000E+00
  -622.700  0.000000E+00  0.000000E+00  0.000000E+00  0.000000E+00  0.000000E+00
  -622.600  0.000000E+00  0.000000E+00  0.000000E+00  0.000000E+00  0.000000E+00
  -622.500  0.000000E+00  0.000000E+00  0.000000E+00  0.000000E+00  0.000000E+00
  -622.400  0.000000E+00  0.000000E+00  0.000000E+00  0.000000E+00  0.000000E+00
  -622.300  0.000000E+00  0.000000E+00  0.000000E+00  0.000000E+00  0.000000E+00
  -622.200  0.000000E+00  0.000000E+00  0.000000E+00  0.000000E+00  0.000000E+00
  -622.100  0.000000E+00  0.000000E+00  0.000000E+00  0.000000E+00  0.000000E+00
  -622.000  0.000000E+00  0.000000E+00  0.000000E+00  0.000000E+00  0.000000E+00
  -621.900  0.000000E+00  0.000000E+00  0.000000E+00  0.000000E+00  0.000000E+00
  -621.800  0.000000E+00  0.000000E+00  0.000000E+00  0.000000E+00  0.000000E+00
  -621.700  0.000000E+00  0.000000E+00  0.000000E+00  0.000000E+00  0.000000E+00
  -621.600  0.000000E+00  0.000000E+00  0.000000E+00  0.000000E+00  0.000000E+00
  -621.500  0.000000E+00  0.000000E+00  0.000000E+00  0.000000E+00  0.000000E+00
  -621.400  0.000000E+00  0.000000E+00  0.000000E+00  0.000000E+00  0.000000E+00
  -621.300  0.000000E+00  0.000000E+00  0.000000E+00  0.000000E+00  0.000000E+00
  -621.200  0.000000E+00  0.000000E+00  0.000000E+00  0.000000E+00  0.000000E+00
  -621.100  0.000000E+00  0.000000E+00  0.000000E+00  0.000000E+00  0.000000E+00
  -621.000  0.000000E+00  0.000000E+00  0.000000E+00  0.000000E+00  0.000000E+00
  -620.900  0.000000E+00  0.000000E+00  0.000000E+00  0.000000E+00  0.000000E+00
  -620.800  0.000000E+00  0.000000E+00  0.000000E+00  0.000000E+00  0.000000E+00
  -620.700  0.000000E+00  0.000000E+00  0.000000E+00  0.000000E+00  0.000000E+00
  -620.600  0.000000E+00  0.000000E+00  0.000000E+00  0.000000E+00  0.000000E+00
  -620.500  0.000000E+00  0.000000E+00  0.000000E+00  0.000000E+00  0.000000E+00
  -620.400  0.000000E+00  0.000000E+00  0.000000E+00  0.000000E+00  0.000000E+00
  -620.300  0.000000E+00  0.000000E+00  0.000000E+00  0.000000E+00  0.000000E+00
  -620.200  0.000000E+00  0.000000E+00  0.000000E+00  0.000000E+00  0.000000E+00
  -620.100  0.000000E+00  0.000000E+00  0.000000E+00  0.000000E+00  0.000000E+00
  -620.000  0.000000E+00  0.000000E+00  0.000000E+00  0.000000E+00  0.000000E+00
