  x           300.0          873.0         1273.0         1673.0      Infinity
  -680.000  0.000000E+00  0.000000E+00  0.000000E+00  0.000000E+00  0.000000E+00
  -679.900  0.000000E+00  0.000000E+00  0.000000E+00  0.000000E+00  0.000000E+00
  -679.800  0.000000E+00  0.000000E+00  0.000000E+00  0.000000E+00  0.000000E+00
  -679.700  0.000000E+00  0.000000E+00  0.000000E+00  0.000000E+00  0.000000E+00
  -679.600  0.000000E+00  0.000000E+00  0.000000E+00  0.000000E+00  0.000000E+00
  -679.500  0.000000E+00  0.000000E+00  0.000000E+00  0.000000E+00  0.000000E+00
  -679.400  0.000000E+00  0.000000E+00  0.000000E+00  0.000000E+00  0.000000E+00
  -679.300  0.000000E+00  0.000000E+00  0.000000E+00  0.000000E+00  0.000000E+00
  -679.200  0.000000E+00  0.000000E+00  0.000000E+00  0.000000E+00  0.000000E+00
  -679.100  0.000000E+00  0.000000E+00  0.000000E+00  0.000000E+00  0.000000E+00
  -679.000  0.000000E+00  0.000000E+00  0.000000E+00  0.000000E+00  0.000000E+00
  -678.900  0.000000E+00  0.000000E+00  0.000000E+00  0.000000E+00  0.000000E+00
  -678.800  0.000000E+00  0.000000E+00  0.000000E+00  0.000000E+00  0.000000E+00
  -678.700  0.000000E+00  0.000000E+00  0.000000E+00  0.000000E+00  0.000000E+00
  -678.600  0.000000E+00  0.000000E+00  0.000000E+00  0.000000E+00  0.000000E+00
  -678.500  0.000000E+00  0.000000E+00  0.000000E+00  0.000000E+00  0.000000E+00
  -678.400  0.000000E+00  0.000000E+00  0.000000E+00  0.000000E+00  0.000000E+00
  -678.300  0.000000E+00  0.000000E+00  0.000000E+00  0.000000E+00  0.000000E+00
  -678.200  0.000000E+00  0.000000E+00  0.000000E+00  0.000000E+00  0.000000E+00
  -678.100  0.000000E+00  0.000000E+00  0.000000E+00  0.000000E+00  0.000000E+00
  -678.000  0.000000E+00  0.000000E+00  0.000000E+00  0.000000E+00  0.000000E+00
  -677.900  0.000000E+00  0.000000E+00  0.000000E+00  0.000000E+00  0.000000E+00
  -677.800  0.000000E+00  0.000000E+00  0.000000E+00  0.000000E+00  0.000000E+00
  -677.700  0.000000E+00  0.000000E+00  0.000000E+00  0.000000E+00  0.000000E+00
  -677.600  0.000000E+00  0.000000E+00  0.000000E+00  0.000000E+00  0.000000E+00
  -677.500  0.000000E+00  0.000000E+00  0.000000E+00  0.000000E+00  0.000000E+00
  -677.400  0.000000E+00  0.000000E+00  0.000000E+00  0.000000E+00  0.000000E+00
  -677.300  0.000000E+00  0.000000E+00  0.000000E+00  0.000000E+00  0.000000E+00
  -677.200  0.000000E+00  0.000000E+00  0.000000E+00  0.000000E+00  0.000000E+00
  -677.100  0.000000E+00  0.000000E+00  0.000000E+00  0.000000E+00  0.000000E+00
  -677.000  0.000000E+00  0.000000E+00  0.000000E+00  0.000000E+00  0.000000E+00
  -676.900  0.000000E+00  0.000000E+00  0.000000E+00  0.000000E+00  0.000000E+00
  -676.800  0.000000E+00  0.000000E+00  0.000000E+00  0.000000E+00  0.000000E+00
  -676.700  0.000000E+00  0.000000E+00  0.000000E+00  0.000000E+00  0.000000E+00
  -676.600  0.000000E+00  0.000000E+00  0.000000E+00  0.000000E+00  0.000000E+00
  -676.500  0.000000E+00  0.000000E+00  0.000000E+00  0.000000E+00  0.000000E+00
  -676.400  0.000000E+00  0.000000E+00  0.000000E+00  0.000000E+00  0.000000E+00
  -676.300  0.000000E+00  0.000000E+00  0.000000E+00  0.000000E+00  0.000000E+00
  -676.200  0.000000E+00  0.000000E+00  0.000000E+00  0.000000E+00  0.000000E+00
  -676.100  0.000000E+00  0.000000E+00  0.000000E+00  0.000000E+00  0.000000E+00
  -676.000  0.000000E+00  0.000000E+00  0.000000E+00  0.000000E+00  0.000000E+00
  -675.900  0.000000E+00  0.000000E+00  0.000000E+00  0.000000E+00  0.000000E+00
  -675.800  0.000000E+00  0.000000E+00  0.000000E+00  0.000000E+00  0.000000E+00
  -675.700  0.000000E+00  0.000000E+00  0.000000E+00  0.000000E+00  0.000000E+00
  -675.600  0.000000E+00  0.000000E+00  0.000000E+00  0.000000E+00  0.000000E+00
  -675.500  0.000000E+00  0.000000E+00  0.000000E+00  0.000000E+00  0.000000E+00
  -675.400  0.000000E+00  0.000000E+00  0.000000E+00  0.000000E+00  0.000000E+00
  -675.300  0.000000E+00  0.000000E+00  0.000000E+00  0.000000E+00  0.000000E+00
  -675.200  0.000000E+00  0.000000E+00  0.000000E+00  0.000000E+00  0.000000E+00
  -675.100  0.000000E+00  0.000000E+00  0.000000E+00  0.000000E+00  0.000000E+00
  -675.000  0.000000E+00  0.000000E+00  0.000000E+00  0.000000E+00  0.000000E+00
  -674.900  0.000000E+00  0.000000E+00  0.000000E+00  0.000000E+00  0.000000E+00
  -674.800  0.000000E+00  0.000000E+00  0.000000E+00  0.000000E+00  0.000000E+00
  -674.700  0.000000E+00  0.000000E+00  0.000000E+00  0.000000E+00  0.000000E+00
  -674.600  0.000000E+00  0.000000E+00  0.000000E+00  0.000000E+00  0.000000E+00
  -674.500  0.000000E+00  0.000000E+00  0.000000E+00  0.000000E+00  0.000000E+00
  -674.400  0.000000E+00  0.000000E+00  0.000000E+00  0.000000E+00  0.000000E+00
  -674.300  0.000000E+00  0.000000E+00  0.000000E+00  0.000000E+00  0.000000E+00
  -674.200  0.000000E+00  0.000000E+00  0.000000E+00  0.000000E+00  0.000000E+00
  -674.100  0.000000E+00  0.000000E+00  0.000000E+00  0.000000E+00  0.000000E+00
  -674.000  0.000000E+00  0.000000E+00  0.000000E+00  0.000000E+00  0.000000E+00
  -673.900  0.000000E+00  0.000000E+00  0.000000E+00  0.000000E+00  0.000000E+00
  -673.800  0.000000E+00  0.000000E+00  0.000000E+00  0.000000E+00  0.000000E+00
  -673.700  0.000000E+00  0.000000E+00  0.000000E+00  0.000000E+00  0.000000E+00
  -673.600  0.000000E+00  0.000000E+00  0.000000E+00  0.000000E+00  0.000000E+00
  -673.500  0.000000E+00  0.000000E+00  0.000000E+00  0.000000E+00  0.000000E+00
  -673.400  0.000000E+00  0.000000E+00  0.000000E+00  0.000000E+00  0.000000E+00
  -673.300  0.000000E+00  0.000000E+00  0.000000E+00  0.000000E+00  0.000000E+00
  -673.200  0.000000E+00  0.000000E+00  0.000000E+00  0.000000E+00  0.000000E+00
  -673.100  0.000000E+00  0.000000E+00  0.000000E+00  0.000000E+00  0.000000E+00
  -673.000  0.000000E+00  0.000000E+00  0.000000E+00  0.000000E+00  0.000000E+00
  -672.900  0.000000E+00  0.000000E+00  0.000000E+00  0.000000E+00  0.000000E+00
  -672.800  0.000000E+00  0.000000E+00  0.000000E+00  0.000000E+00  0.000000E+00
  -672.700  0.000000E+00  0.000000E+00  0.000000E+00  0.000000E+00  0.000000E+00
  -672.600  0.000000E+00  0.000000E+00  0.000000E+00  0.000000E+00  0.000000E+00
  -672.500  0.000000E+00  0.000000E+00  0.000000E+00  0.000000E+00  0.000000E+00
  -672.400  0.000000E+00  0.000000E+00  0.000000E+00  0.000000E+00  0.000000E+00
  -672.300  0.000000E+00  0.000000E+00  0.000000E+00  0.000000E+00  0.000000E+00
  -672.200  0.000000E+00  0.000000E+00  0.000000E+00  0.000000E+00  0.000000E+00
  -672.100  0.000000E+00  0.000000E+00  0.000000E+00  0.000000E+00  0.000000E+00
  -672.000  0.000000E+00  0.000000E+00  0.000000E+00  0.000000E+00  0.000000E+00
  -671.900  0.000000E+00  0.000000E+00  0.000000E+00  0.000000E+00  0.000000E+00
  -671.800  0.000000E+00  0.000000E+00  0.000000E+00  0.000000E+00  0.000000E+00
  -671.700  0.000000E+00  0.000000E+00  0.000000E+00  0.000000E+00  0.000000E+00
  -671.600  0.000000E+00  0.000000E+00  0.000000E+00  0.000000E+00  0.000000E+00
  -671.500  0.000000E+00  0.000000E+00  0.000000E+00  0.000000E+00  0.000000E+00
  -671.400  0.000000E+00  0.000000E+00  0.000000E+00  0.000000E+00  0.000000E+00
  -671.300  0.000000E+00  0.000000E+00  0.000000E+00  0.000000E+00  0.000000E+00
  -671.200  0.000000E+00  0.000000E+00  0.000000E+00  0.000000E+00  0.000000E+00
  -671.100  0.000000E+00  0.000000E+00  0.000000E+00  0.000000E+00  0.000000E+00
  -671.000  0.000000E+00  0.000000E+00  0.000000E+00  0.000000E+00  0.000000E+00
  -670.900  0.000000E+00  0.000000E+00  0.000000E+00  0.000000E+00  0.000000E+00
  -670.800  0.000000E+00  0.000000E+00  0.000000E+00  0.000000E+00  0.000000E+00
  -670.700  0.000000E+00  0.000000E+00  0.000000E+00  0.000000E+00  0.000000E+00
  -670.600  0.000000E+00  0.000000E+00  0.000000E+00  0.000000E+00  0.000000E+00
  -670.500  0.000000E+00  0.000000E+00  0.000000E+00  0.000000E+00  0.000000E+00
  -670.400  0.000000E+00  0.000000E+00  0.000000E+00  0.000000E+00  0.000000E+00
  -670.300  0.000000E+00  0.000000E+00  0.000000E+00  0.000000E+00  0.000000E+00
  -670.200  0.000000E+00  0.000000E+00  0.000000E+00  0.000000E+00  0.000000E+00
  -670.100  0.000000E+00  0.000000E+00  0.000000E+00  0.000000E+00  0.000000E+00
  -670.000  0.000000E+00  0.000000E+00  0.000000E+00  0.000000E+00  0.000000E+00
  -669.900  0.000000E+00  0.000000E+00  0.000000E+00  0.000000E+00  0.000000E+00
  -669.800  0.000000E+00  0.000000E+00  0.000000E+00  0.000000E+00  0.000000E+00
  -669.700  0.000000E+00  0.000000E+00  0.000000E+00  0.000000E+00  0.000000E+00
  -669.600  0.000000E+00  0.000000E+00  0.000000E+00  0.000000E+00  0.000000E+00
  -669.500  0.000000E+00  0.000000E+00  0.000000E+00  0.000000E+00  0.000000E+00
  -669.400  0.000000E+00  0.000000E+00  0.000000E+00  0.000000E+00  0.000000E+00
  -669.300  0.000000E+00  0.000000E+00  0.000000E+00  0.000000E+00  0.000000E+00
  -669.200  0.000000E+00  0.000000E+00  0.000000E+00  0.000000E+00  0.000000E+00
  -669.100  0.000000E+00  0.000000E+00  0.000000E+00  0.000000E+00  0.000000E+00
  -669.000  0.000000E+00  0.000000E+00  0.000000E+00  0.000000E+00  0.000000E+00
  -668.900  0.000000E+00  0.000000E+00  0.000000E+00  0.000000E+00  0.000000E+00
  -668.800  0.000000E+00  0.000000E+00  0.000000E+00  0.000000E+00  0.000000E+00
  -668.700  0.000000E+00  0.000000E+00  0.000000E+00  0.000000E+00  0.000000E+00
  -668.600  0.000000E+00  0.000000E+00  0.000000E+00  0.000000E+00  0.000000E+00
  -668.500  0.000000E+00  0.000000E+00  0.000000E+00  0.000000E+00  0.000000E+00
  -668.400  0.000000E+00  0.000000E+00  0.000000E+00  0.000000E+00  0.000000E+00
  -668.300  0.000000E+00  0.000000E+00  0.000000E+00  0.000000E+00  0.000000E+00
  -668.200  0.000000E+00  0.000000E+00  0.000000E+00  0.000000E+00  0.000000E+00
  -668.100  0.000000E+00  0.000000E+00  0.000000E+00  0.000000E+00  0.000000E+00
  -668.000  0.000000E+00  0.000000E+00  0.000000E+00  0.000000E+00  0.000000E+00
  -667.900  0.000000E+00  0.000000E+00  0.000000E+00  0.000000E+00  0.000000E+00
  -667.800  0.000000E+00  0.000000E+00  0.000000E+00  0.000000E+00  0.000000E+00
  -667.700  0.000000E+00  0.000000E+00  0.000000E+00  0.000000E+00  0.000000E+00
  -667.600  0.000000E+00  0.000000E+00  0.000000E+00  0.000000E+00  0.000000E+00
  -667.500  0.000000E+00  0.000000E+00  0.000000E+00  0.000000E+00  0.000000E+00
  -667.400  0.000000E+00  0.000000E+00  0.000000E+00  0.000000E+00  0.000000E+00
  -667.300  0.000000E+00  0.000000E+00  0.000000E+00  0.000000E+00  0.000000E+00
  -667.200  0.000000E+00  0.000000E+00  0.000000E+00  0.000000E+00  0.000000E+00
  -667.100  0.000000E+00  0.000000E+00  0.000000E+00  0.000000E+00  0.000000E+00
  -667.000  0.000000E+00  0.000000E+00  0.000000E+00  0.000000E+00  0.000000E+00
  -666.900  0.000000E+00  0.000000E+00  0.000000E+00  0.000000E+00  0.000000E+00
  -666.800  0.000000E+00  0.000000E+00  0.000000E+00  0.000000E+00  0.000000E+00
  -666.700  0.000000E+00  0.000000E+00  0.000000E+00  0.000000E+00  0.000000E+00
  -666.600  0.000000E+00  0.000000E+00  0.000000E+00  0.000000E+00  0.000000E+00
  -666.500  0.000000E+00  0.000000E+00  0.000000E+00  0.000000E+00  0.000000E+00
  -666.400  0.000000E+00  0.000000E+00  0.000000E+00  0.000000E+00  0.000000E+00
  -666.300  0.000000E+00  0.000000E+00  0.000000E+00  0.000000E+00  0.000000E+00
  -666.200  0.000000E+00  0.000000E+00  0.000000E+00  0.000000E+00  0.000000E+00
  -666.100  0.000000E+00  0.000000E+00  0.000000E+00  0.000000E+00  0.000000E+00
  -666.000  0.000000E+00  0.000000E+00  0.000000E+00  0.000000E+00  0.000000E+00
  -665.900  0.000000E+00  0.000000E+00  0.000000E+00  0.000000E+00  0.000000E+00
  -665.800  0.000000E+00  0.000000E+00  0.000000E+00  0.000000E+00  0.000000E+00
  -665.700  0.000000E+00  0.000000E+00  0.000000E+00  0.000000E+00  0.000000E+00
  -665.600  0.000000E+00  0.000000E+00  0.000000E+00  0.000000E+00  0.000000E+00
  -665.500  0.000000E+00  0.000000E+00  0.000000E+00  0.000000E+00  0.000000E+00
  -665.400  0.172561E-04  0.000000E+00  0.000000E+00  0.000000E+00  0.000000E+00
  -665.300  0.231609E-04  0.000000E+00  0.000000E+00  0.000000E+00  0.000000E+00
  -665.200  0.308504E-04  0.000000E+00  0.000000E+00  0.000000E+00  0.000000E+00
  -665.100  0.407886E-04  0.000000E+00  0.000000E+00  0.000000E+00  0.000000E+00
  -665.000  0.535389E-04  0.000000E+00  0.000000E+00  0.000000E+00  0.000000E+00
  -664.900  0.697817E-04  0.000000E+00  0.000000E+00  0.000000E+00  0.000000E+00
  -664.800  0.903329E-04  0.000000E+00  0.000000E+00  0.000000E+00  0.000000E+00
  -664.700  0.116165E-03  0.145805E-04  0.000000E+00  0.000000E+00  0.000000E+00
  -664.600  0.148433E-03  0.198091E-04  0.146371E-04  0.000000E+00  0.000000E+00
  -664.500  0.188496E-03  0.267897E-04  0.200390E-04  0.173228E-04  0.000000E+00
  -664.400  0.237951E-03  0.360655E-04  0.273082E-04  0.237574E-04  0.157025E-04
  -664.300  0.298665E-03  0.483312E-04  0.370410E-04  0.324276E-04  0.218553E-04
  -664.200  0.372804E-03  0.644705E-04  0.500047E-04  0.440482E-04  0.302589E-04
  -664.100  0.462875E-03  0.855989E-04  0.671800E-04  0.595378E-04  0.416677E-04
  -664.000  0.571765E-03  0.113115E-03  0.898110E-04  0.800688E-04  0.570615E-04
  -663.900  0.702773E-03  0.148759E-03  0.119464E-03  0.107126E-03  0.777027E-04
  -663.800  0.859659E-03  0.194683E-03  0.158097E-03  0.142576E-03  0.105205E-03
  -663.700  0.104668E-02  0.253523E-03  0.208137E-03  0.188746E-03  0.141617E-03
  -663.600  0.126861E-02  0.328492E-03  0.272578E-03  0.248522E-03  0.189517E-03
  -663.500  0.153081E-02  0.423476E-03  0.355075E-03  0.325450E-03  0.252130E-03
  -663.400  0.183923E-02  0.543142E-03  0.460076E-03  0.423865E-03  0.333462E-03
  -663.300  0.220047E-02  0.693068E-03  0.592949E-03  0.549030E-03  0.438457E-03
  -663.200  0.262178E-02  0.879877E-03  0.760143E-03  0.707302E-03  0.573185E-03
  -663.100  0.311114E-02  0.111141E-02  0.969366E-03  0.906322E-03  0.745056E-03
  -663.000  0.367731E-02  0.139689E-02  0.122980E-02  0.115524E-02  0.963081E-03
  -662.900  0.432990E-02  0.174718E-02  0.155234E-02  0.146496E-02  0.123817E-02
  -662.800  0.507950E-02  0.217500E-02  0.194991E-02  0.184848E-02  0.158352E-02
  -662.700  0.593788E-02  0.269529E-02  0.243777E-02  0.232124E-02  0.201498E-02
  -662.600  0.691818E-02  0.332557E-02  0.303399E-02  0.290156E-02  0.255164E-02
  -662.500  0.803523E-02  0.408640E-02  0.375994E-02  0.361121E-02  0.321642E-02
  -662.400  0.930601E-02  0.500196E-02  0.464088E-02  0.447600E-02  0.403674E-02
  -662.300  0.107501E-01  0.610073E-02  0.570671E-02  0.552655E-02  0.504543E-02
  -662.200  0.123904E-01  0.741626E-02  0.699281E-02  0.679918E-02  0.628170E-02
  -662.100  0.142538E-01  0.898814E-02  0.854103E-02  0.833691E-02  0.779225E-02
  -662.000  0.163720E-01  0.108630E-01  0.104008E-01  0.101906E-01  0.963252E-02
  -661.900  0.187825E-01  0.130959E-01  0.126304E-01  0.124203E-01  0.118681E-01
  -661.800  0.215295E-01  0.157513E-01  0.152982E-01  0.150965E-01  0.145762E-01
  -661.700  0.246652E-01  0.189044E-01  0.184842E-01  0.183016E-01  0.178472E-01
  -661.600  0.282500E-01  0.226428E-01  0.222812E-01  0.221312E-01  0.217859E-01
  -661.500  0.323543E-01  0.270674E-01  0.267961E-01  0.266955E-01  0.265133E-01
  -661.400  0.370580E-01  0.322934E-01  0.321510E-01  0.321204E-01  0.321672E-01
  -661.300  0.424518E-01  0.384510E-01  0.384839E-01  0.385478E-01  0.389033E-01
  -661.200  0.486362E-01  0.456856E-01  0.459486E-01  0.461361E-01  0.468950E-01
  -661.100  0.557212E-01  0.541572E-01  0.547144E-01  0.550597E-01  0.563329E-01
  -661.000  0.638252E-01  0.640390E-01  0.649646E-01  0.655072E-01  0.674231E-01
  -660.900  0.730725E-01  0.755154E-01  0.768941E-01  0.776790E-01  0.803845E-01
  -660.800  0.835907E-01  0.887782E-01  0.907057E-01  0.917839E-01  0.954448E-01
  -660.700  0.955074E-01  0.104022E+00  0.106605E+00  0.108034E+00  0.112835E+00
  -660.600  0.108945E+00  0.121439E+00  0.124796E+00  0.126637E+00  0.132782E+00
  -660.500  0.124016E+00  0.141209E+00  0.145468E+00  0.147791E+00  0.155501E+00
  -660.400  0.140818E+00  0.163495E+00  0.168796E+00  0.171672E+00  0.181184E+00
  -660.300  0.159423E+00  0.188431E+00  0.194921E+00  0.198429E+00  0.209992E+00
  -660.200  0.179878E+00  0.216114E+00  0.223945E+00  0.228165E+00  0.242039E+00
  -660.100  0.202190E+00  0.246589E+00  0.255920E+00  0.260935E+00  0.277384E+00
  -660.000  0.226326E+00  0.279845E+00  0.290835E+00  0.296729E+00  0.316016E+00
  -659.900  0.252204E+00  0.315802E+00  0.328608E+00  0.335463E+00  0.357845E+00
  -659.800  0.279689E+00  0.354305E+00  0.369078E+00  0.376971E+00  0.402693E+00
  -659.700  0.308591E+00  0.395116E+00  0.411997E+00  0.421000E+00  0.450285E+00
  -659.600  0.338661E+00  0.437913E+00  0.457029E+00  0.467207E+00  0.500252E+00
  -659.500  0.369597E+00  0.482291E+00  0.503748E+00  0.515155E+00  0.552121E+00
  -659.400  0.401044E+00  0.527763E+00  0.551646E+00  0.564323E+00  0.605331E+00
  -659.300  0.432600E+00  0.573771E+00  0.600137E+00  0.614112E+00  0.659235E+00
  -659.200  0.463826E+00  0.619697E+00  0.648571E+00  0.663856E+00  0.713118E+00
  -659.100  0.494259E+00  0.664877E+00  0.696254E+00  0.712842E+00  0.766211E+00
  -659.000  0.523422E+00  0.708620E+00  0.742461E+00  0.760330E+00  0.817720E+00
  -658.900  0.550837E+00  0.750230E+00  0.786460E+00  0.805569E+00  0.866842E+00
  -658.800  0.576047E+00  0.789028E+00  0.827540E+00  0.847832E+00  0.912796E+00
  -658.700  0.598622E+00  0.824373E+00  0.865028E+00  0.886430E+00  0.954848E+00
  -658.600  0.618182E+00  0.855685E+00  0.898316E+00  0.920739E+00  0.992337E+00
  -658.500  0.634405E+00  0.882463E+00  0.926877E+00  0.950224E+00  0.102469E+01
  -658.400  0.647037E+00  0.904301E+00  0.950288E+00  0.974450E+00  0.105146E+01
  -658.300  0.655905E+00  0.920902E+00  0.968235E+00  0.993099E+00  0.107230E+01
  -658.200  0.660915E+00  0.932084E+00  0.980528E+00  0.100597E+01  0.108702E+01
  -658.100  0.662060E+00  0.937782E+00  0.987097E+00  0.101301E+01  0.109554E+01
  -658.000  0.659412E+00  0.938047E+00  0.987993E+00  0.101424E+01  0.109793E+01
  -657.900  0.653119E+00  0.933036E+00  0.983376E+00  0.100985E+01  0.109435E+01
  -657.800  0.643399E+00  0.923002E+00  0.973507E+00  0.100010E+01  0.108510E+01
  -657.700  0.630523E+00  0.908280E+00  0.958731E+00  0.985332E+00  0.107053E+01
  -657.600  0.614807E+00  0.889269E+00  0.939457E+00  0.965964E+00  0.105108E+01
  -657.500  0.596600E+00  0.866415E+00  0.916144E+00  0.942460E+00  0.102723E+01
  -657.400  0.576265E+00  0.840193E+00  0.889276E+00  0.915311E+00  0.999468E+00
  -657.300  0.554172E+00  0.811090E+00  0.859353E+00  0.885019E+00  0.968314E+00
  -657.200  0.530681E+00  0.779588E+00  0.826867E+00  0.852082E+00  0.934268E+00
  -657.100  0.506137E+00  0.746155E+00  0.792297E+00  0.816980E+00  0.897810E+00
  -657.000  0.480860E+00  0.711233E+00  0.756093E+00  0.780168E+00  0.859395E+00
  -656.900  0.455139E+00  0.675233E+00  0.718674E+00  0.742068E+00  0.819442E+00
  -656.800  0.429231E+00  0.638528E+00  0.680425E+00  0.703065E+00  0.778337E+00
  -656.700  0.403357E+00  0.601457E+00  0.641691E+00  0.663510E+00  0.736431E+00
  -656.600  0.377709E+00  0.564319E+00  0.602784E+00  0.623718E+00  0.694044E+00
  -656.500  0.352446E+00  0.527382E+00  0.563983E+00  0.583972E+00  0.651470E+00
  -656.400  0.327702E+00  0.490883E+00  0.525538E+00  0.544530E+00  0.608980E+00
  -656.300  0.303587E+00  0.455031E+00  0.487674E+00  0.505624E+00  0.566827E+00
  -656.200  0.280194E+00  0.420015E+00  0.450595E+00  0.467465E+00  0.525250E+00
  -656.100  0.257604E+00  0.386001E+00  0.414486E+00  0.430250E+00  0.484476E+00
  -656.000  0.235883E+00  0.353140E+00  0.379517E+00  0.394157E+00  0.444721E+00
  -655.900  0.215091E+00  0.321567E+00  0.345842E+00  0.359352E+00  0.406190E+00
  -655.800  0.195283E+00  0.291401E+00  0.313599E+00  0.325986E+00  0.369075E+00
  -655.700  0.176504E+00  0.262749E+00  0.282914E+00  0.294192E+00  0.333553E+00
  -655.600  0.158796E+00  0.235697E+00  0.253890E+00  0.264089E+00  0.299781E+00
  -655.500  0.142192E+00  0.210319E+00  0.226617E+00  0.235772E+00  0.267896E+00
  -655.400  0.126720E+00  0.186665E+00  0.201161E+00  0.209318E+00  0.238007E+00
  -655.300  0.112396E+00  0.164769E+00  0.177565E+00  0.184778E+00  0.210196E+00
  -655.200  0.992273E-01  0.144644E+00  0.155852E+00  0.162179E+00  0.184518E+00
  -655.100  0.872092E-01  0.126281E+00  0.136020E+00  0.141525E+00  0.160992E+00
  -655.000  0.763266E-01  0.109652E+00  0.118043E+00  0.122792E+00  0.139610E+00
  -654.900  0.665526E-01  0.947080E-01  0.101875E+00  0.105936E+00  0.120336E+00
  -654.800  0.578497E-01  0.813850E-01  0.874498E-01  0.908899E-01  0.103104E+00
  -654.700  0.501710E-01  0.696031E-01  0.746842E-01  0.775697E-01  0.878280E-01
  -654.600  0.434614E-01  0.592706E-01  0.634817E-01  0.658765E-01  0.744019E-01
  -654.500  0.376599E-01  0.502877E-01  0.537359E-01  0.557002E-01  0.627055E-01
  -654.400  0.327016E-01  0.425489E-01  0.453340E-01  0.469242E-01  0.526091E-01
  -654.300  0.285197E-01  0.359474E-01  0.381608E-01  0.394289E-01  0.439782E-01
  -654.200  0.250480E-01  0.303778E-01  0.321026E-01  0.330959E-01  0.366782E-01
  -654.100  0.222234E-01  0.257395E-01  0.270503E-01  0.278113E-01  0.305788E-01
  -654.000  0.199875E-01  0.219399E-01  0.229027E-01  0.234692E-01  0.255578E-01
  -653.900  0.182893E-01  0.188964E-01  0.195696E-01  0.199751E-01  0.215047E-01
  -653.800  0.170870E-01  0.165398E-01  0.169743E-01  0.172480E-01  0.183242E-01
  -653.700  0.163502E-01  0.148160E-01  0.150564E-01  0.152239E-01  0.159388E-01
  -653.600  0.160623E-01  0.136890E-01  0.137739E-01  0.138574E-01  0.142913E-01
  -653.500  0.162229E-01  0.131430E-01  0.131061E-01  0.131248E-01  0.133479E-01
  -653.400  0.168505E-01  0.131849E-01  0.130558E-01  0.130268E-01  0.131003E-01
  -653.300  0.179862E-01  0.138479E-01  0.136525E-01  0.135906E-01  0.135684E-01
  -653.200  0.196968E-01  0.151940E-01  0.149555E-01  0.148739E-01  0.148035E-01
  -653.100  0.220797E-01  0.173184E-01  0.170573E-01  0.169677E-01  0.168911E-01
  -653.000  0.252677E-01  0.203534E-01  0.200881E-01  0.200007E-01  0.199546E-01
  -652.900  0.294343E-01  0.244730E-01  0.242198E-01  0.241434E-01  0.241595E-01
  -652.800  0.348004E-01  0.298987E-01  0.296712E-01  0.296134E-01  0.297174E-01
  -652.700  0.416403E-01  0.369042E-01  0.367136E-01  0.366801E-01  0.368910E-01
  -652.600  0.502893E-01  0.458221E-01  0.456761E-01  0.456703E-01  0.459993E-01
  -652.500  0.611504E-01  0.570495E-01  0.569515E-01  0.569745E-01  0.574227E-01
  -652.400  0.747016E-01  0.710541E-01  0.710023E-01  0.710521E-01  0.716088E-01
  -652.300  0.915026E-01  0.883797E-01  0.883664E-01  0.884372E-01  0.890778E-01
  -652.200  0.112201E+00  0.109652E+00  0.109662E+00  0.109743E+00  0.110427E+00
  -652.100  0.137537E+00  0.135581E+00  0.135591E+00  0.135668E+00  0.136337E+00
  -652.000  0.168347E+00  0.166965E+00  0.166942E+00  0.166995E+00  0.167571E+00
  -651.900  0.205563E+00  0.204692E+00  0.204593E+00  0.204596E+00  0.204979E+00
  -651.800  0.250215E+00  0.249734E+00  0.249505E+00  0.249426E+00  0.249499E+00
  -651.700  0.303421E+00  0.303144E+00  0.302721E+00  0.302521E+00  0.302143E+00
  -651.600  0.366378E+00  0.366043E+00  0.365351E+00  0.364987E+00  0.363998E+00
  -651.500  0.440347E+00  0.439609E+00  0.438559E+00  0.437982E+00  0.436206E+00
  -651.400  0.526629E+00  0.525046E+00  0.523542E+00  0.522697E+00  0.519941E+00
  -651.300  0.626536E+00  0.623564E+00  0.621497E+00  0.620324E+00  0.616382E+00
  -651.200  0.741348E+00  0.736333E+00  0.733585E+00  0.732021E+00  0.726677E+00
  -651.100  0.872268E+00  0.864441E+00  0.860886E+00  0.858862E+00  0.851892E+00
  -651.000  0.102036E+01  0.100884E+01  0.100434E+01  0.100179E+01  0.992962E+00
  -650.900  0.118650E+01  0.117027E+01  0.116469E+01  0.116153E+01  0.115063E+01
  -650.800  0.137125E+01  0.134923E+01  0.134242E+01  0.133858E+01  0.132536E+01
  -650.700  0.157486E+01  0.154586E+01  0.153766E+01  0.153307E+01  0.151730E+01
  -650.600  0.179711E+01  0.175990E+01  0.175015E+01  0.174473E+01  0.172619E+01
  -650.500  0.203729E+01  0.199061E+01  0.197917E+01  0.197284E+01  0.195131E+01
  -650.400  0.229411E+01  0.223673E+01  0.222345E+01  0.221614E+01  0.219143E+01
  -650.300  0.256565E+01  0.249644E+01  0.248117E+01  0.247283E+01  0.244473E+01
  -650.200  0.284932E+01  0.276733E+01  0.274996E+01  0.274051E+01  0.270888E+01
  -650.100  0.314190E+01  0.304639E+01  0.302683E+01  0.301623E+01  0.298095E+01
  -650.000  0.343954E+01  0.333011E+01  0.330828E+01  0.329652E+01  0.325750E+01
  -649.900  0.373782E+01  0.361446E+01  0.359036E+01  0.357742E+01  0.353465E+01
  -649.800  0.403187E+01  0.389504E+01  0.386872E+01  0.385461E+01  0.380816E+01
  -649.700  0.431650E+01  0.416721E+01  0.413876E+01  0.412354E+01  0.407354E+01
  -649.600  0.458635E+01  0.442617E+01  0.439578E+01  0.437953E+01  0.432623E+01
  -649.500  0.483612E+01  0.466720E+01  0.463511E+01  0.461796E+01  0.456171E+01
  -649.400  0.506070E+01  0.488578E+01  0.485233E+01  0.483443E+01  0.477569E+01
  -649.300  0.525539E+01  0.507774E+01  0.504333E+01  0.502490E+01  0.496424E+01
  -649.200  0.541612E+01  0.523946E+01  0.520457E+01  0.518583E+01  0.512395E+01
  -649.100  0.553957E+01  0.536794E+01  0.533312E+01  0.531434E+01  0.525202E+01
  -649.000  0.562328E+01  0.546096E+01  0.542680E+01  0.540826E+01  0.534636E+01
  -648.900  0.566580E+01  0.551710E+01  0.548420E+01  0.546623E+01  0.540567E+01
  -648.800  0.566667E+01  0.553579E+01  0.550478E+01  0.548768E+01  0.542941E+01
  -648.700  0.562645E+01  0.551727E+01  0.548876E+01  0.547284E+01  0.541780E+01
  -648.600  0.554665E+01  0.546262E+01  0.543717E+01  0.542272E+01  0.537181E+01
  -648.500  0.542965E+01  0.537359E+01  0.535171E+01  0.533901E+01  0.529306E+01
  -648.400  0.527860E+01  0.525260E+01  0.523471E+01  0.522397E+01  0.518372E+01
  -648.300  0.509720E+01  0.510255E+01  0.508899E+01  0.508039E+01  0.504644E+01
  -648.200  0.488965E+01  0.492676E+01  0.491773E+01  0.491141E+01  0.488421E+01
  -648.100  0.466039E+01  0.472880E+01  0.472441E+01  0.472043E+01  0.470028E+01
  -648.000  0.441399E+01  0.451240E+01  0.451265E+01  0.451102E+01  0.449804E+01
  -647.900  0.415499E+01  0.428136E+01  0.428610E+01  0.428679E+01  0.428095E+01
  -647.800  0.388779E+01  0.403941E+01  0.404842E+01  0.405132E+01  0.405243E+01
  -647.700  0.361653E+01  0.379015E+01  0.380312E+01  0.380810E+01  0.381581E+01
  -647.600  0.334499E+01  0.353701E+01  0.355354E+01  0.356041E+01  0.357428E+01
  -647.500  0.307659E+01  0.328315E+01  0.330280E+01  0.331136E+01  0.333083E+01
  -647.400  0.281426E+01  0.303146E+01  0.305374E+01  0.306376E+01  0.308821E+01
  -647.300  0.256054E+01  0.278452E+01  0.280893E+01  0.282016E+01  0.284892E+01
  -647.200  0.231746E+01  0.254455E+01  0.257059E+01  0.258280E+01  0.261517E+01
  -647.100  0.208665E+01  0.231347E+01  0.234066E+01  0.235360E+01  0.238889E+01
  -647.000  0.186931E+01  0.209284E+01  0.212073E+01  0.213417E+01  0.217170E+01
  -646.900  0.166625E+01  0.188390E+01  0.191206E+01  0.192579E+01  0.196491E+01
  -646.800  0.147795E+01  0.168755E+01  0.171561E+01  0.172943E+01  0.176953E+01
  -646.700  0.130458E+01  0.150441E+01  0.153203E+01  0.154578E+01  0.158630E+01
  -646.600  0.114603E+01  0.133479E+01  0.136171E+01  0.137522E+01  0.141567E+01
  -646.500  0.100198E+01  0.117879E+01  0.120476E+01  0.121791E+01  0.125784E+01
  -646.400  0.871936E+00  0.103624E+01  0.106109E+01  0.107377E+01  0.111278E+01
  -646.300  0.755247E+00  0.906813E+00  0.930386E+00  0.942516E+00  0.980270E+00
  -646.200  0.651160E+00  0.790012E+00  0.812206E+00  0.823710E+00  0.859928E+00
  -646.100  0.558846E+00  0.685217E+00  0.705958E+00  0.716785E+00  0.751233E+00
  -646.000  0.477432E+00  0.591717E+00  0.610962E+00  0.621074E+00  0.653569E+00
  -645.900  0.406025E+00  0.508743E+00  0.526474E+00  0.535848E+00  0.566249E+00
  -645.800  0.343734E+00  0.435488E+00  0.451709E+00  0.460335E+00  0.488547E+00
  -645.700  0.289688E+00  0.371139E+00  0.385874E+00  0.393752E+00  0.419719E+00
  -645.600  0.243051E+00  0.314891E+00  0.328180E+00  0.335320E+00  0.359023E+00
  -645.500  0.203031E+00  0.265965E+00  0.277860E+00  0.284282E+00  0.305736E+00
  -645.400  0.168891E+00  0.223619E+00  0.234185E+00  0.239914E+00  0.259167E+00
  -645.300  0.139948E+00  0.187158E+00  0.196468E+00  0.201535E+00  0.218661E+00
  -645.200  0.115585E+00  0.155935E+00  0.164069E+00  0.168513E+00  0.183608E+00
  -645.100  0.952415E-01  0.129360E+00  0.136402E+00  0.140264E+00  0.153443E+00
  -645.000  0.784220E-01  0.106897E+00  0.112933E+00  0.116255E+00  0.127648E+00
  -644.900  0.646905E-01  0.880643E-01  0.931804E-01  0.960086E-01  0.105753E+00
  -644.800  0.536698E-01  0.724347E-01  0.767163E-01  0.790942E-01  0.873313E-01
  -644.700  0.450398E-01  0.596344E-01  0.631623E-01  0.651331E-01  0.720047E-01
  -644.600  0.385358E-01  0.493414E-01  0.521911E-01  0.537956E-01  0.594386E-01
  -644.500  0.339467E-01  0.412854E-01  0.435252E-01  0.448010E-01  0.493439E-01
  -644.400  0.311141E-01  0.352470E-01  0.369370E-01  0.379177E-01  0.414775E-01
  -644.300  0.299317E-01  0.310588E-01  0.322499E-01  0.329643E-01  0.356442E-01
  -644.200  0.303451E-01  0.286058E-01  0.293392E-01  0.298113E-01  0.316988E-01
  -644.100  0.323525E-01  0.278282E-01  0.281348E-01  0.283832E-01  0.295488E-01
  -644.000  0.360060E-01  0.287226E-01  0.286233E-01  0.286612E-01  0.291583E-01
  -643.900  0.414132E-01  0.313456E-01  0.308514E-01  0.306868E-01  0.305512E-01
  -643.800  0.487392E-01  0.358166E-01  0.349290E-01  0.345648E-01  0.338157E-01
  -643.700  0.582088E-01  0.423200E-01  0.410321E-01  0.404665E-01  0.391071E-01
  -643.600  0.701079E-01  0.511084E-01  0.494053E-01  0.486322E-01  0.466511E-01
  -643.500  0.847848E-01  0.625026E-01  0.603626E-01  0.593721E-01  0.567447E-01
  -643.400  0.102649E+00  0.768912E-01  0.742868E-01  0.730658E-01  0.697557E-01
  -643.300  0.124169E+00  0.947271E-01  0.916260E-01  0.901585E-01  0.861190E-01
  -643.200  0.149866E+00  0.116520E+00  0.112886E+00  0.111154E+00  0.106330E+00
  -643.100  0.180302E+00  0.142828E+00  0.138621E+00  0.136604E+00  0.130932E+00
  -643.000  0.216070E+00  0.174237E+00  0.169416E+00  0.167091E+00  0.160503E+00
  -642.900  0.257770E+00  0.211345E+00  0.205865E+00  0.203210E+00  0.195630E+00
  -642.800  0.305988E+00  0.254734E+00  0.248550E+00  0.245540E+00  0.236888E+00
  -642.700  0.361267E+00  0.304943E+00  0.298006E+00  0.294616E+00  0.284808E+00
  -642.600  0.424076E+00  0.362432E+00  0.354695E+00  0.350897E+00  0.339843E+00
  -642.500  0.494773E+00  0.427554E+00  0.418964E+00  0.414731E+00  0.402338E+00
  -642.400  0.573580E+00  0.500517E+00  0.491021E+00  0.486324E+00  0.472493E+00
  -642.300  0.660546E+00  0.581361E+00  0.570902E+00  0.565711E+00  0.550340E+00
  -642.200  0.755533E+00  0.669935E+00  0.658456E+00  0.652738E+00  0.635720E+00
  -642.100  0.858200E+00  0.765888E+00  0.753329E+00  0.747051E+00  0.728274E+00
  -642.000  0.968009E+00  0.868674E+00  0.854971E+00  0.848100E+00  0.827448E+00
  -641.900  0.108424E+01  0.977569E+00  0.962657E+00  0.955156E+00  0.932509E+00
  -641.800  0.120602E+01  0.109170E+01  0.107552E+01  0.106735E+01  0.104258E+01
  -641.700  0.133238E+01  0.121012E+01  0.119258E+01  0.118371E+01  0.115670E+01
  -641.600  0.146231E+01  0.133181E+01  0.131286E+01  0.130325E+01  0.127386E+01
  -641.500  0.159485E+01  0.145583E+01  0.143539E+01  0.142499E+01  0.139310E+01
  -641.400  0.172913E+01  0.158131E+01  0.155932E+01  0.154810E+01  0.151357E+01
  -641.300  0.186446E+01  0.170759E+01  0.168396E+01  0.167188E+01  0.163458E+01
  -641.200  0.200038E+01  0.183422E+01  0.180888E+01  0.179589E+01  0.175568E+01
  -641.100  0.213670E+01  0.196100E+01  0.193388E+01  0.191995E+01  0.187669E+01
  -641.000  0.227351E+01  0.208802E+01  0.205904E+01  0.204412E+01  0.199769E+01
  -640.900  0.241113E+01  0.221560E+01  0.218470E+01  0.216875E+01  0.211901E+01
  -640.800  0.255011E+01  0.234428E+01  0.231137E+01  0.229437E+01  0.224120E+01
  -640.700  0.269106E+01  0.247467E+01  0.243970E+01  0.242160E+01  0.236490E+01
  -640.600  0.283460E+01  0.260739E+01  0.257031E+01  0.255109E+01  0.249077E+01
  -640.500  0.298119E+01  0.274294E+01  0.270370E+01  0.268334E+01  0.261936E+01
  -640.400  0.313098E+01  0.288153E+01  0.284012E+01  0.281861E+01  0.275094E+01
  -640.300  0.328371E+01  0.302298E+01  0.297941E+01  0.295676E+01  0.288543E+01
  -640.200  0.343854E+01  0.316662E+01  0.312093E+01  0.309715E+01  0.302226E+01
  -640.100  0.359403E+01  0.331117E+01  0.326344E+01  0.323859E+01  0.316029E+01
  -640.000  0.374805E+01  0.345476E+01  0.340511E+01  0.337927E+01  0.329780E+01
  -639.900  0.389785E+01  0.359491E+01  0.354354E+01  0.351678E+01  0.343248E+01
  -639.800  0.404010E+01  0.372864E+01  0.367577E+01  0.364823E+01  0.356149E+01
  -639.700  0.417105E+01  0.385253E+01  0.379845E+01  0.377029E+01  0.368161E+01
  -639.600  0.428668E+01  0.396293E+01  0.390799E+01  0.387940E+01  0.378937E+01
  -639.500  0.438294E+01  0.405616E+01  0.400076E+01  0.397193E+01  0.388122E+01
  -639.400  0.445597E+01  0.412869E+01  0.407326E+01  0.404443E+01  0.395375E+01
  -639.300  0.450233E+01  0.417734E+01  0.412237E+01  0.409378E+01  0.400391E+01
  -639.200  0.451921E+01  0.419953E+01  0.414551E+01  0.411743E+01  0.402917E+01
  -639.100  0.450466E+01  0.419341E+01  0.414085E+01  0.411353E+01  0.402769E+01
  -639.000  0.445762E+01  0.415795E+01  0.410735E+01  0.408105E+01  0.399842E+01
  -638.900  0.437809E+01  0.409305E+01  0.404489E+01  0.401985E+01  0.394118E+01
  -638.800  0.426710E+01  0.399955E+01  0.395426E+01  0.393071E+01  0.385667E+01
  -638.700  0.412664E+01  0.387911E+01  0.383708E+01  0.381522E+01  0.374642E+01
  -638.600  0.395957E+01  0.373422E+01  0.369577E+01  0.367575E+01  0.361268E+01
  -638.500  0.376949E+01  0.356797E+01  0.353335E+01  0.351530E+01  0.345834E+01
  -638.400  0.356050E+01  0.338395E+01  0.335332E+01  0.333732E+01  0.328671E+01
  -638.300  0.333704E+01  0.318602E+01  0.315946E+01  0.314556E+01  0.310142E+01
  -638.200  0.310367E+01  0.297818E+01  0.295569E+01  0.294387E+01  0.290619E+01
  -638.100  0.286487E+01  0.276436E+01  0.274584E+01  0.273606E+01  0.270470E+01
  -638.000  0.262491E+01  0.254829E+01  0.253358E+01  0.252577E+01  0.250046E+01
  -637.900  0.238763E+01  0.233340E+01  0.232227E+01  0.231630E+01  0.229670E+01
  -637.800  0.215643E+01  0.212269E+01  0.211486E+01  0.211059E+01  0.209625E+01
  -637.700  0.193417E+01  0.191872E+01  0.191387E+01  0.191113E+01  0.190155E+01
  -637.600  0.172309E+01  0.172358E+01  0.172134E+01  0.171995E+01  0.171457E+01
  -637.500  0.152492E+01  0.153885E+01  0.153886E+01  0.153862E+01  0.153686E+01
  -637.400  0.134081E+01  0.136570E+01  0.136757E+01  0.136830E+01  0.136957E+01
  -637.300  0.117145E+01  0.120486E+01  0.120822E+01  0.120973E+01  0.121346E+01
  -637.200  0.101706E+01  0.105672E+01  0.106121E+01  0.106332E+01  0.106896E+01
  -637.100  0.877550E+00  0.921344E+00  0.926651E+00  0.929193E+00  0.936223E+00
  -637.000  0.752506E+00  0.798570E+00  0.804396E+00  0.807219E+00  0.815182E+00
  -636.900  0.641305E+00  0.688027E+00  0.694115E+00  0.697088E+00  0.705579E+00
  -636.800  0.543156E+00  0.589196E+00  0.595329E+00  0.598341E+00  0.607012E+00
  -636.700  0.457158E+00  0.501447E+00  0.507448E+00  0.510406E+00  0.518975E+00
  -636.600  0.382346E+00  0.424074E+00  0.429805E+00  0.432637E+00  0.440879E+00
  -636.500  0.317727E+00  0.356322E+00  0.361681E+00  0.364335E+00  0.372082E+00
  -636.400  0.262306E+00  0.297413E+00  0.302330E+00  0.304770E+00  0.311907E+00
  -636.300  0.215112E+00  0.246558E+00  0.250995E+00  0.253198E+00  0.259655E+00
  -636.200  0.175213E+00  0.202978E+00  0.206919E+00  0.208878E+00  0.214622E+00
  -636.100  0.141727E+00  0.165914E+00  0.169363E+00  0.171078E+00  0.176109E+00
  -636.000  0.113833E+00  0.134634E+00  0.137611E+00  0.139092E+00  0.143434E+00
  -635.900  0.907730E-01  0.108443E+00  0.110980E+00  0.112241E+00  0.115937E+00
  -635.800  0.718566E-01  0.866921E-01  0.888254E-01  0.898858E-01  0.929892E-01
  -635.700  0.564616E-01  0.687761E-01  0.705487E-01  0.714290E-01  0.740015E-01
  -635.600  0.440327E-01  0.541428E-01  0.555983E-01  0.563204E-01  0.584261E-01
  -635.500  0.340802E-01  0.422923E-01  0.434737E-01  0.440591E-01  0.457617E-01
  -635.400  0.261761E-01  0.327777E-01  0.337260E-01  0.341951E-01  0.355554E-01
  -635.300  0.199512E-01  0.252047E-01  0.259576E-01  0.263294E-01  0.274035E-01
  -635.200  0.150898E-01  0.192294E-01  0.198209E-01  0.201123E-01  0.209507E-01
  -635.100  0.113251E-01  0.145558E-01  0.150156E-01  0.152416E-01  0.158888E-01
  -635.000  0.843432E-02  0.109321E-01  0.112859E-01  0.114594E-01  0.119533E-01
  -634.900  0.623330E-02  0.814674E-02  0.841629E-02  0.854803E-02  0.892097E-02
  -634.800  0.457151E-02  0.602417E-02  0.622755E-02  0.632660E-02  0.660517E-02
  -634.700  0.332733E-02  0.442049E-02  0.457247E-02  0.464622E-02  0.485211E-02
  -634.600  0.240353E-02  0.321907E-02  0.333159E-02  0.338597E-02  0.353656E-02
  -634.500  0.172324E-02  0.232652E-02  0.240907E-02  0.244878E-02  0.255781E-02
  -634.400  0.122635E-02  0.166890E-02  0.172891E-02  0.175765E-02  0.183580E-02
  -634.300  0.866323E-03  0.118831E-02  0.123156E-02  0.125217E-02  0.130763E-02
  -634.200  0.607535E-03  0.839912E-03  0.870810E-03  0.885456E-03  0.924440E-03
  -634.100  0.422971E-03  0.589334E-03  0.611224E-03  0.621541E-03  0.648682E-03
  -634.000  0.292362E-03  0.410519E-03  0.425898E-03  0.433104E-03  0.451824E-03
  -633.900  0.200639E-03  0.283897E-03  0.294613E-03  0.299605E-03  0.312399E-03
  -633.800  0.136711E-03  0.194918E-03  0.202325E-03  0.205753E-03  0.214420E-03
  -633.700  0.924893E-04  0.132862E-03  0.137941E-03  0.140277E-03  0.146096E-03
  -633.600  0.621260E-04  0.899091E-04  0.933642E-04  0.949430E-04  0.988166E-04
  -633.500  0.414323E-04  0.604003E-04  0.627323E-04  0.637910E-04  0.663479E-04
  -633.400  0.274327E-04  0.402793E-04  0.418410E-04  0.425454E-04  0.442193E-04
  -633.300  0.180316E-04  0.266624E-04  0.277001E-04  0.281651E-04  0.292521E-04
  -633.200  0.000000E+00  0.175166E-04  0.182008E-04  0.185053E-04  0.192056E-04
  -633.100  0.000000E+00  0.000000E+00  0.000000E+00  0.000000E+00  0.000000E+00
  -633.000  0.000000E+00  0.000000E+00  0.000000E+00  0.000000E+00  0.000000E+00
  -632.900  0.000000E+00  0.000000E+00  0.000000E+00  0.000000E+00  0.000000E+00
  -632.800  0.000000E+00  0.000000E+00  0.000000E+00  0.000000E+00  0.000000E+00
  -632.700  0.000000E+00  0.000000E+00  0.000000E+00  0.000000E+00  0.000000E+00
  -632.600  0.000000E+00  0.000000E+00  0.000000E+00  0.000000E+00  0.000000E+00
  -632.500  0.000000E+00  0.000000E+00  0.000000E+00  0.000000E+00  0.000000E+00
  -632.400  0.000000E+00  0.000000E+00  0.000000E+00  0.000000E+00  0.000000E+00
  -632.300  0.000000E+00  0.000000E+00  0.000000E+00  0.000000E+00  0.000000E+00
  -632.200  0.000000E+00  0.000000E+00  0.000000E+00  0.000000E+00  0.000000E+00
  -632.100  0.000000E+00  0.000000E+00  0.000000E+00  0.000000E+00  0.000000E+00
  -632.000  0.000000E+00  0.000000E+00  0.000000E+00  0.000000E+00  0.000000E+00
  -631.900  0.000000E+00  0.000000E+00  0.000000E+00  0.000000E+00  0.000000E+00
  -631.800  0.000000E+00  0.000000E+00  0.000000E+00  0.000000E+00  0.000000E+00
  -631.700  0.000000E+00  0.000000E+00  0.000000E+00  0.000000E+00  0.000000E+00
  -631.600  0.000000E+00  0.000000E+00  0.000000E+00  0.000000E+00  0.000000E+00
  -631.500  0.000000E+00  0.000000E+00  0.000000E+00  0.000000E+00  0.000000E+00
  -631.400  0.000000E+00  0.000000E+00  0.000000E+00  0.000000E+00  0.000000E+00
  -631.300  0.000000E+00  0.000000E+00  0.000000E+00  0.000000E+00  0.000000E+00
  -631.200  0.000000E+00  0.000000E+00  0.000000E+00  0.000000E+00  0.000000E+00
  -631.100  0.000000E+00  0.000000E+00  0.000000E+00  0.000000E+00  0.000000E+00
  -631.000  0.000000E+00  0.000000E+00  0.000000E+00  0.000000E+00  0.000000E+00
  -630.900  0.000000E+00  0.000000E+00  0.000000E+00  0.000000E+00  0.000000E+00
  -630.800  0.000000E+00  0.000000E+00  0.000000E+00  0.000000E+00  0.000000E+00
  -630.700  0.000000E+00  0.000000E+00  0.000000E+00  0.000000E+00  0.000000E+00
  -630.600  0.000000E+00  0.000000E+00  0.000000E+00  0.000000E+00  0.000000E+00
  -630.500  0.000000E+00  0.000000E+00  0.000000E+00  0.000000E+00  0.000000E+00
  -630.400  0.000000E+00  0.000000E+00  0.000000E+00  0.000000E+00  0.000000E+00
  -630.300  0.000000E+00  0.000000E+00  0.000000E+00  0.000000E+00  0.000000E+00
  -630.200  0.000000E+00  0.000000E+00  0.000000E+00  0.000000E+00  0.000000E+00
  -630.100  0.000000E+00  0.000000E+00  0.000000E+00  0.000000E+00  0.000000E+00
  -630.000  0.000000E+00  0.000000E+00  0.000000E+00  0.000000E+00  0.000000E+00
  -629.900  0.000000E+00  0.000000E+00  0.000000E+00  0.000000E+00  0.000000E+00
  -629.800  0.000000E+00  0.000000E+00  0.000000E+00  0.000000E+00  0.000000E+00
  -629.700  0.000000E+00  0.000000E+00  0.000000E+00  0.000000E+00  0.000000E+00
  -629.600  0.000000E+00  0.000000E+00  0.000000E+00  0.000000E+00  0.000000E+00
  -629.500  0.000000E+00  0.000000E+00  0.000000E+00  0.000000E+00  0.000000E+00
  -629.400  0.000000E+00  0.000000E+00  0.000000E+00  0.000000E+00  0.000000E+00
  -629.300  0.000000E+00  0.000000E+00  0.000000E+00  0.000000E+00  0.000000E+00
  -629.200  0.000000E+00  0.000000E+00  0.000000E+00  0.000000E+00  0.000000E+00
  -629.100  0.000000E+00  0.000000E+00  0.000000E+00  0.000000E+00  0.000000E+00
  -629.000  0.000000E+00  0.000000E+00  0.000000E+00  0.000000E+00  0.000000E+00
  -628.900  0.000000E+00  0.000000E+00  0.000000E+00  0.000000E+00  0.000000E+00
  -628.800  0.000000E+00  0.000000E+00  0.000000E+00  0.000000E+00  0.000000E+00
  -628.700  0.000000E+00  0.000000E+00  0.000000E+00  0.000000E+00  0.000000E+00
  -628.600  0.000000E+00  0.000000E+00  0.000000E+00  0.000000E+00  0.000000E+00
  -628.500  0.000000E+00  0.000000E+00  0.000000E+00  0.000000E+00  0.000000E+00
  -628.400  0.000000E+00  0.000000E+00  0.000000E+00  0.000000E+00  0.000000E+00
  -628.300  0.000000E+00  0.000000E+00  0.000000E+00  0.000000E+00  0.000000E+00
  -628.200  0.000000E+00  0.000000E+00  0.000000E+00  0.000000E+00  0.000000E+00
  -628.100  0.000000E+00  0.000000E+00  0.000000E+00  0.000000E+00  0.000000E+00
  -628.000  0.000000E+00  0.000000E+00  0.000000E+00  0.000000E+00  0.000000E+00
  -627.900  0.000000E+00  0.000000E+00  0.000000E+00  0.000000E+00  0.000000E+00
  -627.800  0.000000E+00  0.000000E+00  0.000000E+00  0.000000E+00  0.000000E+00
  -627.700  0.000000E+00  0.000000E+00  0.000000E+00  0.000000E+00  0.000000E+00
  -627.600  0.000000E+00  0.000000E+00  0.000000E+00  0.000000E+00  0.000000E+00
  -627.500  0.000000E+00  0.000000E+00  0.000000E+00  0.000000E+00  0.000000E+00
  -627.400  0.000000E+00  0.000000E+00  0.000000E+00  0.000000E+00  0.000000E+00
  -627.300  0.000000E+00  0.000000E+00  0.000000E+00  0.000000E+00  0.000000E+00
  -627.200  0.000000E+00  0.000000E+00  0.000000E+00  0.000000E+00  0.000000E+00
  -627.100  0.000000E+00  0.000000E+00  0.000000E+00  0.000000E+00  0.000000E+00
  -627.000  0.000000E+00  0.000000E+00  0.000000E+00  0.000000E+00  0.000000E+00
  -626.900  0.000000E+00  0.000000E+00  0.000000E+00  0.000000E+00  0.000000E+00
  -626.800  0.000000E+00  0.000000E+00  0.000000E+00  0.000000E+00  0.000000E+00
  -626.700  0.000000E+00  0.000000E+00  0.000000E+00  0.000000E+00  0.000000E+00
  -626.600  0.000000E+00  0.000000E+00  0.000000E+00  0.000000E+00  0.000000E+00
  -626.500  0.000000E+00  0.000000E+00  0.000000E+00  0.000000E+00  0.000000E+00
  -626.400  0.000000E+00  0.000000E+00  0.000000E+00  0.000000E+00  0.000000E+00
  -626.300  0.000000E+00  0.000000E+00  0.000000E+00  0.000000E+00  0.000000E+00
  -626.200  0.000000E+00  0.000000E+00  0.000000E+00  0.000000E+00  0.000000E+00
  -626.100  0.000000E+00  0.000000E+00  0.000000E+00  0.000000E+00  0.000000E+00
  -626.000  0.000000E+00  0.000000E+00  0.000000E+00  0.000000E+00  0.000000E+00
  -625.900  0.000000E+00  0.000000E+00  0.000000E+00  0.000000E+00  0.000000E+00
  -625.800  0.000000E+00  0.000000E+00  0.000000E+00  0.000000E+00  0.000000E+00
  -625.700  0.000000E+00  0.000000E+00  0.000000E+00  0.000000E+00  0.000000E+00
  -625.600  0.000000E+00  0.000000E+00  0.000000E+00  0.000000E+00  0.000000E+00
  -625.500  0.000000E+00  0.000000E+00  0.000000E+00  0.000000E+00  0.000000E+00
  -625.400  0.000000E+00  0.000000E+00  0.000000E+00  0.000000E+00  0.000000E+00
  -625.300  0.000000E+00  0.000000E+00  0.000000E+00  0.000000E+00  0.000000E+00
  -625.200  0.000000E+00  0.000000E+00  0.000000E+00  0.000000E+00  0.000000E+00
  -625.100  0.000000E+00  0.000000E+00  0.000000E+00  0.000000E+00  0.000000E+00
  -625.000  0.000000E+00  0.000000E+00  0.000000E+00  0.000000E+00  0.000000E+00
  -624.900  0.000000E+00  0.000000E+00  0.000000E+00  0.000000E+00  0.000000E+00
  -624.800  0.000000E+00  0.000000E+00  0.000000E+00  0.000000E+00  0.000000E+00
  -624.700  0.000000E+00  0.000000E+00  0.000000E+00  0.000000E+00  0.000000E+00
  -624.600  0.000000E+00  0.000000E+00  0.000000E+00  0.000000E+00  0.000000E+00
  -624.500  0.000000E+00  0.000000E+00  0.000000E+00  0.000000E+00  0.000000E+00
  -624.400  0.000000E+00  0.000000E+00  0.000000E+00  0.000000E+00  0.000000E+00
  -624.300  0.000000E+00  0.000000E+00  0.000000E+00  0.000000E+00  0.000000E+00
  -624.200  0.000000E+00  0.000000E+00  0.000000E+00  0.000000E+00  0.000000E+00
  -624.100  0.000000E+00  0.000000E+00  0.000000E+00  0.000000E+00  0.000000E+00
  -624.000  0.000000E+00  0.000000E+00  0.000000E+00  0.000000E+00  0.000000E+00
  -623.900  0.000000E+00  0.000000E+00  0.000000E+00  0.000000E+00  0.000000E+00
  -623.800  0.000000E+00  0.000000E+00  0.000000E+00  0.000000E+00  0.000000E+00
  -623.700  0.000000E+00  0.000000E+00  0.000000E+00  0.000000E+00  0.000000E+00
  -623.600  0.000000E+00  0.000000E+00  0.000000E+00  0.000000E+00  0.000000E+00
  -623.500  0.000000E+00  0.000000E+00  0.000000E+00  0.000000E+00  0.000000E+00
  -623.400  0.000000E+00  0.000000E+00  0.000000E+00  0.000000E+00  0.000000E+00
  -623.300  0.000000E+00  0.000000E+00  0.000000E+00  0.000000E+00  0.000000E+00
  -623.200  0.000000E+00  0.000000E+00  0.000000E+00  0.000000E+00  0.000000E+00
  -623.100  0.000000E+00  0.000000E+00  0.000000E+00  0.000000E+00  0.000000E+00
  -623.000  0.000000E+00  0.000000E+00  0.000000E+00  0.000000E+00  0.000000E+00
  -622.900  0.000000E+00  0.000000E+00  0.000000E+00  0.000000E+00  0.000000E+00
  -622.800  0.000000E+00  0.000000E+00  0.000000E+00  0.000000E+00  0.000000E+00
  -622.700  0.000000E+00  0.000000E+00  0.000000E+00  0.000000E+00  0.000000E+00
  -622.600  0.000000E+00  0.000000E+00  0.000000E+00  0.000000E+00  0.000000E+00
  -622.500  0.000000E+00  0.000000E+00  0.000000E+00  0.000000E+00  0.000000E+00
  -622.400  0.000000E+00  0.000000E+00  0.000000E+00  0.000000E+00  0.000000E+00
  -622.300  0.000000E+00  0.000000E+00  0.000000E+00  0.000000E+00  0.000000E+00
  -622.200  0.000000E+00  0.000000E+00  0.000000E+00  0.000000E+00  0.000000E+00
  -622.100  0.000000E+00  0.000000E+00  0.000000E+00  0.000000E+00  0.000000E+00
  -622.000  0.000000E+00  0.000000E+00  0.000000E+00  0.000000E+00  0.000000E+00
  -621.900  0.000000E+00  0.000000E+00  0.000000E+00  0.000000E+00  0.000000E+00
  -621.800  0.000000E+00  0.000000E+00  0.000000E+00  0.000000E+00  0.000000E+00
  -621.700  0.000000E+00  0.000000E+00  0.000000E+00  0.000000E+00  0.000000E+00
  -621.600  0.000000E+00  0.000000E+00  0.000000E+00  0.000000E+00  0.000000E+00
  -621.500  0.000000E+00  0.000000E+00  0.000000E+00  0.000000E+00  0.000000E+00
  -621.400  0.000000E+00  0.000000E+00  0.000000E+00  0.000000E+00  0.000000E+00
  -621.300  0.000000E+00  0.000000E+00  0.000000E+00  0.000000E+00  0.000000E+00
  -621.200  0.000000E+00  0.000000E+00  0.000000E+00  0.000000E+00  0.000000E+00
  -621.100  0.000000E+00  0.000000E+00  0.000000E+00  0.000000E+00  0.000000E+00
  -621.000  0.000000E+00  0.000000E+00  0.000000E+00  0.000000E+00  0.000000E+00
  -620.900  0.000000E+00  0.000000E+00  0.000000E+00  0.000000E+00  0.000000E+00
  -620.800  0.000000E+00  0.000000E+00  0.000000E+00  0.000000E+00  0.000000E+00
  -620.700  0.000000E+00  0.000000E+00  0.000000E+00  0.000000E+00  0.000000E+00
  -620.600  0.000000E+00  0.000000E+00  0.000000E+00  0.000000E+00  0.000000E+00
  -620.500  0.000000E+00  0.000000E+00  0.000000E+00  0.000000E+00  0.000000E+00
  -620.400  0.000000E+00  0.000000E+00  0.000000E+00  0.000000E+00  0.000000E+00
  -620.300  0.000000E+00  0.000000E+00  0.000000E+00  0.000000E+00  0.000000E+00
  -620.200  0.000000E+00  0.000000E+00  0.000000E+00  0.000000E+00  0.000000E+00
  -620.100  0.000000E+00  0.000000E+00  0.000000E+00  0.000000E+00  0.000000E+00
  -620.000  0.000000E+00  0.000000E+00  0.000000E+00  0.000000E+00  0.000000E+00
