Structure,Energy,Nucleus,delta_iso
01,-64811.107322,Sn01,660.007593062
01,-64811.107322,Sn02,655.724775084
01,-64811.107322,Sn03,655.737541631
01,-64811.107322,Sn04,649.288394167
01,-64811.107322,Sn05,648.806401718
02,-64811.127978,Sn01,660.602917322
02,-64811.127978,Sn02,655.292753434
02,-64811.127978,Sn03,655.008639527
02,-64811.127978,Sn04,655.829201811
02,-64811.127978,Sn05,655.60205661
03,-64811.119350,Sn01,654.878159867
03,-64811.119350,Sn02,654.876398885
03,-64811.119350,Sn03,654.876539896
03,-64811.119350,Sn04,654.878195199
03,-64811.119350,Sn05,649.276592198
04,-64811.115906,Sn01,661.106129013
04,-64811.115906,Sn02,655.118488334
04,-64811.115906,Sn03,662.614994876
04,-64811.115906,Sn04,655.557474087
04,-64811.115906,Sn05,648.76698329
05,-64811.133054,Sn01,661.306898929
05,-64811.133054,Sn02,661.306971303
05,-64811.133054,Sn03,662.942547872
05,-64811.133054,Sn04,655.8265821
05,-64811.133054,Sn05,655.826583726
06,-64811.146929,Sn01,652.913050621
06,-64811.146929,Sn02,658.008330793
06,-64811.146929,Sn03,649.320274658
06,-64811.146929,Sn04,653.536041311
06,-64811.146929,Sn05,656.441375502
07,-64811.143328,Sn01,659.280063305
07,-64811.143328,Sn02,659.280196599
07,-64811.143328,Sn03,656.996155235
07,-64811.143328,Sn04,654.516134366
07,-64811.143328,Sn05,656.996225667
08,-64811.116567,Sn01,660.754253353
08,-64811.116567,Sn02,660.754425249
08,-64811.116567,Sn03,655.320854566
08,-64811.116567,Sn04,649.478280495
08,-64811.116567,Sn05,655.320967607
09,-64811.159079,Sn01,652.900276805
09,-64811.159079,Sn02,652.426881168
09,-64811.159079,Sn03,655.366333913
09,-64811.159079,Sn04,655.366182524
09,-64811.159079,Sn05,652.900356253
10,-64811.123584,Sn01,661.975772846
10,-64811.123584,Sn02,661.438458935
10,-64811.123584,Sn03,655.558710539
10,-64811.123584,Sn04,662.510194806
10,-64811.123584,Sn05,655.763101224
11,-64811.154598,Sn01,659.429041668
11,-64811.154598,Sn02,653.203590394
11,-64811.154598,Sn03,655.623775114
11,-64811.154598,Sn04,663.251857363
11,-64811.154598,Sn05,653.203340672
12,-64811.134294,Sn01,661.220047864
12,-64811.134294,Sn02,655.687313161
12,-64811.134294,Sn03,661.219865959
12,-64811.134294,Sn04,662.82201198
12,-64811.134294,Sn05,655.686437436
13,-64811.096517,Sn01,662.77356175
13,-64811.096517,Sn02,649.159364445
13,-64811.096517,Sn03,655.428891702
13,-64811.096517,Sn04,655.42820312
13,-64811.096517,Sn05,649.162981834
14,-64811.098852,Sn01,655.360558679
14,-64811.098852,Sn02,654.964920638
14,-64811.098852,Sn03,655.360489737
14,-64811.098852,Sn04,654.964550927
14,-64811.098852,Sn05,648.81790772
15,-64811.104549,Sn01,656.303506165
15,-64811.104549,Sn02,661.293421667
15,-64811.104549,Sn03,656.303524205
15,-64811.104549,Sn04,661.293477522
15,-64811.104549,Sn05,649.406173218
16,-64811.124910,Sn01,661.953470287
16,-64811.124910,Sn02,661.776794061
16,-64811.124910,Sn03,655.636729236
16,-64811.124910,Sn04,648.859505335
16,-64811.124910,Sn05,655.689224765
17,-64811.137243,Sn01,659.693592447
17,-64811.137243,Sn02,653.075372566
17,-64811.137243,Sn03,652.869953982
17,-64811.137243,Sn04,649.609340701
17,-64811.137243,Sn05,655.660792845
18,-64811.143381,Sn01,659.930832065
18,-64811.143381,Sn02,659.937248191
18,-64811.143381,Sn03,654.024027558
18,-64811.143381,Sn04,656.346407773
18,-64811.143381,Sn05,656.154929071
19,-64811.146071,Sn01,653.667502712
19,-64811.146071,Sn02,658.60066705
19,-64811.146071,Sn03,653.138379051
19,-64811.146071,Sn04,656.120166576
19,-64811.146071,Sn05,649.154635286
20,-64811.153551,Sn01,659.20430365
20,-64811.153551,Sn02,659.426945756
20,-64811.153551,Sn03,656.737575078
20,-64811.153551,Sn04,655.792913691
20,-64811.153551,Sn05,653.803834481
21,-64811.142660,Sn01,662.414936247
21,-64811.142660,Sn02,661.905310133
21,-64811.142660,Sn03,661.904785252
21,-64811.142660,Sn04,655.583256422
21,-64811.142660,Sn05,655.583821541
22,-64811.164727,Sn01,657.360382536
22,-64811.164727,Sn02,654.551726014
22,-64811.164727,Sn03,654.551118766
22,-64811.164727,Sn04,653.750081235
22,-64811.164727,Sn05,653.750926823
23,-64811.126602,Sn01,661.162786376
23,-64811.126602,Sn02,655.155292839
23,-64811.126602,Sn03,655.643946392
23,-64811.126602,Sn04,655.417195453
23,-64811.126602,Sn05,655.945431258
24,-64811.134865,Sn01,655.633105476
24,-64811.134865,Sn02,655.41904418
24,-64811.134865,Sn03,662.007540628
24,-64811.134865,Sn04,655.885233401
24,-64811.134865,Sn05,655.617331052
25,-64811.154179,Sn01,653.719731609
25,-64811.154179,Sn02,661.828730182
25,-64811.154179,Sn03,653.021577313
25,-64811.154179,Sn04,659.893125996
25,-64811.154179,Sn05,656.17874158
26,-64811.149479,Sn01,660.675797145
26,-64811.149479,Sn02,663.374672196
26,-64811.149479,Sn03,660.188468322
26,-64811.149479,Sn04,663.248947752
26,-64811.149479,Sn05,654.082169954
27,-64811.132342,Sn01,662.436181461
27,-64811.132342,Sn02,661.759805002
27,-64811.132342,Sn03,661.707910225
27,-64811.132342,Sn04,662.007539805
27,-64811.132342,Sn05,649.581447376
28,-64811.140993,Sn01,661.527523518
28,-64811.140993,Sn02,655.669961081
28,-64811.140993,Sn03,655.670555716
28,-64811.140993,Sn04,661.656592703
28,-64811.140993,Sn05,661.655784731
29,-64811.109182,Sn01,654.857901222
29,-64811.109182,Sn02,648.360977553
29,-64811.109182,Sn03,654.857600993
29,-64811.109182,Sn04,649.192401401
29,-64811.109182,Sn05,660.722391618
30,-64811.114992,Sn01,656.137313761
30,-64811.114992,Sn02,656.120827062
30,-64811.114992,Sn03,649.273968158
30,-64811.114992,Sn04,649.277948885
30,-64811.114992,Sn05,661.005240879
31,-64811.122498,Sn01,662.859446614
31,-64811.122498,Sn02,662.858854149
31,-64811.122498,Sn03,662.368120219
31,-64811.122498,Sn04,649.229247253
31,-64811.122498,Sn05,662.366824738
32,-64811.150921,Sn01,662.587848379
32,-64811.150921,Sn02,659.968410597
32,-64811.150921,Sn03,654.167538268
32,-64811.150921,Sn04,660.195169942
32,-64811.150921,Sn05,663.142843897
33,-64811.153293,Sn01,655.522875112
33,-64811.153293,Sn02,653.434840692
33,-64811.153293,Sn03,659.319119298
33,-64811.153293,Sn04,659.39326865
33,-64811.153293,Sn05,655.914757638
34,-64811.173997,Sn01,653.600477642
34,-64811.173997,Sn02,653.600493801
34,-64811.173997,Sn03,653.600438808
34,-64811.173997,Sn04,653.600229188
34,-64811.173997,Sn05,657.671366518
35,-64811.207759,Sn01,643.60290324
35,-64811.207759,Sn02,649.666587836
35,-64811.207759,Sn03,643.787415587
35,-64811.207759,Sn04,656.838758347
35,-64811.207759,Sn05,643.852672574
