   x           300.0          873.0         1273.0         1673.0      Infinity
  -680.000  0.000000E+00  0.000000E+00  0.000000E+00  0.000000E+00  0.000000E+00
  -679.900  0.000000E+00  0.000000E+00  0.000000E+00  0.000000E+00  0.000000E+00
  -679.800  0.000000E+00  0.000000E+00  0.000000E+00  0.000000E+00  0.000000E+00
  -679.700  0.000000E+00  0.000000E+00  0.000000E+00  0.000000E+00  0.000000E+00
  -679.600  0.000000E+00  0.000000E+00  0.000000E+00  0.000000E+00  0.000000E+00
  -679.500  0.000000E+00  0.000000E+00  0.000000E+00  0.000000E+00  0.000000E+00
  -679.400  0.000000E+00  0.000000E+00  0.000000E+00  0.000000E+00  0.000000E+00
  -679.300  0.000000E+00  0.000000E+00  0.000000E+00  0.000000E+00  0.000000E+00
  -679.200  0.000000E+00  0.000000E+00  0.000000E+00  0.000000E+00  0.000000E+00
  -679.100  0.000000E+00  0.000000E+00  0.000000E+00  0.000000E+00  0.000000E+00
  -679.000  0.000000E+00  0.000000E+00  0.000000E+00  0.000000E+00  0.000000E+00
  -678.900  0.000000E+00  0.000000E+00  0.000000E+00  0.000000E+00  0.000000E+00
  -678.800  0.000000E+00  0.000000E+00  0.000000E+00  0.000000E+00  0.000000E+00
  -678.700  0.000000E+00  0.000000E+00  0.000000E+00  0.000000E+00  0.000000E+00
  -678.600  0.000000E+00  0.000000E+00  0.000000E+00  0.000000E+00  0.000000E+00
  -678.500  0.000000E+00  0.000000E+00  0.000000E+00  0.000000E+00  0.000000E+00
  -678.400  0.000000E+00  0.000000E+00  0.000000E+00  0.000000E+00  0.000000E+00
  -678.300  0.000000E+00  0.000000E+00  0.000000E+00  0.000000E+00  0.000000E+00
  -678.200  0.000000E+00  0.000000E+00  0.000000E+00  0.000000E+00  0.000000E+00
  -678.100  0.000000E+00  0.000000E+00  0.000000E+00  0.000000E+00  0.000000E+00
  -678.000  0.000000E+00  0.000000E+00  0.000000E+00  0.000000E+00  0.000000E+00
  -677.900  0.000000E+00  0.000000E+00  0.000000E+00  0.000000E+00  0.000000E+00
  -677.800  0.000000E+00  0.000000E+00  0.000000E+00  0.000000E+00  0.000000E+00
  -677.700  0.000000E+00  0.000000E+00  0.000000E+00  0.000000E+00  0.000000E+00
  -677.600  0.000000E+00  0.000000E+00  0.000000E+00  0.000000E+00  0.000000E+00
  -677.500  0.000000E+00  0.000000E+00  0.000000E+00  0.000000E+00  0.000000E+00
  -677.400  0.000000E+00  0.000000E+00  0.000000E+00  0.000000E+00  0.000000E+00
  -677.300  0.000000E+00  0.000000E+00  0.000000E+00  0.000000E+00  0.000000E+00
  -677.200  0.000000E+00  0.000000E+00  0.000000E+00  0.000000E+00  0.000000E+00
  -677.100  0.000000E+00  0.000000E+00  0.000000E+00  0.000000E+00  0.000000E+00
  -677.000  0.000000E+00  0.000000E+00  0.000000E+00  0.000000E+00  0.000000E+00
  -676.900  0.000000E+00  0.000000E+00  0.000000E+00  0.000000E+00  0.000000E+00
  -676.800  0.000000E+00  0.000000E+00  0.000000E+00  0.000000E+00  0.000000E+00
  -676.700  0.000000E+00  0.000000E+00  0.000000E+00  0.000000E+00  0.000000E+00
  -676.600  0.000000E+00  0.000000E+00  0.000000E+00  0.000000E+00  0.000000E+00
  -676.500  0.000000E+00  0.000000E+00  0.000000E+00  0.000000E+00  0.000000E+00
  -676.400  0.000000E+00  0.000000E+00  0.000000E+00  0.000000E+00  0.000000E+00
  -676.300  0.000000E+00  0.000000E+00  0.000000E+00  0.000000E+00  0.000000E+00
  -676.200  0.000000E+00  0.000000E+00  0.000000E+00  0.000000E+00  0.000000E+00
  -676.100  0.000000E+00  0.000000E+00  0.000000E+00  0.000000E+00  0.000000E+00
  -676.000  0.000000E+00  0.000000E+00  0.000000E+00  0.000000E+00  0.000000E+00
  -675.900  0.000000E+00  0.000000E+00  0.000000E+00  0.000000E+00  0.000000E+00
  -675.800  0.000000E+00  0.000000E+00  0.000000E+00  0.000000E+00  0.000000E+00
  -675.700  0.000000E+00  0.000000E+00  0.000000E+00  0.000000E+00  0.000000E+00
  -675.600  0.000000E+00  0.000000E+00  0.000000E+00  0.000000E+00  0.000000E+00
  -675.500  0.000000E+00  0.000000E+00  0.000000E+00  0.000000E+00  0.000000E+00
  -675.400  0.000000E+00  0.000000E+00  0.000000E+00  0.000000E+00  0.000000E+00
  -675.300  0.000000E+00  0.000000E+00  0.000000E+00  0.000000E+00  0.000000E+00
  -675.200  0.000000E+00  0.000000E+00  0.000000E+00  0.000000E+00  0.000000E+00
  -675.100  0.000000E+00  0.000000E+00  0.000000E+00  0.000000E+00  0.000000E+00
  -675.000  0.000000E+00  0.000000E+00  0.000000E+00  0.000000E+00  0.000000E+00
  -674.900  0.000000E+00  0.000000E+00  0.000000E+00  0.000000E+00  0.000000E+00
  -674.800  0.000000E+00  0.000000E+00  0.000000E+00  0.000000E+00  0.000000E+00
  -674.700  0.000000E+00  0.000000E+00  0.000000E+00  0.000000E+00  0.000000E+00
  -674.600  0.000000E+00  0.000000E+00  0.000000E+00  0.000000E+00  0.000000E+00
  -674.500  0.000000E+00  0.000000E+00  0.000000E+00  0.000000E+00  0.000000E+00
  -674.400  0.000000E+00  0.000000E+00  0.000000E+00  0.000000E+00  0.000000E+00
  -674.300  0.000000E+00  0.000000E+00  0.000000E+00  0.000000E+00  0.000000E+00
  -674.200  0.000000E+00  0.000000E+00  0.000000E+00  0.000000E+00  0.000000E+00
  -674.100  0.000000E+00  0.000000E+00  0.000000E+00  0.000000E+00  0.000000E+00
  -674.000  0.000000E+00  0.000000E+00  0.000000E+00  0.000000E+00  0.000000E+00
  -673.900  0.000000E+00  0.000000E+00  0.000000E+00  0.000000E+00  0.000000E+00
  -673.800  0.000000E+00  0.000000E+00  0.000000E+00  0.000000E+00  0.000000E+00
  -673.700  0.000000E+00  0.000000E+00  0.000000E+00  0.000000E+00  0.000000E+00
  -673.600  0.000000E+00  0.000000E+00  0.000000E+00  0.000000E+00  0.000000E+00
  -673.500  0.000000E+00  0.000000E+00  0.000000E+00  0.000000E+00  0.000000E+00
  -673.400  0.000000E+00  0.000000E+00  0.000000E+00  0.000000E+00  0.000000E+00
  -673.300  0.000000E+00  0.000000E+00  0.000000E+00  0.000000E+00  0.000000E+00
  -673.200  0.000000E+00  0.000000E+00  0.000000E+00  0.000000E+00  0.000000E+00
  -673.100  0.000000E+00  0.000000E+00  0.000000E+00  0.000000E+00  0.000000E+00
  -673.000  0.000000E+00  0.000000E+00  0.000000E+00  0.000000E+00  0.000000E+00
  -672.900  0.000000E+00  0.000000E+00  0.000000E+00  0.000000E+00  0.000000E+00
  -672.800  0.000000E+00  0.000000E+00  0.000000E+00  0.000000E+00  0.000000E+00
  -672.700  0.000000E+00  0.000000E+00  0.000000E+00  0.000000E+00  0.000000E+00
  -672.600  0.000000E+00  0.000000E+00  0.000000E+00  0.000000E+00  0.000000E+00
  -672.500  0.000000E+00  0.000000E+00  0.000000E+00  0.000000E+00  0.000000E+00
  -672.400  0.000000E+00  0.000000E+00  0.000000E+00  0.000000E+00  0.000000E+00
  -672.300  0.000000E+00  0.000000E+00  0.000000E+00  0.000000E+00  0.000000E+00
  -672.200  0.000000E+00  0.000000E+00  0.000000E+00  0.000000E+00  0.000000E+00
  -672.100  0.000000E+00  0.000000E+00  0.000000E+00  0.000000E+00  0.000000E+00
  -672.000  0.000000E+00  0.000000E+00  0.000000E+00  0.000000E+00  0.000000E+00
  -671.900  0.000000E+00  0.000000E+00  0.000000E+00  0.000000E+00  0.000000E+00
  -671.800  0.000000E+00  0.000000E+00  0.000000E+00  0.000000E+00  0.000000E+00
  -671.700  0.000000E+00  0.000000E+00  0.000000E+00  0.000000E+00  0.000000E+00
  -671.600  0.000000E+00  0.000000E+00  0.000000E+00  0.000000E+00  0.000000E+00
  -671.500  0.000000E+00  0.000000E+00  0.000000E+00  0.000000E+00  0.000000E+00
  -671.400  0.000000E+00  0.000000E+00  0.000000E+00  0.000000E+00  0.000000E+00
  -671.300  0.000000E+00  0.000000E+00  0.000000E+00  0.000000E+00  0.000000E+00
  -671.200  0.000000E+00  0.000000E+00  0.000000E+00  0.000000E+00  0.000000E+00
  -671.100  0.000000E+00  0.000000E+00  0.000000E+00  0.000000E+00  0.000000E+00
  -671.000  0.000000E+00  0.000000E+00  0.000000E+00  0.000000E+00  0.000000E+00
  -670.900  0.000000E+00  0.000000E+00  0.000000E+00  0.000000E+00  0.000000E+00
  -670.800  0.000000E+00  0.000000E+00  0.000000E+00  0.000000E+00  0.000000E+00
  -670.700  0.000000E+00  0.000000E+00  0.000000E+00  0.000000E+00  0.000000E+00
  -670.600  0.000000E+00  0.000000E+00  0.000000E+00  0.000000E+00  0.000000E+00
  -670.500  0.000000E+00  0.000000E+00  0.000000E+00  0.000000E+00  0.000000E+00
  -670.400  0.000000E+00  0.000000E+00  0.000000E+00  0.000000E+00  0.000000E+00
  -670.300  0.000000E+00  0.000000E+00  0.000000E+00  0.000000E+00  0.000000E+00
  -670.200  0.000000E+00  0.000000E+00  0.000000E+00  0.000000E+00  0.000000E+00
  -670.100  0.000000E+00  0.000000E+00  0.000000E+00  0.000000E+00  0.000000E+00
  -670.000  0.000000E+00  0.000000E+00  0.000000E+00  0.000000E+00  0.000000E+00
  -669.900  0.000000E+00  0.000000E+00  0.000000E+00  0.000000E+00  0.000000E+00
  -669.800  0.000000E+00  0.000000E+00  0.000000E+00  0.000000E+00  0.000000E+00
  -669.700  0.000000E+00  0.000000E+00  0.000000E+00  0.000000E+00  0.000000E+00
  -669.600  0.000000E+00  0.000000E+00  0.000000E+00  0.000000E+00  0.000000E+00
  -669.500  0.000000E+00  0.000000E+00  0.000000E+00  0.000000E+00  0.000000E+00
  -669.400  0.000000E+00  0.000000E+00  0.000000E+00  0.000000E+00  0.000000E+00
  -669.300  0.000000E+00  0.000000E+00  0.000000E+00  0.000000E+00  0.000000E+00
  -669.200  0.000000E+00  0.000000E+00  0.000000E+00  0.000000E+00  0.000000E+00
  -669.100  0.000000E+00  0.000000E+00  0.000000E+00  0.000000E+00  0.000000E+00
  -669.000  0.000000E+00  0.000000E+00  0.000000E+00  0.000000E+00  0.000000E+00
  -668.900  0.000000E+00  0.000000E+00  0.000000E+00  0.000000E+00  0.000000E+00
  -668.800  0.000000E+00  0.000000E+00  0.000000E+00  0.000000E+00  0.000000E+00
  -668.700  0.000000E+00  0.000000E+00  0.000000E+00  0.000000E+00  0.000000E+00
  -668.600  0.000000E+00  0.000000E+00  0.000000E+00  0.000000E+00  0.000000E+00
  -668.500  0.000000E+00  0.000000E+00  0.000000E+00  0.000000E+00  0.000000E+00
  -668.400  0.000000E+00  0.000000E+00  0.000000E+00  0.000000E+00  0.000000E+00
  -668.300  0.000000E+00  0.000000E+00  0.000000E+00  0.000000E+00  0.000000E+00
  -668.200  0.000000E+00  0.000000E+00  0.000000E+00  0.000000E+00  0.000000E+00
  -668.100  0.000000E+00  0.000000E+00  0.000000E+00  0.000000E+00  0.000000E+00
  -668.000  0.000000E+00  0.000000E+00  0.000000E+00  0.000000E+00  0.000000E+00
  -667.900  0.000000E+00  0.000000E+00  0.000000E+00  0.000000E+00  0.000000E+00
  -667.800  0.000000E+00  0.000000E+00  0.000000E+00  0.000000E+00  0.000000E+00
  -667.700  0.000000E+00  0.000000E+00  0.000000E+00  0.000000E+00  0.000000E+00
  -667.600  0.000000E+00  0.000000E+00  0.000000E+00  0.000000E+00  0.000000E+00
  -667.500  0.000000E+00  0.000000E+00  0.000000E+00  0.000000E+00  0.000000E+00
  -667.400  0.000000E+00  0.000000E+00  0.000000E+00  0.000000E+00  0.000000E+00
  -667.300  0.000000E+00  0.000000E+00  0.000000E+00  0.000000E+00  0.000000E+00
  -667.200  0.000000E+00  0.000000E+00  0.000000E+00  0.000000E+00  0.000000E+00
  -667.100  0.000000E+00  0.000000E+00  0.000000E+00  0.000000E+00  0.000000E+00
  -667.000  0.000000E+00  0.000000E+00  0.000000E+00  0.000000E+00  0.000000E+00
  -666.900  0.000000E+00  0.000000E+00  0.000000E+00  0.000000E+00  0.000000E+00
  -666.800  0.000000E+00  0.000000E+00  0.000000E+00  0.000000E+00  0.000000E+00
  -666.700  0.000000E+00  0.000000E+00  0.000000E+00  0.000000E+00  0.000000E+00
  -666.600  0.000000E+00  0.000000E+00  0.000000E+00  0.000000E+00  0.000000E+00
  -666.500  0.000000E+00  0.000000E+00  0.000000E+00  0.000000E+00  0.000000E+00
  -666.400  0.168737E-04  0.000000E+00  0.000000E+00  0.000000E+00  0.000000E+00
  -666.300  0.240601E-04  0.131887E-04  0.000000E+00  0.000000E+00  0.000000E+00
  -666.200  0.340494E-04  0.191874E-04  0.165283E-04  0.152165E-04  0.000000E+00
  -666.100  0.478327E-04  0.277214E-04  0.240323E-04  0.222034E-04  0.169704E-04
  -666.000  0.667116E-04  0.397708E-04  0.346976E-04  0.321700E-04  0.248861E-04
  -665.900  0.923788E-04  0.566504E-04  0.497355E-04  0.462727E-04  0.362214E-04
  -665.800  0.127014E-03  0.801052E-04  0.707640E-04  0.660616E-04  0.523120E-04
  -665.700  0.173395E-03  0.112424E-03  0.999183E-04  0.935896E-04  0.749475E-04
  -665.600  0.235019E-03  0.156570E-03  0.139982E-03  0.131542E-03  0.106495E-03
  -665.500  0.316241E-03  0.216338E-03  0.194540E-03  0.183388E-03  0.150045E-03
  -665.400  0.422412E-03  0.296518E-03  0.268144E-03  0.253550E-03  0.209582E-03
  -665.300  0.560026E-03  0.403080E-03  0.366508E-03  0.347593E-03  0.290175E-03
  -665.200  0.736855E-03  0.543367E-03  0.496699E-03  0.472429E-03  0.398187E-03
  -665.100  0.962076E-03  0.726290E-03  0.667350E-03  0.636525E-03  0.541502E-03
  -665.000  0.124637E-02  0.962522E-03  0.888866E-03  0.850124E-03  0.729761E-03
  -664.900  0.160201E-02  0.126467E-02  0.117362E-02  0.112545E-02  0.974602E-03
  -664.800  0.204286E-02  0.164746E-02  0.153616E-02  0.147692E-02  0.128990E-02
  -664.700  0.258440E-02  0.212783E-02  0.199335E-02  0.192132E-02  0.169200E-02
  -664.600  0.324369E-02  0.272511E-02  0.256453E-02  0.247796E-02  0.219994E-02
  -664.500  0.403924E-02  0.346105E-02  0.327165E-02  0.316884E-02  0.283563E-02
  -664.400  0.499096E-02  0.435993E-02  0.413939E-02  0.401879E-02  0.362412E-02
  -664.300  0.612002E-02  0.544863E-02  0.519525E-02  0.505557E-02  0.459370E-02
  -664.200  0.744875E-02  0.675669E-02  0.646966E-02  0.631001E-02  0.577617E-02
  -664.100  0.900059E-02  0.831643E-02  0.799612E-02  0.781618E-02  0.720703E-02
  -664.000  0.108001E-01  0.101631E-01  0.981140E-02  0.961156E-02  0.892572E-02
  -663.900  0.128728E-01  0.123350E-01  0.119557E-01  0.117373E-01  0.109759E-01
  -663.800  0.152458E-01  0.148739E-01  0.144730E-01  0.142384E-01  0.134059E-01
  -663.700  0.179474E-01  0.178251E-01  0.174112E-01  0.171642E-01  0.162688E-01
  -663.600  0.210078E-01  0.212378E-01  0.208227E-01  0.205684E-01  0.196231E-01
  -663.500  0.244589E-01  0.251655E-01  0.247642E-01  0.245099E-01  0.235330E-01
  -663.400  0.283349E-01  0.296659E-01  0.292974E-01  0.290521E-01  0.280684E-01
  -663.300  0.326721E-01  0.348009E-01  0.344888E-01  0.342637E-01  0.333054E-01
  -663.200  0.375088E-01  0.406365E-01  0.404090E-01  0.402183E-01  0.393259E-01
  -663.100  0.428850E-01  0.472419E-01  0.471328E-01  0.469934E-01  0.462172E-01
  -663.000  0.488417E-01  0.546887E-01  0.547377E-01  0.546697E-01  0.540712E-01
  -662.900  0.554199E-01  0.630491E-01  0.633027E-01  0.633300E-01  0.629830E-01
  -662.800  0.626597E-01  0.723946E-01  0.729063E-01  0.730567E-01  0.730492E-01
  -662.700  0.705984E-01  0.827935E-01  0.836245E-01  0.839304E-01  0.843659E-01
  -662.600  0.792701E-01  0.943086E-01  0.955286E-01  0.960269E-01  0.970259E-01
  -662.500  0.887036E-01  0.106996E+00  0.108683E+00  0.109415E+00  0.111116E+00
  -662.400  0.989225E-01  0.120900E+00  0.123141E+00  0.124156E+00  0.126716E+00
  -662.300  0.109944E+00  0.136059E+00  0.138949E+00  0.140297E+00  0.143895E+00
  -662.200  0.121782E+00  0.152496E+00  0.156138E+00  0.157877E+00  0.162708E+00
  -662.100  0.134445E+00  0.170225E+00  0.174731E+00  0.176923E+00  0.183202E+00
  -662.000  0.147940E+00  0.189253E+00  0.194739E+00  0.197451E+00  0.205408E+00
  -661.900  0.162279E+00  0.209582E+00  0.216170E+00  0.219470E+00  0.229350E+00
  -661.800  0.177476E+00  0.231211E+00  0.239028E+00  0.242988E+00  0.255044E+00
  -661.700  0.193557E+00  0.254148E+00  0.263318E+00  0.268011E+00  0.282505E+00
  -661.600  0.210560E+00  0.278407E+00  0.289058E+00  0.294557E+00  0.311750E+00
  -661.500  0.228542E+00  0.304023E+00  0.316278E+00  0.322654E+00  0.342806E+00
  -661.400  0.247575E+00  0.331051E+00  0.345030E+00  0.352353E+00  0.375715E+00
  -661.300  0.267751E+00  0.359572E+00  0.375389E+00  0.383727E+00  0.410539E+00
  -661.200  0.289178E+00  0.389696E+00  0.407461E+00  0.416877E+00  0.447363E+00
  -661.100  0.311978E+00  0.421559E+00  0.441378E+00  0.451931E+00  0.486301E+00
  -661.000  0.336278E+00  0.455324E+00  0.477298E+00  0.489045E+00  0.527491E+00
  -660.900  0.362203E+00  0.491173E+00  0.515401E+00  0.528394E+00  0.571093E+00
  -660.800  0.389870E+00  0.529296E+00  0.555876E+00  0.570169E+00  0.617284E+00
  -660.700  0.419370E+00  0.569884E+00  0.598918E+00  0.614561E+00  0.666246E+00
  -660.600  0.450768E+00  0.613114E+00  0.644709E+00  0.661754E+00  0.718157E+00
  -660.500  0.484084E+00  0.659133E+00  0.693403E+00  0.711907E+00  0.773177E+00
  -660.400  0.519292E+00  0.708046E+00  0.745118E+00  0.765139E+00  0.831431E+00
  -660.300  0.556309E+00  0.759903E+00  0.799915E+00  0.821517E+00  0.892997E+00
  -660.200  0.594997E+00  0.814685E+00  0.857789E+00  0.881041E+00  0.957890E+00
  -660.100  0.635162E+00  0.872297E+00  0.918658E+00  0.943637E+00  0.102605E+01
  -660.000  0.676551E+00  0.932562E+00  0.982354E+00  0.100914E+01  0.109734E+01
  -659.900  0.718868E+00  0.995214E+00  0.104862E+01  0.107731E+01  0.117151E+01
  -659.800  0.761773E+00  0.105991E+01  0.111712E+01  0.114779E+01  0.124825E+01
  -659.700  0.804894E+00  0.112621E+01  0.118742E+01  0.122016E+01  0.132713E+01
  -659.600  0.847837E+00  0.119362E+01  0.125900E+01  0.129392E+01  0.140765E+01
  -659.500  0.890197E+00  0.126157E+01  0.133130E+01  0.136846E+01  0.148920E+01
  -659.400  0.931563E+00  0.132944E+01  0.140367E+01  0.144316E+01  0.157112E+01
  -659.300  0.971530E+00  0.139657E+01  0.147542E+01  0.151730E+01  0.165270E+01
  -659.200  0.100970E+01  0.146228E+01  0.154585E+01  0.159016E+01  0.173316E+01
  -659.100  0.104571E+01  0.152587E+01  0.161421E+01  0.166100E+01  0.181171E+01
  -659.000  0.107919E+01  0.158664E+01  0.167977E+01  0.172905E+01  0.188755E+01
  -658.900  0.110982E+01  0.164393E+01  0.174183E+01  0.179360E+01  0.195990E+01
  -658.800  0.113732E+01  0.169712E+01  0.179971E+01  0.185394E+01  0.202799E+01
  -658.700  0.116142E+01  0.174562E+01  0.185280E+01  0.190943E+01  0.209114E+01
  -658.600  0.118195E+01  0.178895E+01  0.190055E+01  0.195952E+01  0.214871E+01
  -658.500  0.119874E+01  0.182668E+01  0.194251E+01  0.200374E+01  0.220019E+01
  -658.400  0.121172E+01  0.185853E+01  0.197834E+01  0.204171E+01  0.224516E+01
  -658.300  0.122087E+01  0.188429E+01  0.200782E+01  0.207321E+01  0.228331E+01
  -658.200  0.122625E+01  0.190390E+01  0.203086E+01  0.209812E+01  0.231451E+01
  -658.100  0.122801E+01  0.191743E+01  0.204748E+01  0.211647E+01  0.233871E+01
  -658.000  0.122634E+01  0.192505E+01  0.205785E+01  0.212839E+01  0.235603E+01
  -657.900  0.122154E+01  0.192706E+01  0.206224E+01  0.213415E+01  0.236671E+01
  -657.800  0.121393E+01  0.192384E+01  0.206103E+01  0.213413E+01  0.237106E+01
  -657.700  0.120392E+01  0.191588E+01  0.205469E+01  0.212879E+01  0.236952E+01
  -657.600  0.119192E+01  0.190370E+01  0.204373E+01  0.211863E+01  0.236258E+01
  -657.500  0.117835E+01  0.188786E+01  0.202873E+01  0.210421E+01  0.235075E+01
  -657.400  0.116367E+01  0.186894E+01  0.201023E+01  0.208610E+01  0.233457E+01
  -657.300  0.114828E+01  0.184749E+01  0.198881E+01  0.206484E+01  0.231457E+01
  -657.200  0.113256E+01  0.182404E+01  0.196498E+01  0.204096E+01  0.229123E+01
  -657.100  0.111685E+01  0.179903E+01  0.193920E+01  0.201491E+01  0.226500E+01
  -657.000  0.110143E+01  0.177289E+01  0.191189E+01  0.198710E+01  0.223625E+01
  -656.900  0.108652E+01  0.174594E+01  0.188337E+01  0.195787E+01  0.220531E+01
  -656.800  0.107228E+01  0.171843E+01  0.185392E+01  0.192748E+01  0.217243E+01
  -656.700  0.105883E+01  0.169058E+01  0.182373E+01  0.189614E+01  0.213781E+01
  -656.600  0.104622E+01  0.166251E+01  0.179295E+01  0.186399E+01  0.210159E+01
  -656.500  0.103447E+01  0.163431E+01  0.176169E+01  0.183114E+01  0.206390E+01
  -656.400  0.102354E+01  0.160604E+01  0.173001E+01  0.179767E+01  0.202482E+01
  -656.300  0.101339E+01  0.157774E+01  0.169797E+01  0.176365E+01  0.198446E+01
  -656.200  0.100395E+01  0.154943E+01  0.166563E+01  0.172914E+01  0.194291E+01
  -656.100  0.995140E+00  0.152115E+01  0.163304E+01  0.169423E+01  0.190032E+01
  -656.000  0.986881E+00  0.149293E+01  0.160029E+01  0.165900E+01  0.185684E+01
  -655.900  0.979093E+00  0.146485E+01  0.156748E+01  0.162359E+01  0.181268E+01
  -655.800  0.971707E+00  0.143699E+01  0.153474E+01  0.158816E+01  0.176809E+01
  -655.700  0.964663E+00  0.140946E+01  0.150224E+01  0.155290E+01  0.172335E+01
  -655.600  0.957915E+00  0.138240E+01  0.147016E+01  0.151801E+01  0.167879E+01
  -655.500  0.951433E+00  0.135596E+01  0.143869E+01  0.148373E+01  0.163473E+01
  -655.400  0.945199E+00  0.133028E+01  0.140806E+01  0.145030E+01  0.159153E+01
  -655.300  0.939206E+00  0.130553E+01  0.137845E+01  0.141794E+01  0.154952E+01
  -655.200  0.933456E+00  0.128185E+01  0.135006E+01  0.138688E+01  0.150901E+01
  -655.100  0.927956E+00  0.125936E+01  0.132305E+01  0.135731E+01  0.147028E+01
  -655.000  0.922714E+00  0.123816E+01  0.129756E+01  0.132935E+01  0.143354E+01
  -654.900  0.917733E+00  0.121831E+01  0.127366E+01  0.130313E+01  0.139896E+01
  -654.800  0.913009E+00  0.119983E+01  0.125139E+01  0.127867E+01  0.136662E+01
  -654.700  0.908529E+00  0.118270E+01  0.123073E+01  0.125598E+01  0.133655E+01
  -654.600  0.904264E+00  0.116685E+01  0.121162E+01  0.123498E+01  0.130870E+01
  -654.500  0.900175E+00  0.115218E+01  0.119394E+01  0.121556E+01  0.128294E+01
  -654.400  0.896209E+00  0.113855E+01  0.117755E+01  0.119757E+01  0.125910E+01
  -654.300  0.892304E+00  0.112580E+01  0.116227E+01  0.118082E+01  0.123698E+01
  -654.200  0.888393E+00  0.111375E+01  0.114790E+01  0.116510E+01  0.121633E+01
  -654.100  0.884408E+00  0.110224E+01  0.113424E+01  0.115019E+01  0.119692E+01
  -654.000  0.880285E+00  0.109109E+01  0.112110E+01  0.113591E+01  0.117848E+01
  -653.900  0.875970E+00  0.108015E+01  0.110831E+01  0.112206E+01  0.116081E+01
  -653.800  0.871423E+00  0.106931E+01  0.109574E+01  0.110849E+01  0.114372E+01
  -653.700  0.866622E+00  0.105848E+01  0.108328E+01  0.109510E+01  0.112705E+01
  -653.600  0.861568E+00  0.104761E+01  0.107087E+01  0.108183E+01  0.111072E+01
  -653.500  0.856282E+00  0.103672E+01  0.105852E+01  0.106865E+01  0.109470E+01
  -653.400  0.850808E+00  0.102582E+01  0.104624E+01  0.105560E+01  0.107898E+01
  -653.300  0.845212E+00  0.101500E+01  0.103411E+01  0.104274E+01  0.106363E+01
  -653.200  0.839579E+00  0.100436E+01  0.102224E+01  0.103018E+01  0.104873E+01
  -653.100  0.834016E+00  0.994016E+00  0.101074E+01  0.101804E+01  0.103442E+01
  -653.000  0.828649E+00  0.984111E+00  0.999753E+00  0.100645E+01  0.102082E+01
  -652.900  0.823624E+00  0.974785E+00  0.989424E+00  0.995569E+00  0.100807E+01
  -652.800  0.819113E+00  0.966181E+00  0.979889E+00  0.985520E+00  0.996296E+00
  -652.700  0.815315E+00  0.958438E+00  0.971280E+00  0.976433E+00  0.985606E+00
  -652.600  0.812460E+00  0.951691E+00  0.963714E+00  0.968420E+00  0.976090E+00
  -652.500  0.810820E+00  0.946070E+00  0.957303E+00  0.961578E+00  0.967814E+00
  -652.400  0.810710E+00  0.941707E+00  0.952147E+00  0.955996E+00  0.960822E+00
  -652.300  0.812494E+00  0.938741E+00  0.948350E+00  0.951756E+00  0.955143E+00
  -652.200  0.816584E+00  0.937324E+00  0.946018E+00  0.948945E+00  0.950799E+00
  -652.100  0.823442E+00  0.937626E+00  0.945273E+00  0.947660E+00  0.947815E+00
  -652.000  0.833571E+00  0.939844E+00  0.946258E+00  0.948016E+00  0.946228E+00
  -651.900  0.847507E+00  0.944203E+00  0.949142E+00  0.950154E+00  0.946094E+00
  -651.800  0.865802E+00  0.950959E+00  0.954125E+00  0.954245E+00  0.947500E+00
  -651.700  0.889004E+00  0.960391E+00  0.961434E+00  0.960489E+00  0.950564E+00
  -651.600  0.917638E+00  0.972800E+00  0.971322E+00  0.969114E+00  0.955441E+00
  -651.500  0.952179E+00  0.988495E+00  0.984060E+00  0.980371E+00  0.962311E+00
  -651.400  0.993027E+00  0.100778E+01  0.999922E+00  0.994518E+00  0.971384E+00
  -651.300  0.104049E+01  0.103095E+01  0.101918E+01  0.101181E+01  0.982880E+00
  -651.200  0.109475E+01  0.105824E+01  0.104208E+01  0.103250E+01  0.997023E+00
  -651.100  0.115587E+01  0.108985E+01  0.106882E+01  0.105679E+01  0.101402E+01
  -651.000  0.122376E+01  0.112592E+01  0.109956E+01  0.108484E+01  0.103406E+01
  -650.900  0.129817E+01  0.116649E+01  0.113438E+01  0.111676E+01  0.105729E+01
  -650.800  0.137873E+01  0.121150E+01  0.117329E+01  0.115256E+01  0.108378E+01
  -650.700  0.146491E+01  0.126082E+01  0.121618E+01  0.119218E+01  0.111355E+01
  -650.600  0.155603E+01  0.131418E+01  0.126288E+01  0.123548E+01  0.114656E+01
  -650.500  0.165130E+01  0.137121E+01  0.131309E+01  0.128219E+01  0.118264E+01
  -650.400  0.174984E+01  0.143146E+01  0.136643E+01  0.133198E+01  0.122160E+01
  -650.300  0.185063E+01  0.149437E+01  0.142243E+01  0.138441E+01  0.126311E+01
  -650.200  0.195261E+01  0.155929E+01  0.148052E+01  0.143898E+01  0.130680E+01
  -650.100  0.205463E+01  0.162551E+01  0.154008E+01  0.149508E+01  0.135222E+01
  -650.000  0.215548E+01  0.169226E+01  0.160043E+01  0.155210E+01  0.139886E+01
  -649.900  0.225394E+01  0.175874E+01  0.166083E+01  0.160933E+01  0.144619E+01
  -649.800  0.234876E+01  0.182411E+01  0.172056E+01  0.166610E+01  0.149364E+01
  -649.700  0.243866E+01  0.188757E+01  0.177887E+01  0.172169E+01  0.154062E+01
  -649.600  0.252244E+01  0.194832E+01  0.183503E+01  0.177543E+01  0.158657E+01
  -649.500  0.259890E+01  0.200559E+01  0.188836E+01  0.182664E+01  0.163093E+01
  -649.400  0.266692E+01  0.205870E+01  0.193821E+01  0.187474E+01  0.167318E+01
  -649.300  0.272549E+01  0.210699E+01  0.198401E+01  0.191915E+01  0.171285E+01
  -649.200  0.277372E+01  0.214991E+01  0.202522E+01  0.195937E+01  0.174949E+01
  -649.100  0.281086E+01  0.218698E+01  0.206141E+01  0.199498E+01  0.178271E+01
  -649.000  0.283633E+01  0.221780E+01  0.209219E+01  0.202560E+01  0.181217E+01
  -648.900  0.284972E+01  0.224203E+01  0.211723E+01  0.205090E+01  0.183753E+01
  -648.800  0.285084E+01  0.225943E+01  0.213627E+01  0.207062E+01  0.185853E+01
  -648.700  0.283967E+01  0.226980E+01  0.214909E+01  0.208452E+01  0.187489E+01
  -648.600  0.281639E+01  0.227303E+01  0.215553E+01  0.209243E+01  0.188638E+01
  -648.500  0.278137E+01  0.226904E+01  0.215546E+01  0.209418E+01  0.189277E+01
  -648.400  0.273514E+01  0.225781E+01  0.214880E+01  0.208965E+01  0.189387E+01
  -648.300  0.267843E+01  0.223938E+01  0.213548E+01  0.207877E+01  0.188951E+01
  -648.200  0.261206E+01  0.221384E+01  0.211553E+01  0.206150E+01  0.187953E+01
  -648.100  0.253701E+01  0.218135E+01  0.208900E+01  0.203784E+01  0.186383E+01
  -648.000  0.245434E+01  0.214213E+01  0.205600E+01  0.200787E+01  0.184239E+01
  -647.900  0.236519E+01  0.209647E+01  0.201673E+01  0.197174E+01  0.181521E+01
  -647.800  0.227075E+01  0.204475E+01  0.197146E+01  0.192967E+01  0.178241E+01
  -647.700  0.217223E+01  0.198742E+01  0.192055E+01  0.188198E+01  0.174416E+01
  -647.600  0.207084E+01  0.192502E+01  0.186445E+01  0.182905E+01  0.170074E+01
  -647.500  0.196776E+01  0.185815E+01  0.180366E+01  0.177137E+01  0.165251E+01
  -647.400  0.186414E+01  0.178748E+01  0.173880E+01  0.170950E+01  0.159992E+01
  -647.300  0.176102E+01  0.171374E+01  0.167051E+01  0.164407E+01  0.154349E+01
  -647.200  0.165941E+01  0.163767E+01  0.159950E+01  0.157575E+01  0.148381E+01
  -647.100  0.156015E+01  0.156006E+01  0.152651E+01  0.150525E+01  0.142148E+01
  -647.000  0.146403E+01  0.148167E+01  0.145229E+01  0.143330E+01  0.135718E+01
  -646.900  0.137167E+01  0.140326E+01  0.137756E+01  0.136063E+01  0.129156E+01
  -646.800  0.128360E+01  0.132553E+01  0.130303E+01  0.128792E+01  0.122528E+01
  -646.700  0.120023E+01  0.124914E+01  0.122937E+01  0.121585E+01  0.115897E+01
  -646.600  0.112184E+01  0.117468E+01  0.115718E+01  0.114503E+01  0.109324E+01
  -646.500  0.104862E+01  0.110266E+01  0.108699E+01  0.107598E+01  0.102861E+01
  -646.400  0.980640E+00  0.103351E+01  0.101926E+01  0.100918E+01  0.965578E+00
  -646.300  0.917914E+00  0.967557E+00  0.954356E+00  0.945008E+00  0.904556E+00
  -646.200  0.860361E+00  0.905056E+00  0.892568E+00  0.883774E+00  0.845886E+00
  -646.100  0.807844E+00  0.846166E+00  0.834092E+00  0.825691E+00  0.789836E+00
  -646.000  0.760169E+00  0.790964E+00  0.779048E+00  0.770899E+00  0.736601E+00
  -645.900  0.717104E+00  0.739454E+00  0.727479E+00  0.719461E+00  0.686304E+00
  -645.800  0.678384E+00  0.691573E+00  0.679359E+00  0.671371E+00  0.639003E+00
  -645.700  0.643722E+00  0.647205E+00  0.634608E+00  0.626568E+00  0.594698E+00
  -645.600  0.612822E+00  0.606190E+00  0.593098E+00  0.584942E+00  0.553338E+00
  -645.500  0.585378E+00  0.568336E+00  0.554668E+00  0.546347E+00  0.514832E+00
  -645.400  0.561093E+00  0.533434E+00  0.519133E+00  0.510613E+00  0.479060E+00
  -645.300  0.539675E+00  0.501267E+00  0.486299E+00  0.477560E+00  0.445881E+00
  -645.200  0.520848E+00  0.471622E+00  0.455970E+00  0.447000E+00  0.415146E+00
  -645.100  0.504354E+00  0.444297E+00  0.427960E+00  0.418756E+00  0.386704E+00
  -645.000  0.489950E+00  0.419105E+00  0.402093E+00  0.392660E+00  0.360408E+00
  -644.900  0.477414E+00  0.395883E+00  0.378216E+00  0.368560E+00  0.336122E+00
  -644.800  0.466537E+00  0.374486E+00  0.356190E+00  0.346324E+00  0.313722E+00
  -644.700  0.457122E+00  0.354790E+00  0.335898E+00  0.325835E+00  0.293096E+00
  -644.600  0.448982E+00  0.336690E+00  0.317236E+00  0.306991E+00  0.274145E+00
  -644.500  0.441931E+00  0.320090E+00  0.300114E+00  0.289704E+00  0.256778E+00
  -644.400  0.435783E+00  0.304905E+00  0.284449E+00  0.273890E+00  0.240913E+00
  -644.300  0.430351E+00  0.291053E+00  0.270162E+00  0.259471E+00  0.226468E+00
  -644.200  0.425444E+00  0.278449E+00  0.257174E+00  0.246369E+00  0.213364E+00
  -644.100  0.420870E+00  0.267011E+00  0.245403E+00  0.234503E+00  0.201521E+00
  -644.000  0.416442E+00  0.256650E+00  0.234765E+00  0.223790E+00  0.190857E+00
  -643.900  0.411983E+00  0.247276E+00  0.225175E+00  0.214146E+00  0.181287E+00
  -643.800  0.407332E+00  0.238800E+00  0.216545E+00  0.205486E+00  0.172730E+00
  -643.700  0.402355E+00  0.231134E+00  0.208792E+00  0.197724E+00  0.165103E+00
  -643.600  0.396954E+00  0.224200E+00  0.201837E+00  0.190785E+00  0.158330E+00
  -643.500  0.391074E+00  0.217929E+00  0.195611E+00  0.184598E+00  0.152342E+00
  -643.400  0.384706E+00  0.212267E+00  0.190055E+00  0.179104E+00  0.147077E+00
  -643.300  0.377894E+00  0.207174E+00  0.185127E+00  0.174258E+00  0.142486E+00
  -643.200  0.370736E+00  0.202630E+00  0.180797E+00  0.170026E+00  0.138528E+00
  -643.100  0.363375E+00  0.198629E+00  0.177049E+00  0.166388E+00  0.135174E+00
  -643.000  0.356000E+00  0.195180E+00  0.173878E+00  0.163336E+00  0.132403E+00
  -642.900  0.348834E+00  0.192303E+00  0.171291E+00  0.160867E+00  0.130198E+00
  -642.800  0.342125E+00  0.190024E+00  0.169297E+00  0.158985E+00  0.128546E+00
  -642.700  0.336135E+00  0.188375E+00  0.167908E+00  0.157695E+00  0.127437E+00
  -642.600  0.331127E+00  0.187384E+00  0.167135E+00  0.156999E+00  0.126853E+00
  -642.500  0.327358E+00  0.187075E+00  0.166983E+00  0.156895E+00  0.126777E+00
  -642.400  0.325064E+00  0.187462E+00  0.167450E+00  0.157373E+00  0.127181E+00
  -642.300  0.324455E+00  0.188551E+00  0.168525E+00  0.158415E+00  0.128034E+00
  -642.200  0.325711E+00  0.190340E+00  0.170189E+00  0.159997E+00  0.129298E+00
  -642.100  0.328974E+00  0.192814E+00  0.172417E+00  0.162087E+00  0.130930E+00
  -642.000  0.334347E+00  0.195954E+00  0.175176E+00  0.164650E+00  0.132888E+00
  -641.900  0.341897E+00  0.199734E+00  0.178436E+00  0.167650E+00  0.135129E+00
  -641.800  0.351654E+00  0.204129E+00  0.182165E+00  0.171056E+00  0.137617E+00
  -641.700  0.363615E+00  0.209119E+00  0.186339E+00  0.174841E+00  0.140324E+00
  -641.600  0.377750E+00  0.214688E+00  0.190943E+00  0.178990E+00  0.143234E+00
  -641.500  0.394003E+00  0.220833E+00  0.195976E+00  0.183502E+00  0.146346E+00
  -641.400  0.412299E+00  0.227560E+00  0.201448E+00  0.188390E+00  0.149675E+00
  -641.300  0.432546E+00  0.234893E+00  0.207389E+00  0.193684E+00  0.153254E+00
  -641.200  0.454638E+00  0.242863E+00  0.213839E+00  0.199429E+00  0.157130E+00
  -641.100  0.478451E+00  0.251515E+00  0.220853E+00  0.205683E+00  0.161367E+00
  -641.000  0.503844E+00  0.260899E+00  0.228492E+00  0.212510E+00  0.166036E+00
  -640.900  0.530652E+00  0.271063E+00  0.236821E+00  0.219982E+00  0.171216E+00
  -640.800  0.558682E+00  0.282050E+00  0.245897E+00  0.228163E+00  0.176985E+00
  -640.700  0.587701E+00  0.293886E+00  0.255770E+00  0.237109E+00  0.183414E+00
  -640.600  0.617439E+00  0.306577E+00  0.266464E+00  0.246856E+00  0.190560E+00
  -640.500  0.647574E+00  0.320096E+00  0.277982E+00  0.257416E+00  0.198460E+00
  -640.400  0.677738E+00  0.334382E+00  0.290289E+00  0.268770E+00  0.207125E+00
  -640.300  0.707518E+00  0.349334E+00  0.303318E+00  0.280861E+00  0.216537E+00
  -640.200  0.736463E+00  0.364811E+00  0.316960E+00  0.293598E+00  0.226642E+00
  -640.100  0.764098E+00  0.380633E+00  0.331068E+00  0.306849E+00  0.237354E+00
  -640.000  0.789941E+00  0.396587E+00  0.345461E+00  0.320449E+00  0.248551E+00
  -639.900  0.813523E+00  0.412429E+00  0.359927E+00  0.334200E+00  0.260078E+00
  -639.800  0.834406E+00  0.427898E+00  0.374229E+00  0.347881E+00  0.271755E+00
  -639.700  0.852205E+00  0.442722E+00  0.388118E+00  0.361250E+00  0.283378E+00
  -639.600  0.866602E+00  0.456626E+00  0.401334E+00  0.374060E+00  0.294728E+00
  -639.500  0.877360E+00  0.469346E+00  0.413620E+00  0.386057E+00  0.305577E+00
  -639.400  0.884322E+00  0.480631E+00  0.424729E+00  0.396998E+00  0.315696E+00
  -639.300  0.887414E+00  0.490253E+00  0.434427E+00  0.406649E+00  0.324861E+00
  -639.200  0.886633E+00  0.498008E+00  0.442504E+00  0.414797E+00  0.332861E+00
  -639.100  0.882037E+00  0.503722E+00  0.448772E+00  0.421252E+00  0.339503E+00
  -639.000  0.873731E+00  0.507251E+00  0.453075E+00  0.425851E+00  0.344619E+00
  -638.900  0.861847E+00  0.508484E+00  0.455285E+00  0.428461E+00  0.348067E+00
  -638.800  0.846538E+00  0.507341E+00  0.455308E+00  0.428984E+00  0.349741E+00
  -638.700  0.827961E+00  0.503773E+00  0.453084E+00  0.427355E+00  0.349566E+00
  -638.600  0.806278E+00  0.497768E+00  0.448590E+00  0.423545E+00  0.347506E+00
  -638.500  0.781654E+00  0.489346E+00  0.441837E+00  0.417563E+00  0.343561E+00
  -638.400  0.754262E+00  0.478567E+00  0.432876E+00  0.409456E+00  0.337769E+00
  -638.300  0.724288E+00  0.465524E+00  0.421793E+00  0.399307E+00  0.330203E+00
  -638.200  0.691947E+00  0.450351E+00  0.408712E+00  0.387234E+00  0.320969E+00
  -638.100  0.657486E+00  0.433217E+00  0.393793E+00  0.373393E+00  0.310203E+00
  -638.000  0.621193E+00  0.414327E+00  0.377225E+00  0.357965E+00  0.298065E+00
  -637.900  0.583400E+00  0.393915E+00  0.359226E+00  0.341159E+00  0.284735E+00
  -637.800  0.544481E+00  0.372245E+00  0.340037E+00  0.323205E+00  0.270409E+00
  -637.700  0.504846E+00  0.349595E+00  0.319913E+00  0.304344E+00  0.255287E+00
  -637.600  0.464929E+00  0.326258E+00  0.299118E+00  0.284827E+00  0.239577E+00
  -637.500  0.425178E+00  0.302529E+00  0.277916E+00  0.264903E+00  0.223481E+00
  -637.400  0.386035E+00  0.278698E+00  0.256569E+00  0.244817E+00  0.207196E+00
  -637.300  0.347922E+00  0.255042E+00  0.235323E+00  0.224800E+00  0.190907E+00
  -637.200  0.311226E+00  0.231821E+00  0.214410E+00  0.205070E+00  0.174787E+00
  -637.100  0.276284E+00  0.209268E+00  0.194039E+00  0.185824E+00  0.158993E+00
  -637.000  0.243377E+00  0.187587E+00  0.174394E+00  0.167234E+00  0.143666E+00
  -636.900  0.212722E+00  0.166950E+00  0.155634E+00  0.149450E+00  0.128927E+00
  -636.800  0.184467E+00  0.147499E+00  0.137888E+00  0.132598E+00  0.114882E+00
  -636.700  0.158697E+00  0.129338E+00  0.121257E+00  0.116775E+00  0.101617E+00
  -636.600  0.135434E+00  0.112543E+00  0.105818E+00  0.102055E+00  0.892018E-01
  -636.500  0.114648E+00  0.971564E-01  0.916163E-01  0.884884E-01  0.776866E-01
  -636.400  0.962596E-01  0.831931E-01  0.786763E-01  0.761011E-01  0.671051E-01
  -636.300  0.801525E-01  0.706420E-01  0.669976E-01  0.648979E-01  0.574738E-01
  -636.200  0.661816E-01  0.594691E-01  0.565591E-01  0.548637E-01  0.487929E-01
  -636.100  0.541810E-01  0.496206E-01  0.473213E-01  0.459656E-01  0.410472E-01
  -636.000  0.439727E-01  0.410263E-01  0.392286E-01  0.381552E-01  0.342076E-01
  -635.900  0.353734E-01  0.336032E-01  0.322125E-01  0.313710E-01  0.282323E-01
  -635.800  0.282002E-01  0.272588E-01  0.261944E-01  0.255412E-01  0.230693E-01
  -635.700  0.222755E-01  0.218943E-01  0.210883E-01  0.205863E-01  0.186584E-01
  -635.600  0.174308E-01  0.174080E-01  0.168042E-01  0.164224E-01  0.149333E-01
  -635.500  0.135095E-01  0.136981E-01  0.132507E-01  0.129631E-01  0.118245E-01
  -635.400  0.103680E-01  0.106651E-01  0.103372E-01  0.101229E-01  0.926088E-02
  -635.300  0.787774E-02  0.821438E-02  0.797671E-02  0.781861E-02  0.717271E-02
  -635.200  0.592470E-02  0.625752E-02  0.608717E-02  0.597178E-02  0.549280E-02
  -635.100  0.440962E-02  0.471375E-02  0.459304E-02  0.450970E-02  0.415825E-02
  -635.000  0.324727E-02  0.351069E-02  0.342613E-02  0.336660E-02  0.311147E-02
  -634.900  0.236558E-02  0.258471E-02  0.252616E-02  0.248409E-02  0.230089E-02
  -634.800  0.170442E-02  0.188087E-02  0.184081E-02  0.181141E-02  0.168131E-02
  -634.700  0.121439E-02  0.135262E-02  0.132554E-02  0.130523E-02  0.121386E-02
  -634.600  0.855486E-03  0.961189E-03  0.943104E-03  0.929225E-03  0.865785E-03
  -634.500  0.595761E-03  0.674848E-03  0.662922E-03  0.653548E-03  0.610005E-03
  -634.400  0.410083E-03  0.468083E-03  0.460317E-03  0.454061E-03  0.424520E-03
  -634.300  0.278967E-03  0.320714E-03  0.315723E-03  0.311596E-03  0.291790E-03
  -634.200  0.187526E-03  0.217047E-03  0.213881E-03  0.211192E-03  0.198070E-03
  -634.100  0.124550E-03  0.145075E-03  0.143094E-03  0.141363E-03  0.132774E-03
  -634.000  0.817254E-04  0.957647E-04  0.945425E-04  0.934416E-04  0.878870E-04
  -633.900  0.529729E-04  0.624255E-04  0.616821E-04  0.609907E-04  0.574425E-04
  -633.800  0.339153E-04  0.401823E-04  0.397367E-04  0.393080E-04  0.370693E-04
  -633.700  0.214459E-04  0.255388E-04  0.252757E-04  0.250132E-04  0.236183E-04
  -633.600  0.133927E-04  0.160264E-04  0.158735E-04  0.157148E-04  0.148565E-04
  -633.500  0.000000E+00  0.000000E+00  0.000000E+00  0.000000E+00  0.000000E+00
  -633.400  0.000000E+00  0.000000E+00  0.000000E+00  0.000000E+00  0.000000E+00
  -633.300  0.000000E+00  0.000000E+00  0.000000E+00  0.000000E+00  0.000000E+00
  -633.200  0.000000E+00  0.000000E+00  0.000000E+00  0.000000E+00  0.000000E+00
  -633.100  0.000000E+00  0.000000E+00  0.000000E+00  0.000000E+00  0.000000E+00
  -633.000  0.000000E+00  0.000000E+00  0.000000E+00  0.000000E+00  0.000000E+00
  -632.900  0.000000E+00  0.000000E+00  0.000000E+00  0.000000E+00  0.000000E+00
  -632.800  0.000000E+00  0.000000E+00  0.000000E+00  0.000000E+00  0.000000E+00
  -632.700  0.000000E+00  0.000000E+00  0.000000E+00  0.000000E+00  0.000000E+00
  -632.600  0.000000E+00  0.000000E+00  0.000000E+00  0.000000E+00  0.000000E+00
  -632.500  0.000000E+00  0.000000E+00  0.000000E+00  0.000000E+00  0.000000E+00
  -632.400  0.000000E+00  0.000000E+00  0.000000E+00  0.000000E+00  0.000000E+00
  -632.300  0.000000E+00  0.000000E+00  0.000000E+00  0.000000E+00  0.000000E+00
  -632.200  0.000000E+00  0.000000E+00  0.000000E+00  0.000000E+00  0.000000E+00
  -632.100  0.000000E+00  0.000000E+00  0.000000E+00  0.000000E+00  0.000000E+00
  -632.000  0.000000E+00  0.000000E+00  0.000000E+00  0.000000E+00  0.000000E+00
  -631.900  0.000000E+00  0.000000E+00  0.000000E+00  0.000000E+00  0.000000E+00
  -631.800  0.000000E+00  0.000000E+00  0.000000E+00  0.000000E+00  0.000000E+00
  -631.700  0.000000E+00  0.000000E+00  0.000000E+00  0.000000E+00  0.000000E+00
  -631.600  0.000000E+00  0.000000E+00  0.000000E+00  0.000000E+00  0.000000E+00
  -631.500  0.000000E+00  0.000000E+00  0.000000E+00  0.000000E+00  0.000000E+00
  -631.400  0.000000E+00  0.000000E+00  0.000000E+00  0.000000E+00  0.000000E+00
  -631.300  0.000000E+00  0.000000E+00  0.000000E+00  0.000000E+00  0.000000E+00
  -631.200  0.000000E+00  0.000000E+00  0.000000E+00  0.000000E+00  0.000000E+00
  -631.100  0.000000E+00  0.000000E+00  0.000000E+00  0.000000E+00  0.000000E+00
  -631.000  0.000000E+00  0.000000E+00  0.000000E+00  0.000000E+00  0.000000E+00
  -630.900  0.000000E+00  0.000000E+00  0.000000E+00  0.000000E+00  0.000000E+00
  -630.800  0.000000E+00  0.000000E+00  0.000000E+00  0.000000E+00  0.000000E+00
  -630.700  0.000000E+00  0.000000E+00  0.000000E+00  0.000000E+00  0.000000E+00
  -630.600  0.000000E+00  0.000000E+00  0.000000E+00  0.000000E+00  0.000000E+00
  -630.500  0.000000E+00  0.000000E+00  0.000000E+00  0.000000E+00  0.000000E+00
  -630.400  0.000000E+00  0.000000E+00  0.000000E+00  0.000000E+00  0.000000E+00
  -630.300  0.000000E+00  0.000000E+00  0.000000E+00  0.000000E+00  0.000000E+00
  -630.200  0.000000E+00  0.000000E+00  0.000000E+00  0.000000E+00  0.000000E+00
  -630.100  0.000000E+00  0.000000E+00  0.000000E+00  0.000000E+00  0.000000E+00
  -630.000  0.000000E+00  0.000000E+00  0.000000E+00  0.000000E+00  0.000000E+00
  -629.900  0.000000E+00  0.000000E+00  0.000000E+00  0.000000E+00  0.000000E+00
  -629.800  0.000000E+00  0.000000E+00  0.000000E+00  0.000000E+00  0.000000E+00
  -629.700  0.000000E+00  0.000000E+00  0.000000E+00  0.000000E+00  0.000000E+00
  -629.600  0.000000E+00  0.000000E+00  0.000000E+00  0.000000E+00  0.000000E+00
  -629.500  0.000000E+00  0.000000E+00  0.000000E+00  0.000000E+00  0.000000E+00
  -629.400  0.000000E+00  0.000000E+00  0.000000E+00  0.000000E+00  0.000000E+00
  -629.300  0.000000E+00  0.000000E+00  0.000000E+00  0.000000E+00  0.000000E+00
  -629.200  0.000000E+00  0.000000E+00  0.000000E+00  0.000000E+00  0.000000E+00
  -629.100  0.000000E+00  0.000000E+00  0.000000E+00  0.000000E+00  0.000000E+00
  -629.000  0.000000E+00  0.000000E+00  0.000000E+00  0.000000E+00  0.000000E+00
  -628.900  0.000000E+00  0.000000E+00  0.000000E+00  0.000000E+00  0.000000E+00
  -628.800  0.000000E+00  0.000000E+00  0.000000E+00  0.000000E+00  0.000000E+00
  -628.700  0.000000E+00  0.000000E+00  0.000000E+00  0.000000E+00  0.000000E+00
  -628.600  0.000000E+00  0.000000E+00  0.000000E+00  0.000000E+00  0.000000E+00
  -628.500  0.000000E+00  0.000000E+00  0.000000E+00  0.000000E+00  0.000000E+00
  -628.400  0.000000E+00  0.000000E+00  0.000000E+00  0.000000E+00  0.000000E+00
  -628.300  0.000000E+00  0.000000E+00  0.000000E+00  0.000000E+00  0.000000E+00
  -628.200  0.000000E+00  0.000000E+00  0.000000E+00  0.000000E+00  0.000000E+00
  -628.100  0.000000E+00  0.000000E+00  0.000000E+00  0.000000E+00  0.000000E+00
  -628.000  0.000000E+00  0.000000E+00  0.000000E+00  0.000000E+00  0.000000E+00
  -627.900  0.000000E+00  0.000000E+00  0.000000E+00  0.000000E+00  0.000000E+00
  -627.800  0.000000E+00  0.000000E+00  0.000000E+00  0.000000E+00  0.000000E+00
  -627.700  0.000000E+00  0.000000E+00  0.000000E+00  0.000000E+00  0.000000E+00
  -627.600  0.000000E+00  0.000000E+00  0.000000E+00  0.000000E+00  0.000000E+00
  -627.500  0.000000E+00  0.000000E+00  0.000000E+00  0.000000E+00  0.000000E+00
  -627.400  0.000000E+00  0.000000E+00  0.000000E+00  0.000000E+00  0.000000E+00
  -627.300  0.000000E+00  0.000000E+00  0.000000E+00  0.000000E+00  0.000000E+00
  -627.200  0.000000E+00  0.000000E+00  0.000000E+00  0.000000E+00  0.000000E+00
  -627.100  0.000000E+00  0.000000E+00  0.000000E+00  0.000000E+00  0.000000E+00
  -627.000  0.000000E+00  0.000000E+00  0.000000E+00  0.000000E+00  0.000000E+00
  -626.900  0.000000E+00  0.000000E+00  0.000000E+00  0.000000E+00  0.000000E+00
  -626.800  0.000000E+00  0.000000E+00  0.000000E+00  0.000000E+00  0.000000E+00
  -626.700  0.000000E+00  0.000000E+00  0.000000E+00  0.000000E+00  0.000000E+00
  -626.600  0.000000E+00  0.000000E+00  0.000000E+00  0.000000E+00  0.000000E+00
  -626.500  0.000000E+00  0.000000E+00  0.000000E+00  0.000000E+00  0.000000E+00
  -626.400  0.000000E+00  0.000000E+00  0.000000E+00  0.000000E+00  0.000000E+00
  -626.300  0.000000E+00  0.000000E+00  0.000000E+00  0.000000E+00  0.000000E+00
  -626.200  0.000000E+00  0.000000E+00  0.000000E+00  0.000000E+00  0.000000E+00
  -626.100  0.000000E+00  0.000000E+00  0.000000E+00  0.000000E+00  0.000000E+00
  -626.000  0.000000E+00  0.000000E+00  0.000000E+00  0.000000E+00  0.000000E+00
  -625.900  0.000000E+00  0.000000E+00  0.000000E+00  0.000000E+00  0.000000E+00
  -625.800  0.000000E+00  0.000000E+00  0.000000E+00  0.000000E+00  0.000000E+00
  -625.700  0.000000E+00  0.000000E+00  0.000000E+00  0.000000E+00  0.000000E+00
  -625.600  0.000000E+00  0.000000E+00  0.000000E+00  0.000000E+00  0.000000E+00
  -625.500  0.000000E+00  0.000000E+00  0.000000E+00  0.000000E+00  0.000000E+00
  -625.400  0.000000E+00  0.000000E+00  0.000000E+00  0.000000E+00  0.000000E+00
  -625.300  0.000000E+00  0.000000E+00  0.000000E+00  0.000000E+00  0.000000E+00
  -625.200  0.000000E+00  0.000000E+00  0.000000E+00  0.000000E+00  0.000000E+00
  -625.100  0.000000E+00  0.000000E+00  0.000000E+00  0.000000E+00  0.000000E+00
  -625.000  0.000000E+00  0.000000E+00  0.000000E+00  0.000000E+00  0.000000E+00
  -624.900  0.000000E+00  0.000000E+00  0.000000E+00  0.000000E+00  0.000000E+00
  -624.800  0.000000E+00  0.000000E+00  0.000000E+00  0.000000E+00  0.000000E+00
  -624.700  0.000000E+00  0.000000E+00  0.000000E+00  0.000000E+00  0.000000E+00
  -624.600  0.000000E+00  0.000000E+00  0.000000E+00  0.000000E+00  0.000000E+00
  -624.500  0.000000E+00  0.000000E+00  0.000000E+00  0.000000E+00  0.000000E+00
  -624.400  0.000000E+00  0.000000E+00  0.000000E+00  0.000000E+00  0.000000E+00
  -624.300  0.000000E+00  0.000000E+00  0.000000E+00  0.000000E+00  0.000000E+00
  -624.200  0.000000E+00  0.000000E+00  0.000000E+00  0.000000E+00  0.000000E+00
  -624.100  0.000000E+00  0.000000E+00  0.000000E+00  0.000000E+00  0.000000E+00
  -624.000  0.000000E+00  0.000000E+00  0.000000E+00  0.000000E+00  0.000000E+00
  -623.900  0.000000E+00  0.000000E+00  0.000000E+00  0.000000E+00  0.000000E+00
  -623.800  0.000000E+00  0.000000E+00  0.000000E+00  0.000000E+00  0.000000E+00
  -623.700  0.000000E+00  0.000000E+00  0.000000E+00  0.000000E+00  0.000000E+00
  -623.600  0.000000E+00  0.000000E+00  0.000000E+00  0.000000E+00  0.000000E+00
  -623.500  0.000000E+00  0.000000E+00  0.000000E+00  0.000000E+00  0.000000E+00
  -623.400  0.000000E+00  0.000000E+00  0.000000E+00  0.000000E+00  0.000000E+00
  -623.300  0.000000E+00  0.000000E+00  0.000000E+00  0.000000E+00  0.000000E+00
  -623.200  0.000000E+00  0.000000E+00  0.000000E+00  0.000000E+00  0.000000E+00
  -623.100  0.000000E+00  0.000000E+00  0.000000E+00  0.000000E+00  0.000000E+00
  -623.000  0.000000E+00  0.000000E+00  0.000000E+00  0.000000E+00  0.000000E+00
  -622.900  0.000000E+00  0.000000E+00  0.000000E+00  0.000000E+00  0.000000E+00
  -622.800  0.000000E+00  0.000000E+00  0.000000E+00  0.000000E+00  0.000000E+00
  -622.700  0.000000E+00  0.000000E+00  0.000000E+00  0.000000E+00  0.000000E+00
  -622.600  0.000000E+00  0.000000E+00  0.000000E+00  0.000000E+00  0.000000E+00
  -622.500  0.000000E+00  0.000000E+00  0.000000E+00  0.000000E+00  0.000000E+00
  -622.400  0.000000E+00  0.000000E+00  0.000000E+00  0.000000E+00  0.000000E+00
  -622.300  0.000000E+00  0.000000E+00  0.000000E+00  0.000000E+00  0.000000E+00
  -622.200  0.000000E+00  0.000000E+00  0.000000E+00  0.000000E+00  0.000000E+00
  -622.100  0.000000E+00  0.000000E+00  0.000000E+00  0.000000E+00  0.000000E+00
  -622.000  0.000000E+00  0.000000E+00  0.000000E+00  0.000000E+00  0.000000E+00
  -621.900  0.000000E+00  0.000000E+00  0.000000E+00  0.000000E+00  0.000000E+00
  -621.800  0.000000E+00  0.000000E+00  0.000000E+00  0.000000E+00  0.000000E+00
  -621.700  0.000000E+00  0.000000E+00  0.000000E+00  0.000000E+00  0.000000E+00
  -621.600  0.000000E+00  0.000000E+00  0.000000E+00  0.000000E+00  0.000000E+00
  -621.500  0.000000E+00  0.000000E+00  0.000000E+00  0.000000E+00  0.000000E+00
  -621.400  0.000000E+00  0.000000E+00  0.000000E+00  0.000000E+00  0.000000E+00
  -621.300  0.000000E+00  0.000000E+00  0.000000E+00  0.000000E+00  0.000000E+00
  -621.200  0.000000E+00  0.000000E+00  0.000000E+00  0.000000E+00  0.000000E+00
  -621.100  0.000000E+00  0.000000E+00  0.000000E+00  0.000000E+00  0.000000E+00
  -621.000  0.000000E+00  0.000000E+00  0.000000E+00  0.000000E+00  0.000000E+00
  -620.900  0.000000E+00  0.000000E+00  0.000000E+00  0.000000E+00  0.000000E+00
  -620.800  0.000000E+00  0.000000E+00  0.000000E+00  0.000000E+00  0.000000E+00
  -620.700  0.000000E+00  0.000000E+00  0.000000E+00  0.000000E+00  0.000000E+00
  -620.600  0.000000E+00  0.000000E+00  0.000000E+00  0.000000E+00  0.000000E+00
  -620.500  0.000000E+00  0.000000E+00  0.000000E+00  0.000000E+00  0.000000E+00
  -620.400  0.000000E+00  0.000000E+00  0.000000E+00  0.000000E+00  0.000000E+00
  -620.300  0.000000E+00  0.000000E+00  0.000000E+00  0.000000E+00  0.000000E+00
  -620.200  0.000000E+00  0.000000E+00  0.000000E+00  0.000000E+00  0.000000E+00
  -620.100  0.000000E+00  0.000000E+00  0.000000E+00  0.000000E+00  0.000000E+00
  -620.000  0.000000E+00  0.000000E+00  0.000000E+00  0.000000E+00  0.000000E+00
