   x           300.0          873.0         1273.0         1673.0      Infinity
  -680.000  0.000000E+00  0.000000E+00  0.000000E+00  0.000000E+00  0.000000E+00
  -679.900  0.000000E+00  0.000000E+00  0.000000E+00  0.000000E+00  0.000000E+00
  -679.800  0.000000E+00  0.000000E+00  0.000000E+00  0.000000E+00  0.000000E+00
  -679.700  0.000000E+00  0.000000E+00  0.000000E+00  0.000000E+00  0.000000E+00
  -679.600  0.000000E+00  0.000000E+00  0.000000E+00  0.000000E+00  0.000000E+00
  -679.500  0.000000E+00  0.000000E+00  0.000000E+00  0.000000E+00  0.000000E+00
  -679.400  0.000000E+00  0.000000E+00  0.000000E+00  0.000000E+00  0.000000E+00
  -679.300  0.000000E+00  0.000000E+00  0.000000E+00  0.000000E+00  0.000000E+00
  -679.200  0.000000E+00  0.000000E+00  0.000000E+00  0.000000E+00  0.000000E+00
  -679.100  0.000000E+00  0.000000E+00  0.000000E+00  0.000000E+00  0.000000E+00
  -679.000  0.000000E+00  0.000000E+00  0.000000E+00  0.000000E+00  0.000000E+00
  -678.900  0.000000E+00  0.000000E+00  0.000000E+00  0.000000E+00  0.000000E+00
  -678.800  0.000000E+00  0.000000E+00  0.000000E+00  0.000000E+00  0.000000E+00
  -678.700  0.000000E+00  0.000000E+00  0.000000E+00  0.000000E+00  0.000000E+00
  -678.600  0.000000E+00  0.000000E+00  0.000000E+00  0.000000E+00  0.000000E+00
  -678.500  0.000000E+00  0.000000E+00  0.000000E+00  0.000000E+00  0.000000E+00
  -678.400  0.000000E+00  0.000000E+00  0.000000E+00  0.000000E+00  0.000000E+00
  -678.300  0.000000E+00  0.000000E+00  0.000000E+00  0.000000E+00  0.000000E+00
  -678.200  0.000000E+00  0.000000E+00  0.000000E+00  0.000000E+00  0.000000E+00
  -678.100  0.000000E+00  0.000000E+00  0.000000E+00  0.000000E+00  0.000000E+00
  -678.000  0.000000E+00  0.000000E+00  0.000000E+00  0.000000E+00  0.000000E+00
  -677.900  0.000000E+00  0.000000E+00  0.000000E+00  0.000000E+00  0.000000E+00
  -677.800  0.000000E+00  0.000000E+00  0.000000E+00  0.000000E+00  0.000000E+00
  -677.700  0.000000E+00  0.000000E+00  0.000000E+00  0.000000E+00  0.000000E+00
  -677.600  0.000000E+00  0.000000E+00  0.000000E+00  0.000000E+00  0.000000E+00
  -677.500  0.000000E+00  0.000000E+00  0.000000E+00  0.000000E+00  0.000000E+00
  -677.400  0.000000E+00  0.000000E+00  0.000000E+00  0.000000E+00  0.000000E+00
  -677.300  0.000000E+00  0.000000E+00  0.000000E+00  0.000000E+00  0.000000E+00
  -677.200  0.000000E+00  0.000000E+00  0.000000E+00  0.000000E+00  0.000000E+00
  -677.100  0.000000E+00  0.000000E+00  0.000000E+00  0.000000E+00  0.000000E+00
  -677.000  0.000000E+00  0.000000E+00  0.000000E+00  0.000000E+00  0.000000E+00
  -676.900  0.000000E+00  0.000000E+00  0.000000E+00  0.000000E+00  0.000000E+00
  -676.800  0.000000E+00  0.000000E+00  0.000000E+00  0.000000E+00  0.000000E+00
  -676.700  0.000000E+00  0.000000E+00  0.000000E+00  0.000000E+00  0.000000E+00
  -676.600  0.000000E+00  0.000000E+00  0.000000E+00  0.000000E+00  0.000000E+00
  -676.500  0.000000E+00  0.000000E+00  0.000000E+00  0.000000E+00  0.000000E+00
  -676.400  0.000000E+00  0.000000E+00  0.000000E+00  0.000000E+00  0.000000E+00
  -676.300  0.000000E+00  0.000000E+00  0.000000E+00  0.000000E+00  0.000000E+00
  -676.200  0.000000E+00  0.000000E+00  0.000000E+00  0.000000E+00  0.000000E+00
  -676.100  0.000000E+00  0.000000E+00  0.000000E+00  0.000000E+00  0.000000E+00
  -676.000  0.000000E+00  0.000000E+00  0.000000E+00  0.000000E+00  0.000000E+00
  -675.900  0.000000E+00  0.000000E+00  0.000000E+00  0.000000E+00  0.000000E+00
  -675.800  0.000000E+00  0.000000E+00  0.000000E+00  0.000000E+00  0.000000E+00
  -675.700  0.000000E+00  0.000000E+00  0.000000E+00  0.000000E+00  0.000000E+00
  -675.600  0.000000E+00  0.000000E+00  0.000000E+00  0.000000E+00  0.000000E+00
  -675.500  0.000000E+00  0.000000E+00  0.000000E+00  0.000000E+00  0.000000E+00
  -675.400  0.000000E+00  0.000000E+00  0.000000E+00  0.000000E+00  0.000000E+00
  -675.300  0.000000E+00  0.000000E+00  0.000000E+00  0.000000E+00  0.000000E+00
  -675.200  0.000000E+00  0.000000E+00  0.000000E+00  0.000000E+00  0.000000E+00
  -675.100  0.000000E+00  0.000000E+00  0.000000E+00  0.000000E+00  0.000000E+00
  -675.000  0.000000E+00  0.000000E+00  0.000000E+00  0.000000E+00  0.000000E+00
  -674.900  0.000000E+00  0.000000E+00  0.000000E+00  0.000000E+00  0.000000E+00
  -674.800  0.000000E+00  0.000000E+00  0.000000E+00  0.000000E+00  0.000000E+00
  -674.700  0.000000E+00  0.000000E+00  0.000000E+00  0.000000E+00  0.000000E+00
  -674.600  0.000000E+00  0.000000E+00  0.000000E+00  0.000000E+00  0.000000E+00
  -674.500  0.000000E+00  0.000000E+00  0.000000E+00  0.000000E+00  0.000000E+00
  -674.400  0.000000E+00  0.000000E+00  0.000000E+00  0.000000E+00  0.000000E+00
  -674.300  0.000000E+00  0.000000E+00  0.000000E+00  0.000000E+00  0.000000E+00
  -674.200  0.000000E+00  0.000000E+00  0.000000E+00  0.000000E+00  0.000000E+00
  -674.100  0.000000E+00  0.000000E+00  0.000000E+00  0.000000E+00  0.000000E+00
  -674.000  0.000000E+00  0.000000E+00  0.000000E+00  0.000000E+00  0.000000E+00
  -673.900  0.000000E+00  0.000000E+00  0.000000E+00  0.000000E+00  0.000000E+00
  -673.800  0.000000E+00  0.000000E+00  0.000000E+00  0.000000E+00  0.000000E+00
  -673.700  0.000000E+00  0.000000E+00  0.000000E+00  0.000000E+00  0.000000E+00
  -673.600  0.000000E+00  0.000000E+00  0.000000E+00  0.000000E+00  0.000000E+00
  -673.500  0.000000E+00  0.000000E+00  0.000000E+00  0.000000E+00  0.000000E+00
  -673.400  0.000000E+00  0.000000E+00  0.000000E+00  0.000000E+00  0.000000E+00
  -673.300  0.000000E+00  0.000000E+00  0.000000E+00  0.000000E+00  0.000000E+00
  -673.200  0.000000E+00  0.000000E+00  0.000000E+00  0.000000E+00  0.000000E+00
  -673.100  0.000000E+00  0.000000E+00  0.000000E+00  0.000000E+00  0.000000E+00
  -673.000  0.000000E+00  0.000000E+00  0.000000E+00  0.000000E+00  0.000000E+00
  -672.900  0.000000E+00  0.000000E+00  0.000000E+00  0.000000E+00  0.000000E+00
  -672.800  0.000000E+00  0.000000E+00  0.000000E+00  0.000000E+00  0.000000E+00
  -672.700  0.000000E+00  0.000000E+00  0.000000E+00  0.000000E+00  0.000000E+00
  -672.600  0.000000E+00  0.000000E+00  0.000000E+00  0.000000E+00  0.000000E+00
  -672.500  0.000000E+00  0.000000E+00  0.000000E+00  0.000000E+00  0.000000E+00
  -672.400  0.000000E+00  0.000000E+00  0.000000E+00  0.000000E+00  0.000000E+00
  -672.300  0.000000E+00  0.000000E+00  0.000000E+00  0.000000E+00  0.000000E+00
  -672.200  0.000000E+00  0.000000E+00  0.000000E+00  0.000000E+00  0.000000E+00
  -672.100  0.000000E+00  0.000000E+00  0.000000E+00  0.000000E+00  0.000000E+00
  -672.000  0.000000E+00  0.000000E+00  0.000000E+00  0.000000E+00  0.000000E+00
  -671.900  0.000000E+00  0.000000E+00  0.000000E+00  0.000000E+00  0.000000E+00
  -671.800  0.000000E+00  0.000000E+00  0.000000E+00  0.000000E+00  0.000000E+00
  -671.700  0.000000E+00  0.000000E+00  0.000000E+00  0.000000E+00  0.000000E+00
  -671.600  0.000000E+00  0.000000E+00  0.000000E+00  0.000000E+00  0.000000E+00
  -671.500  0.000000E+00  0.000000E+00  0.000000E+00  0.000000E+00  0.000000E+00
  -671.400  0.000000E+00  0.000000E+00  0.000000E+00  0.000000E+00  0.000000E+00
  -671.300  0.000000E+00  0.000000E+00  0.000000E+00  0.000000E+00  0.000000E+00
  -671.200  0.000000E+00  0.000000E+00  0.000000E+00  0.000000E+00  0.000000E+00
  -671.100  0.000000E+00  0.000000E+00  0.000000E+00  0.000000E+00  0.000000E+00
  -671.000  0.000000E+00  0.000000E+00  0.000000E+00  0.000000E+00  0.000000E+00
  -670.900  0.000000E+00  0.000000E+00  0.000000E+00  0.000000E+00  0.000000E+00
  -670.800  0.000000E+00  0.000000E+00  0.000000E+00  0.000000E+00  0.000000E+00
  -670.700  0.000000E+00  0.000000E+00  0.000000E+00  0.000000E+00  0.000000E+00
  -670.600  0.000000E+00  0.000000E+00  0.000000E+00  0.000000E+00  0.000000E+00
  -670.500  0.000000E+00  0.000000E+00  0.000000E+00  0.000000E+00  0.000000E+00
  -670.400  0.000000E+00  0.000000E+00  0.000000E+00  0.000000E+00  0.000000E+00
  -670.300  0.000000E+00  0.000000E+00  0.000000E+00  0.000000E+00  0.000000E+00
  -670.200  0.000000E+00  0.000000E+00  0.000000E+00  0.000000E+00  0.000000E+00
  -670.100  0.000000E+00  0.000000E+00  0.000000E+00  0.000000E+00  0.000000E+00
  -670.000  0.000000E+00  0.000000E+00  0.000000E+00  0.000000E+00  0.000000E+00
  -669.900  0.000000E+00  0.000000E+00  0.000000E+00  0.000000E+00  0.000000E+00
  -669.800  0.000000E+00  0.000000E+00  0.000000E+00  0.000000E+00  0.000000E+00
  -669.700  0.000000E+00  0.000000E+00  0.000000E+00  0.000000E+00  0.000000E+00
  -669.600  0.000000E+00  0.000000E+00  0.000000E+00  0.000000E+00  0.000000E+00
  -669.500  0.000000E+00  0.000000E+00  0.000000E+00  0.000000E+00  0.000000E+00
  -669.400  0.000000E+00  0.000000E+00  0.000000E+00  0.000000E+00  0.000000E+00
  -669.300  0.000000E+00  0.000000E+00  0.000000E+00  0.000000E+00  0.000000E+00
  -669.200  0.000000E+00  0.000000E+00  0.000000E+00  0.000000E+00  0.000000E+00
  -669.100  0.000000E+00  0.000000E+00  0.000000E+00  0.000000E+00  0.000000E+00
  -669.000  0.000000E+00  0.000000E+00  0.000000E+00  0.000000E+00  0.000000E+00
  -668.900  0.000000E+00  0.000000E+00  0.000000E+00  0.000000E+00  0.000000E+00
  -668.800  0.000000E+00  0.000000E+00  0.000000E+00  0.000000E+00  0.000000E+00
  -668.700  0.000000E+00  0.000000E+00  0.000000E+00  0.000000E+00  0.000000E+00
  -668.600  0.000000E+00  0.000000E+00  0.000000E+00  0.000000E+00  0.000000E+00
  -668.500  0.000000E+00  0.000000E+00  0.000000E+00  0.000000E+00  0.000000E+00
  -668.400  0.000000E+00  0.000000E+00  0.000000E+00  0.000000E+00  0.000000E+00
  -668.300  0.000000E+00  0.000000E+00  0.000000E+00  0.000000E+00  0.000000E+00
  -668.200  0.000000E+00  0.000000E+00  0.000000E+00  0.000000E+00  0.000000E+00
  -668.100  0.000000E+00  0.000000E+00  0.000000E+00  0.000000E+00  0.000000E+00
  -668.000  0.000000E+00  0.000000E+00  0.000000E+00  0.000000E+00  0.000000E+00
  -667.900  0.000000E+00  0.000000E+00  0.000000E+00  0.000000E+00  0.000000E+00
  -667.800  0.000000E+00  0.000000E+00  0.000000E+00  0.000000E+00  0.000000E+00
  -667.700  0.000000E+00  0.000000E+00  0.000000E+00  0.000000E+00  0.000000E+00
  -667.600  0.000000E+00  0.000000E+00  0.000000E+00  0.000000E+00  0.000000E+00
  -667.500  0.000000E+00  0.000000E+00  0.000000E+00  0.000000E+00  0.000000E+00
  -667.400  0.000000E+00  0.000000E+00  0.000000E+00  0.000000E+00  0.000000E+00
  -667.300  0.000000E+00  0.000000E+00  0.000000E+00  0.000000E+00  0.000000E+00
  -667.200  0.000000E+00  0.000000E+00  0.000000E+00  0.000000E+00  0.000000E+00
  -667.100  0.000000E+00  0.000000E+00  0.000000E+00  0.000000E+00  0.000000E+00
  -667.000  0.000000E+00  0.000000E+00  0.000000E+00  0.000000E+00  0.000000E+00
  -666.900  0.000000E+00  0.000000E+00  0.000000E+00  0.000000E+00  0.000000E+00
  -666.800  0.000000E+00  0.000000E+00  0.000000E+00  0.000000E+00  0.000000E+00
  -666.700  0.000000E+00  0.000000E+00  0.000000E+00  0.000000E+00  0.000000E+00
  -666.600  0.000000E+00  0.000000E+00  0.000000E+00  0.000000E+00  0.000000E+00
  -666.500  0.000000E+00  0.000000E+00  0.000000E+00  0.000000E+00  0.000000E+00
  -666.400  0.000000E+00  0.000000E+00  0.000000E+00  0.000000E+00  0.000000E+00
  -666.300  0.000000E+00  0.000000E+00  0.000000E+00  0.000000E+00  0.000000E+00
  -666.200  0.000000E+00  0.000000E+00  0.000000E+00  0.000000E+00  0.000000E+00
  -666.100  0.000000E+00  0.000000E+00  0.000000E+00  0.000000E+00  0.000000E+00
  -666.000  0.000000E+00  0.000000E+00  0.000000E+00  0.000000E+00  0.000000E+00
  -665.900  0.000000E+00  0.000000E+00  0.000000E+00  0.000000E+00  0.000000E+00
  -665.800  0.000000E+00  0.000000E+00  0.000000E+00  0.000000E+00  0.000000E+00
  -665.700  0.000000E+00  0.000000E+00  0.000000E+00  0.000000E+00  0.000000E+00
  -665.600  0.000000E+00  0.000000E+00  0.000000E+00  0.000000E+00  0.000000E+00
  -665.500  0.000000E+00  0.000000E+00  0.000000E+00  0.000000E+00  0.000000E+00
  -665.400  0.000000E+00  0.000000E+00  0.000000E+00  0.000000E+00  0.000000E+00
  -665.300  0.000000E+00  0.000000E+00  0.000000E+00  0.000000E+00  0.000000E+00
  -665.200  0.000000E+00  0.000000E+00  0.000000E+00  0.000000E+00  0.000000E+00
  -665.100  0.000000E+00  0.000000E+00  0.000000E+00  0.000000E+00  0.000000E+00
  -665.000  0.000000E+00  0.000000E+00  0.000000E+00  0.000000E+00  0.000000E+00
  -664.900  0.151398E-04  0.000000E+00  0.000000E+00  0.000000E+00  0.000000E+00
  -664.800  0.201580E-04  0.000000E+00  0.000000E+00  0.000000E+00  0.000000E+00
  -664.700  0.265963E-04  0.000000E+00  0.000000E+00  0.000000E+00  0.000000E+00
  -664.600  0.347790E-04  0.000000E+00  0.000000E+00  0.000000E+00  0.000000E+00
  -664.500  0.450850E-04  0.000000E+00  0.000000E+00  0.000000E+00  0.000000E+00
  -664.400  0.579533E-04  0.000000E+00  0.000000E+00  0.000000E+00  0.000000E+00
  -664.300  0.738913E-04  0.000000E+00  0.000000E+00  0.000000E+00  0.000000E+00
  -664.200  0.934834E-04  0.160596E-04  0.000000E+00  0.000000E+00  0.000000E+00
  -664.100  0.117403E-03  0.210244E-04  0.162176E-04  0.142154E-04  0.000000E+00
  -664.000  0.146429E-03  0.274252E-04  0.213777E-04  0.188493E-04  0.000000E+00
  -663.900  0.181464E-03  0.356734E-04  0.281214E-04  0.249517E-04  0.174123E-04
  -663.800  0.223561E-03  0.463032E-04  0.369396E-04  0.329943E-04  0.235564E-04
  -663.700  0.273955E-03  0.600069E-04  0.484779E-04  0.436013E-04  0.318677E-04
  -663.600  0.334101E-03  0.776790E-04  0.635809E-04  0.575945E-04  0.431057E-04
  -663.500  0.405716E-03  0.100470E-03  0.833472E-04  0.760487E-04  0.582800E-04
  -663.400  0.490825E-03  0.129846E-03  0.109193E-03  0.100357E-03  0.787191E-04
  -663.300  0.591812E-03  0.167664E-03  0.142929E-03  0.132309E-03  0.106153E-03
  -663.200  0.711471E-03  0.216247E-03  0.186841E-03  0.174175E-03  0.142808E-03
  -663.100  0.853051E-03  0.278475E-03  0.243790E-03  0.228808E-03  0.191518E-03
  -663.000  0.102029E-02  0.357873E-03  0.317308E-03  0.299745E-03  0.255843E-03
  -662.900  0.121748E-02  0.458709E-03  0.411708E-03  0.391327E-03  0.340208E-03
  -662.800  0.144942E-02  0.586090E-03  0.532196E-03  0.508815E-03  0.450052E-03
  -662.700  0.172153E-02  0.746063E-03  0.684991E-03  0.658518E-03  0.591991E-03
  -662.600  0.203981E-02  0.945719E-03  0.877445E-03  0.847934E-03  0.774001E-03
  -662.500  0.241084E-02  0.119330E-02  0.111819E-02  0.108590E-02  0.100562E-02
  -662.400  0.284191E-02  0.149834E-02  0.141727E-02  0.138276E-02  0.129821E-02
  -662.300  0.334101E-02  0.187181E-02  0.178637E-02  0.175059E-02  0.166522E-02
  -662.200  0.391700E-02  0.232632E-02  0.223902E-02  0.220343E-02  0.212254E-02
  -662.100  0.457979E-02  0.287639E-02  0.279091E-02  0.275765E-02  0.268897E-02
  -662.000  0.534064E-02  0.353881E-02  0.346029E-02  0.343236E-02  0.338671E-02
  -661.900  0.621253E-02  0.433311E-02  0.426850E-02  0.424992E-02  0.424207E-02
  -661.800  0.721069E-02  0.528211E-02  0.524055E-02  0.523663E-02  0.528620E-02
  -661.700  0.835318E-02  0.641268E-02  0.640590E-02  0.642353E-02  0.655603E-02
  -661.600  0.966166E-02  0.775655E-02  0.779936E-02  0.784723E-02  0.809520E-02
  -661.500  0.111622E-01  0.935129E-02  0.946205E-02  0.955098E-02  0.995516E-02
  -661.400  0.128860E-01  0.112413E-01  0.114424E-01  0.115857E-01  0.121962E-01
  -661.300  0.148704E-01  0.134789E-01  0.137972E-01  0.140107E-01  0.148881E-01
  -661.200  0.171599E-01  0.161252E-01  0.165925E-01  0.168951E-01  0.181114E-01
  -661.100  0.198062E-01  0.192508E-01  0.199042E-01  0.203180E-01  0.219570E-01
  -661.000  0.228692E-01  0.229367E-01  0.238187E-01  0.243689E-01  0.265267E-01
  -660.900  0.264171E-01  0.272740E-01  0.284326E-01  0.291476E-01  0.319323E-01
  -660.800  0.305263E-01  0.323640E-01  0.338525E-01  0.347637E-01  0.382943E-01
  -660.700  0.352803E-01  0.383173E-01  0.401938E-01  0.413353E-01  0.457401E-01
  -660.600  0.407696E-01  0.452522E-01  0.475791E-01  0.489872E-01  0.544017E-01
  -660.500  0.470891E-01  0.532930E-01  0.561358E-01  0.578484E-01  0.644120E-01
  -660.400  0.543366E-01  0.625668E-01  0.659935E-01  0.680491E-01  0.759017E-01
  -660.300  0.626096E-01  0.732006E-01  0.772799E-01  0.797168E-01  0.889947E-01
  -660.200  0.720019E-01  0.853167E-01  0.901166E-01  0.929722E-01  0.103804E+00
  -660.100  0.825995E-01  0.990276E-01  0.104614E+00  0.107924E+00  0.120425E+00
  -660.000  0.944750E-01  0.114430E+00  0.120866E+00  0.124662E+00  0.138932E+00
  -659.900  0.107683E+00  0.131600E+00  0.138943E+00  0.143253E+00  0.159373E+00
  -659.800  0.122252E+00  0.150581E+00  0.158883E+00  0.163731E+00  0.181759E+00
  -659.700  0.138180E+00  0.171381E+00  0.180689E+00  0.186093E+00  0.206063E+00
  -659.600  0.155426E+00  0.193962E+00  0.204312E+00  0.210287E+00  0.232209E+00
  -659.500  0.173904E+00  0.218228E+00  0.229652E+00  0.236206E+00  0.260066E+00
  -659.400  0.193475E+00  0.244025E+00  0.256545E+00  0.263681E+00  0.289442E+00
  -659.300  0.213948E+00  0.271128E+00  0.284758E+00  0.292474E+00  0.320080E+00
  -659.200  0.235072E+00  0.299241E+00  0.313986E+00  0.322276E+00  0.351652E+00
  -659.100  0.256541E+00  0.327992E+00  0.343852E+00  0.352703E+00  0.383763E+00
  -659.000  0.277996E+00  0.356945E+00  0.373906E+00  0.383305E+00  0.415949E+00
  -658.900  0.299035E+00  0.385599E+00  0.403642E+00  0.413568E+00  0.447691E+00
  -658.800  0.319224E+00  0.413410E+00  0.432504E+00  0.442936E+00  0.478425E+00
  -658.700  0.338115E+00  0.439806E+00  0.459910E+00  0.470821E+00  0.507561E+00
  -658.600  0.355264E+00  0.464211E+00  0.485274E+00  0.496634E+00  0.534510E+00
  -658.500  0.370256E+00  0.486073E+00  0.508034E+00  0.519809E+00  0.558705E+00
  -658.400  0.382723E+00  0.504892E+00  0.527680E+00  0.539835E+00  0.579635E+00
  -658.300  0.392370E+00  0.520251E+00  0.543785E+00  0.556280E+00  0.596872E+00
  -658.200  0.398992E+00  0.531837E+00  0.556028E+00  0.568821E+00  0.610096E+00
  -658.100  0.402486E+00  0.539464E+00  0.564217E+00  0.577266E+00  0.619116E+00
  -658.000  0.402865E+00  0.543087E+00  0.568304E+00  0.581564E+00  0.623887E+00
  -657.900  0.400257E+00  0.542808E+00  0.568386E+00  0.581813E+00  0.624513E+00
  -657.800  0.394898E+00  0.538867E+00  0.564707E+00  0.578257E+00  0.621241E+00
  -657.700  0.387123E+00  0.531635E+00  0.557640E+00  0.571270E+00  0.614452E+00
  -657.600  0.377347E+00  0.521590E+00  0.547667E+00  0.561339E+00  0.604635E+00
  -657.500  0.366040E+00  0.509288E+00  0.535351E+00  0.549027E+00  0.592360E+00
  -657.400  0.353704E+00  0.495334E+00  0.521305E+00  0.534949E+00  0.578242E+00
  -657.300  0.340844E+00  0.480344E+00  0.506151E+00  0.519731E+00  0.562909E+00
  -657.200  0.327944E+00  0.464912E+00  0.490492E+00  0.503977E+00  0.546962E+00
  -657.100  0.315440E+00  0.449581E+00  0.474876E+00  0.488237E+00  0.530948E+00
  -657.000  0.303706E+00  0.434818E+00  0.459774E+00  0.472984E+00  0.515333E+00
  -656.900  0.293036E+00  0.420993E+00  0.445561E+00  0.458590E+00  0.500481E+00
  -656.800  0.283639E+00  0.408371E+00  0.432502E+00  0.445321E+00  0.486652E+00
  -656.700  0.275635E+00  0.397109E+00  0.420755E+00  0.433336E+00  0.473995E+00
  -656.600  0.269061E+00  0.387262E+00  0.410376E+00  0.422688E+00  0.462560E+00
  -656.500  0.263880E+00  0.378799E+00  0.401333E+00  0.413347E+00  0.452313E+00
  -656.400  0.259993E+00  0.371617E+00  0.393527E+00  0.405214E+00  0.443160E+00
  -656.300  0.257261E+00  0.365572E+00  0.386817E+00  0.398150E+00  0.434971E+00
  -656.200  0.255518E+00  0.360498E+00  0.381043E+00  0.392002E+00  0.427610E+00
  -656.100  0.254593E+00  0.356239E+00  0.376063E+00  0.386631E+00  0.420964E+00
  -656.000  0.254328E+00  0.352670E+00  0.371765E+00  0.381938E+00  0.414964E+00
  -655.900  0.254595E+00  0.349721E+00  0.368098E+00  0.377880E+00  0.409609E+00
  -655.800  0.255307E+00  0.347384E+00  0.365079E+00  0.374488E+00  0.404977E+00
  -655.700  0.256427E+00  0.345729E+00  0.362803E+00  0.371873E+00  0.401224E+00
  -655.600  0.257967E+00  0.344895E+00  0.361437E+00  0.370217E+00  0.398588E+00
  -655.500  0.259989E+00  0.345085E+00  0.361214E+00  0.369766E+00  0.397365E+00
  -655.400  0.262594E+00  0.346544E+00  0.362406E+00  0.370809E+00  0.397889E+00
  -655.300  0.265906E+00  0.349535E+00  0.365301E+00  0.373646E+00  0.400500E+00
  -655.200  0.270056E+00  0.354311E+00  0.370169E+00  0.378556E+00  0.405506E+00
  -655.100  0.275165E+00  0.361077E+00  0.377228E+00  0.385764E+00  0.413147E+00
  -655.000  0.281314E+00  0.369962E+00  0.386609E+00  0.395401E+00  0.423553E+00
  -654.900  0.288535E+00  0.380985E+00  0.398326E+00  0.407475E+00  0.436716E+00
  -654.800  0.296788E+00  0.394038E+00  0.412248E+00  0.421847E+00  0.452461E+00
  -654.700  0.305951E+00  0.408864E+00  0.428093E+00  0.438217E+00  0.470437E+00
  -654.600  0.315821E+00  0.425063E+00  0.445418E+00  0.456122E+00  0.490112E+00
  -654.500  0.326109E+00  0.442095E+00  0.463635E+00  0.474949E+00  0.510791E+00
  -654.400  0.336457E+00  0.459303E+00  0.482034E+00  0.493957E+00  0.531645E+00
  -654.300  0.346455E+00  0.475949E+00  0.499816E+00  0.512319E+00  0.551749E+00
  -654.200  0.355663E+00  0.491255E+00  0.516143E+00  0.529165E+00  0.570139E+00
  -654.100  0.363640E+00  0.504447E+00  0.530186E+00  0.543636E+00  0.585868E+00
  -654.000  0.369976E+00  0.514811E+00  0.541180E+00  0.554942E+00  0.598069E+00
  -653.900  0.374319E+00  0.521738E+00  0.548474E+00  0.562412E+00  0.606008E+00
  -653.800  0.376399E+00  0.524767E+00  0.551579E+00  0.565541E+00  0.609140E+00
  -653.700  0.376056E+00  0.523619E+00  0.550199E+00  0.564027E+00  0.607141E+00
  -653.600  0.373244E+00  0.518216E+00  0.544255E+00  0.557792E+00  0.599937E+00
  -653.500  0.368047E+00  0.508690E+00  0.533894E+00  0.546987E+00  0.587705E+00
  -653.400  0.360670E+00  0.495374E+00  0.519474E+00  0.531987E+00  0.570868E+00
  -653.300  0.351434E+00  0.478789E+00  0.501554E+00  0.513370E+00  0.550064E+00
  -653.200  0.340759E+00  0.459605E+00  0.480851E+00  0.491878E+00  0.526113E+00
  -653.100  0.329145E+00  0.438614E+00  0.458207E+00  0.468379E+00  0.499964E+00
  -653.000  0.317150E+00  0.416682E+00  0.434543E+00  0.443821E+00  0.472651E+00
  -652.900  0.305376E+00  0.394714E+00  0.410815E+00  0.419187E+00  0.445236E+00
  -652.800  0.294441E+00  0.373617E+00  0.387977E+00  0.395454E+00  0.418769E+00
  -652.700  0.284974E+00  0.354269E+00  0.366945E+00  0.373560E+00  0.394247E+00
  -652.600  0.277603E+00  0.337499E+00  0.348581E+00  0.354380E+00  0.372589E+00
  -652.500  0.272952E+00  0.324079E+00  0.333676E+00  0.338716E+00  0.354623E+00
  -652.400  0.271639E+00  0.314717E+00  0.322948E+00  0.327291E+00  0.341085E+00
  -652.300  0.274286E+00  0.310071E+00  0.317054E+00  0.320760E+00  0.332626E+00
  -652.200  0.281524E+00  0.310756E+00  0.316603E+00  0.319727E+00  0.329831E+00
  -652.100  0.293995E+00  0.317365E+00  0.322171E+00  0.324762E+00  0.333244E+00
  -652.000  0.312361E+00  0.330484E+00  0.334329E+00  0.336424E+00  0.343392E+00
  -651.900  0.337305E+00  0.350712E+00  0.353654E+00  0.355284E+00  0.360813E+00
  -651.800  0.369528E+00  0.378671E+00  0.380755E+00  0.381937E+00  0.386079E+00
  -651.700  0.409741E+00  0.415015E+00  0.416274E+00  0.417023E+00  0.419808E+00
  -651.600  0.458653E+00  0.460434E+00  0.460894E+00  0.461221E+00  0.462678E+00
  -651.500  0.516960E+00  0.515640E+00  0.515335E+00  0.515255E+00  0.515419E+00
  -651.400  0.585326E+00  0.581364E+00  0.580340E+00  0.579876E+00  0.578811E+00
  -651.300  0.664362E+00  0.658328E+00  0.656656E+00  0.655843E+00  0.653657E+00
  -651.200  0.754614E+00  0.747229E+00  0.745010E+00  0.743899E+00  0.740756E+00
  -651.100  0.856539E+00  0.848698E+00  0.846070E+00  0.844734E+00  0.840865E+00
  -651.000  0.970488E+00  0.963275E+00  0.960414E+00  0.958946E+00  0.954651E+00
  -650.900  0.109669E+01  0.109136E+01  0.108848E+01  0.108699E+01  0.108264E+01
  -650.800  0.123522E+01  0.123318E+01  0.123052E+01  0.122915E+01  0.122516E+01
  -650.700  0.138597E+01  0.138873E+01  0.138656E+01  0.138543E+01  0.138227E+01
  -650.600  0.154866E+01  0.155772E+01  0.155631E+01  0.155558E+01  0.155372E+01
  -650.500  0.172272E+01  0.173956E+01  0.173917E+01  0.173898E+01  0.173887E+01
  -650.400  0.190732E+01  0.193327E+01  0.193413E+01  0.193459E+01  0.193665E+01
  -650.300  0.210128E+01  0.213745E+01  0.213975E+01  0.214096E+01  0.214551E+01
  -650.200  0.230306E+01  0.235028E+01  0.235413E+01  0.235618E+01  0.236344E+01
  -650.100  0.251069E+01  0.256946E+01  0.257494E+01  0.257783E+01  0.258791E+01
  -650.000  0.272179E+01  0.279228E+01  0.279936E+01  0.280310E+01  0.281595E+01
  -649.900  0.293356E+01  0.301560E+01  0.302419E+01  0.302872E+01  0.304418E+01
  -649.800  0.314278E+01  0.323595E+01  0.324591E+01  0.325115E+01  0.326892E+01
  -649.700  0.334595E+01  0.344961E+01  0.346075E+01  0.346659E+01  0.348628E+01
  -649.600  0.353929E+01  0.365274E+01  0.366484E+01  0.367116E+01  0.369234E+01
  -649.500  0.371894E+01  0.384151E+01  0.385437E+01  0.386105E+01  0.388325E+01
  -649.400  0.388109E+01  0.401227E+01  0.402571E+01  0.403262E+01  0.405543E+01
  -649.300  0.402210E+01  0.416166E+01  0.417554E+01  0.418262E+01  0.420569E+01
  -649.200  0.413872E+01  0.428677E+01  0.430106E+01  0.430826E+01  0.433137E+01
  -649.100  0.422819E+01  0.438528E+01  0.440000E+01  0.440733E+01  0.443040E+01
  -649.000  0.428841E+01  0.445548E+01  0.447078E+01  0.447829E+01  0.450141E+01
  -648.900  0.431802E+01  0.449638E+01  0.451249E+01  0.452028E+01  0.454371E+01
  -648.800  0.431642E+01  0.450769E+01  0.452491E+01  0.453314E+01  0.455727E+01
  -648.700  0.428385E+01  0.448979E+01  0.450849E+01  0.451734E+01  0.454269E+01
  -648.600  0.422130E+01  0.444368E+01  0.446425E+01  0.447392E+01  0.450108E+01
  -648.500  0.413050E+01  0.437088E+01  0.439372E+01  0.440442E+01  0.443401E+01
  -648.400  0.401379E+01  0.427339E+01  0.429886E+01  0.431077E+01  0.434337E+01
  -648.300  0.387401E+01  0.415353E+01  0.418190E+01  0.419518E+01  0.423131E+01
  -648.200  0.371439E+01  0.401387E+01  0.404533E+01  0.406008E+01  0.410011E+01
  -648.100  0.353844E+01  0.385716E+01  0.389176E+01  0.390804E+01  0.395217E+01
  -648.000  0.334975E+01  0.368623E+01  0.372391E+01  0.374169E+01  0.378994E+01
  -647.900  0.315196E+01  0.350395E+01  0.354450E+01  0.356370E+01  0.361588E+01
  -647.800  0.294862E+01  0.331318E+01  0.335626E+01  0.337672E+01  0.343246E+01
  -647.700  0.274309E+01  0.311671E+01  0.316188E+01  0.318339E+01  0.324213E+01
  -647.600  0.253847E+01  0.291727E+01  0.296398E+01  0.298629E+01  0.304734E+01
  -647.500  0.233760E+01  0.271745E+01  0.276511E+01  0.278793E+01  0.285050E+01
  -647.400  0.214291E+01  0.251970E+01  0.256769E+01  0.259071E+01  0.265396E+01
  -647.300  0.195652E+01  0.232627E+01  0.237399E+01  0.239691E+01  0.246000E+01
  -647.200  0.178009E+01  0.213923E+01  0.218608E+01  0.220862E+01  0.227075E+01
  -647.100  0.161494E+01  0.196035E+01  0.200583E+01  0.202774E+01  0.208821E+01
  -647.000  0.146197E+01  0.179116E+01  0.183485E+01  0.185591E+01  0.191412E+01
  -646.900  0.132172E+01  0.163287E+01  0.167443E+01  0.169449E+01  0.174998E+01
  -646.800  0.119439E+01  0.148637E+01  0.152557E+01  0.154452E+01  0.159699E+01
  -646.700  0.107987E+01  0.135220E+01  0.138894E+01  0.140672E+01  0.145601E+01
  -646.600  0.977796E+00  0.123062E+01  0.126488E+01  0.128147E+01  0.132758E+01
  -646.500  0.887559E+00  0.112155E+01  0.115338E+01  0.116882E+01  0.121186E+01
  -646.400  0.808390E+00  0.102463E+01  0.105418E+01  0.106854E+01  0.110870E+01
  -646.300  0.739389E+00  0.939239E+00  0.966698E+00  0.980071E+00  0.101765E+01
  -646.200  0.679569E+00  0.864573E+00  0.890157E+00  0.902653E+00  0.937972E+00
  -646.100  0.627899E+00  0.799642E+00  0.823582E+00  0.835316E+00  0.868706E+00
  -646.000  0.583335E+00  0.743343E+00  0.765863E+00  0.776945E+00  0.808726E+00
  -645.900  0.544858E+00  0.694507E+00  0.715807E+00  0.726335E+00  0.756786E+00
  -645.800  0.511491E+00  0.651939E+00  0.672184E+00  0.682240E+00  0.711582E+00
  -645.700  0.482327E+00  0.614469E+00  0.633782E+00  0.643422E+00  0.671807E+00
  -645.600  0.456536E+00  0.580988E+00  0.599443E+00  0.608701E+00  0.636202E+00
  -645.500  0.433386E+00  0.550486E+00  0.568110E+00  0.576994E+00  0.603608E+00
  -645.400  0.412241E+00  0.522076E+00  0.538852E+00  0.547348E+00  0.573001E+00
  -645.300  0.392573E+00  0.495019E+00  0.510893E+00  0.518968E+00  0.543526E+00
  -645.200  0.373958E+00  0.468737E+00  0.483627E+00  0.491232E+00  0.514518E+00
  -645.100  0.356073E+00  0.442816E+00  0.456622E+00  0.463701E+00  0.485509E+00
  -645.000  0.338699E+00  0.417002E+00  0.429620E+00  0.436112E+00  0.456228E+00
  -644.900  0.321703E+00  0.391195E+00  0.402523E+00  0.408371E+00  0.426590E+00
  -644.800  0.305040E+00  0.365425E+00  0.375378E+00  0.380532E+00  0.396675E+00
  -644.700  0.288736E+00  0.339836E+00  0.348349E+00  0.352772E+00  0.366699E+00
  -644.600  0.272878E+00  0.314658E+00  0.321695E+00  0.325363E+00  0.336981E+00
  -644.500  0.257604E+00  0.290181E+00  0.295736E+00  0.298642E+00  0.307912E+00
  -644.400  0.243092E+00  0.266730E+00  0.270828E+00  0.272982E+00  0.279919E+00
  -644.300  0.229546E+00  0.244645E+00  0.247337E+00  0.248765E+00  0.253435E+00
  -644.200  0.217195E+00  0.224260E+00  0.225624E+00  0.226363E+00  0.228879E+00
  -644.100  0.206282E+00  0.205890E+00  0.206024E+00  0.206123E+00  0.206634E+00
  -644.000  0.197060E+00  0.189831E+00  0.188843E+00  0.188360E+00  0.187042E+00
  -643.900  0.189793E+00  0.176349E+00  0.174357E+00  0.173352E+00  0.170396E+00
  -643.800  0.184750E+00  0.165692E+00  0.162812E+00  0.161349E+00  0.156953E+00
  -643.700  0.182214E+00  0.158092E+00  0.154439E+00  0.152576E+00  0.146933E+00
  -643.600  0.182476E+00  0.153780E+00  0.149456E+00  0.147249E+00  0.140543E+00
  -643.500  0.185843E+00  0.152991E+00  0.148089E+00  0.145589E+00  0.137982E+00
  -643.400  0.192636E+00  0.155979E+00  0.150579E+00  0.147828E+00  0.139462E+00
  -643.300  0.203192E+00  0.163028E+00  0.157194E+00  0.154229E+00  0.145221E+00
  -643.200  0.217866E+00  0.174455E+00  0.168240E+00  0.165088E+00  0.155530E+00
  -643.100  0.237029E+00  0.190615E+00  0.184061E+00  0.180744E+00  0.170703E+00
  -643.000  0.261065E+00  0.211904E+00  0.205042E+00  0.201575E+00  0.191098E+00
  -642.900  0.290372E+00  0.238754E+00  0.231608E+00  0.228002E+00  0.217111E+00
  -642.800  0.325354E+00  0.271624E+00  0.264212E+00  0.260473E+00  0.249175E+00
  -642.700  0.366414E+00  0.310988E+00  0.303325E+00  0.299456E+00  0.287741E+00
  -642.600  0.413950E+00  0.357320E+00  0.349419E+00  0.345419E+00  0.333261E+00
  -642.500  0.468340E+00  0.411078E+00  0.402946E+00  0.398813E+00  0.386171E+00
  -642.400  0.529933E+00  0.472675E+00  0.464317E+00  0.460044E+00  0.446864E+00
  -642.300  0.599033E+00  0.542460E+00  0.533877E+00  0.529454E+00  0.515665E+00
  -642.200  0.675885E+00  0.620697E+00  0.611881E+00  0.607294E+00  0.592807E+00
  -642.100  0.760656E+00  0.707540E+00  0.698474E+00  0.693703E+00  0.678410E+00
  -642.000  0.853424E+00  0.803016E+00  0.793672E+00  0.788692E+00  0.772465E+00
  -641.900  0.954162E+00  0.907017E+00  0.897354E+00  0.892130E+00  0.874822E+00
  -641.800  0.106273E+01  0.101929E+01  0.100925E+01  0.100375E+01  0.985188E+00
  -641.700  0.117887E+01  0.113945E+01  0.112897E+01  0.112313E+01  0.110313E+01
  -641.600  0.130221E+01  0.126697E+01  0.125596E+01  0.124974E+01  0.122810E+01
  -641.500  0.143226E+01  0.140122E+01  0.138959E+01  0.138293E+01  0.135944E+01
  -641.400  0.156841E+01  0.154146E+01  0.152910E+01  0.152195E+01  0.149640E+01
  -641.300  0.170994E+01  0.168686E+01  0.167368E+01  0.166597E+01  0.163815E+01
  -641.200  0.185604E+01  0.183651E+01  0.182242E+01  0.181409E+01  0.178382E+01
  -641.100  0.200573E+01  0.198944E+01  0.197433E+01  0.196535E+01  0.193247E+01
  -641.000  0.215794E+01  0.214453E+01  0.212835E+01  0.211867E+01  0.208305E+01
  -640.900  0.231141E+01  0.230057E+01  0.228326E+01  0.227287E+01  0.223444E+01
  -640.800  0.246467E+01  0.245617E+01  0.243772E+01  0.242660E+01  0.238535E+01
  -640.700  0.261604E+01  0.260973E+01  0.259017E+01  0.257833E+01  0.253430E+01
  -640.600  0.276360E+01  0.275944E+01  0.273880E+01  0.272628E+01  0.267959E+01
  -640.500  0.290514E+01  0.290321E+01  0.288158E+01  0.286843E+01  0.281925E+01
  -640.400  0.303824E+01  0.303870E+01  0.301620E+01  0.300249E+01  0.295106E+01
  -640.300  0.316029E+01  0.316336E+01  0.314015E+01  0.312595E+01  0.307260E+01
  -640.200  0.326855E+01  0.327450E+01  0.325075E+01  0.323617E+01  0.318125E+01
  -640.100  0.336029E+01  0.336940E+01  0.334530E+01  0.333046E+01  0.327437E+01
  -640.000  0.343295E+01  0.344545E+01  0.342120E+01  0.340622E+01  0.334938E+01
  -639.900  0.348423E+01  0.350030E+01  0.347611E+01  0.346111E+01  0.340397E+01
  -639.800  0.351231E+01  0.353202E+01  0.350809E+01  0.349319E+01  0.343621E+01
  -639.700  0.351598E+01  0.353929E+01  0.351581E+01  0.350112E+01  0.344472E+01
  -639.600  0.349471E+01  0.352146E+01  0.349860E+01  0.348423E+01  0.342882E+01
  -639.500  0.344875E+01  0.347869E+01  0.345659E+01  0.344263E+01  0.338859E+01
  -639.400  0.337916E+01  0.341190E+01  0.339069E+01  0.337723E+01  0.332488E+01
  -639.300  0.328770E+01  0.332283E+01  0.330260E+01  0.328971E+01  0.323933E+01
  -639.200  0.317678E+01  0.321383E+01  0.319468E+01  0.318240E+01  0.313423E+01
  -639.100  0.304931E+01  0.308784E+01  0.306980E+01  0.305819E+01  0.301242E+01
  -639.000  0.290850E+01  0.294809E+01  0.293123E+01  0.292031E+01  0.287711E+01
  -638.900  0.275768E+01  0.279801E+01  0.278235E+01  0.277216E+01  0.273164E+01
  -638.800  0.260015E+01  0.264099E+01  0.262657E+01  0.261712E+01  0.257938E+01
  -638.700  0.243897E+01  0.248020E+01  0.246704E+01  0.245836E+01  0.242349E+01
  -638.600  0.227686E+01  0.231849E+01  0.230662E+01  0.229873E+01  0.226678E+01
  -638.500  0.211613E+01  0.215827E+01  0.214772E+01  0.214062E+01  0.211167E+01
  -638.400  0.195863E+01  0.200146E+01  0.199226E+01  0.198598E+01  0.196005E+01
  -638.300  0.180576E+01  0.184951E+01  0.184168E+01  0.183623E+01  0.181336E+01
  -638.200  0.165849E+01  0.170341E+01  0.169697E+01  0.169235E+01  0.167256E+01
  -638.100  0.151745E+01  0.156377E+01  0.155874E+01  0.155495E+01  0.153820E+01
  -638.000  0.138303E+01  0.143091E+01  0.142726E+01  0.142430E+01  0.141055E+01
  -637.900  0.125538E+01  0.130489E+01  0.130260E+01  0.130044E+01  0.128961E+01
  -637.800  0.113456E+01  0.118568E+01  0.118469E+01  0.118329E+01  0.117525E+01
  -637.700  0.102059E+01  0.107313E+01  0.107337E+01  0.107269E+01  0.106727E+01
  -637.600  0.913429E+00  0.967119E+00  0.968470E+00  0.968459E+00  0.965441E+00
  -637.500  0.813072E+00  0.867509E+00  0.869852E+00  0.870431E+00  0.869571E+00
  -637.400  0.719516E+00  0.774207E+00  0.777398E+00  0.778487E+00  0.779505E+00
  -637.300  0.632765E+00  0.687153E+00  0.691034E+00  0.692544E+00  0.695144E+00
  -637.200  0.552817E+00  0.606307E+00  0.610714E+00  0.612555E+00  0.616428E+00
  -637.100  0.479643E+00  0.531639E+00  0.536408E+00  0.538489E+00  0.543329E+00
  -637.000  0.413174E+00  0.463108E+00  0.468080E+00  0.470315E+00  0.475828E+00
  -636.900  0.353284E+00  0.400644E+00  0.405674E+00  0.407981E+00  0.413894E+00
  -636.800  0.299783E+00  0.344137E+00  0.349094E+00  0.351402E+00  0.357474E+00
  -636.700  0.252414E+00  0.293425E+00  0.298200E+00  0.300447E+00  0.306469E+00
  -636.600  0.210856E+00  0.248293E+00  0.252797E+00  0.254934E+00  0.260737E+00
  -636.500  0.174737E+00  0.208472E+00  0.212640E+00  0.214630E+00  0.220083E+00
  -636.400  0.143638E+00  0.173647E+00  0.177436E+00  0.179252E+00  0.184264E+00
  -636.300  0.117113E+00  0.143467E+00  0.146851E+00  0.148479E+00  0.152993E+00
  -636.200  0.947035E-01  0.117550E+00  0.120525E+00  0.121959E+00  0.125946E+00
  -636.100  0.759478E-01  0.955010E-01  0.980745E-01  0.993172E-01  0.102778E+00
  -636.000  0.603973E-01  0.769184E-01  0.791111E-01  0.801708E-01  0.831234E-01
  -635.900  0.476245E-01  0.614060E-01  0.632466E-01  0.641364E-01  0.666148E-01
  -635.800  0.372312E-01  0.485811E-01  0.501038E-01  0.508398E-01  0.528875E-01
  -635.700  0.288530E-01  0.380816E-01  0.393235E-01  0.399234E-01  0.415895E-01
  -635.600  0.221625E-01  0.295710E-01  0.305697E-01  0.310517E-01  0.323871E-01
  -635.500  0.168703E-01  0.227422E-01  0.235342E-01  0.239160E-01  0.249708E-01
  -635.400  0.127240E-01  0.173189E-01  0.179385E-01  0.182368E-01  0.190580E-01
  -635.300  0.950689E-02  0.130570E-01  0.135351E-01  0.137649E-01  0.143952E-01
  -635.200  0.703530E-02  0.974325E-02  0.101073E-01  0.102819E-01  0.107590E-01
  -635.100  0.515543E-02  0.719476E-02  0.746822E-02  0.759913E-02  0.795524E-02
  -635.000  0.374020E-02  0.525645E-02  0.545916E-02  0.555599E-02  0.581816E-02
  -634.900  0.268583E-02  0.379881E-02  0.394709E-02  0.401776E-02  0.420815E-02
  -634.800  0.190865E-02  0.271519E-02  0.282222E-02  0.287311E-02  0.300951E-02
  -634.700  0.134198E-02  0.191898E-02  0.199523E-02  0.203140E-02  0.212780E-02
  -634.600  0.933365E-03  0.134087E-02  0.139448E-02  0.141984E-02  0.148707E-02
  -634.500  0.642038E-03  0.926149E-03  0.963350E-03  0.980900E-03  0.102715E-02
  -634.400  0.436709E-03  0.632245E-03  0.657722E-03  0.669707E-03  0.701102E-03
  -634.300  0.293678E-03  0.426522E-03  0.443742E-03  0.451820E-03  0.472849E-03
  -634.200  0.195221E-03  0.284311E-03  0.295798E-03  0.301171E-03  0.315069E-03
  -634.100  0.128261E-03  0.187236E-03  0.194799E-03  0.198326E-03  0.207390E-03
  -634.000  0.832743E-04  0.121810E-03  0.126724E-03  0.129009E-03  0.134842E-03
  -633.900  0.534221E-04  0.782764E-04  0.814278E-04  0.828888E-04  0.865920E-04
  -633.800  0.338589E-04  0.496814E-04  0.516760E-04  0.525978E-04  0.549180E-04
  -633.700  0.211991E-04  0.311412E-04  0.323872E-04  0.329612E-04  0.343956E-04
  -633.600  0.131104E-04  0.192763E-04  0.200445E-04  0.203972E-04  0.212722E-04
  -633.500  0.000000E+00  0.000000E+00  0.000000E+00  0.000000E+00  0.129903E-04
  -633.400  0.000000E+00  0.000000E+00  0.000000E+00  0.000000E+00  0.000000E+00
  -633.300  0.000000E+00  0.000000E+00  0.000000E+00  0.000000E+00  0.000000E+00
  -633.200  0.000000E+00  0.000000E+00  0.000000E+00  0.000000E+00  0.000000E+00
  -633.100  0.000000E+00  0.000000E+00  0.000000E+00  0.000000E+00  0.000000E+00
  -633.000  0.000000E+00  0.000000E+00  0.000000E+00  0.000000E+00  0.000000E+00
  -632.900  0.000000E+00  0.000000E+00  0.000000E+00  0.000000E+00  0.000000E+00
  -632.800  0.000000E+00  0.000000E+00  0.000000E+00  0.000000E+00  0.000000E+00
  -632.700  0.000000E+00  0.000000E+00  0.000000E+00  0.000000E+00  0.000000E+00
  -632.600  0.000000E+00  0.000000E+00  0.000000E+00  0.000000E+00  0.000000E+00
  -632.500  0.000000E+00  0.000000E+00  0.000000E+00  0.000000E+00  0.000000E+00
  -632.400  0.000000E+00  0.000000E+00  0.000000E+00  0.000000E+00  0.000000E+00
  -632.300  0.000000E+00  0.000000E+00  0.000000E+00  0.000000E+00  0.000000E+00
  -632.200  0.000000E+00  0.000000E+00  0.000000E+00  0.000000E+00  0.000000E+00
  -632.100  0.000000E+00  0.000000E+00  0.000000E+00  0.000000E+00  0.000000E+00
  -632.000  0.000000E+00  0.000000E+00  0.000000E+00  0.000000E+00  0.000000E+00
  -631.900  0.000000E+00  0.000000E+00  0.000000E+00  0.000000E+00  0.000000E+00
  -631.800  0.000000E+00  0.000000E+00  0.000000E+00  0.000000E+00  0.000000E+00
  -631.700  0.000000E+00  0.000000E+00  0.000000E+00  0.000000E+00  0.000000E+00
  -631.600  0.000000E+00  0.000000E+00  0.000000E+00  0.000000E+00  0.000000E+00
  -631.500  0.000000E+00  0.000000E+00  0.000000E+00  0.000000E+00  0.000000E+00
  -631.400  0.000000E+00  0.000000E+00  0.000000E+00  0.000000E+00  0.000000E+00
  -631.300  0.000000E+00  0.000000E+00  0.000000E+00  0.000000E+00  0.000000E+00
  -631.200  0.000000E+00  0.000000E+00  0.000000E+00  0.000000E+00  0.000000E+00
  -631.100  0.000000E+00  0.000000E+00  0.000000E+00  0.000000E+00  0.000000E+00
  -631.000  0.000000E+00  0.000000E+00  0.000000E+00  0.000000E+00  0.000000E+00
  -630.900  0.000000E+00  0.000000E+00  0.000000E+00  0.000000E+00  0.000000E+00
  -630.800  0.000000E+00  0.000000E+00  0.000000E+00  0.000000E+00  0.000000E+00
  -630.700  0.000000E+00  0.000000E+00  0.000000E+00  0.000000E+00  0.000000E+00
  -630.600  0.000000E+00  0.000000E+00  0.000000E+00  0.000000E+00  0.000000E+00
  -630.500  0.000000E+00  0.000000E+00  0.000000E+00  0.000000E+00  0.000000E+00
  -630.400  0.000000E+00  0.000000E+00  0.000000E+00  0.000000E+00  0.000000E+00
  -630.300  0.000000E+00  0.000000E+00  0.000000E+00  0.000000E+00  0.000000E+00
  -630.200  0.000000E+00  0.000000E+00  0.000000E+00  0.000000E+00  0.000000E+00
  -630.100  0.000000E+00  0.000000E+00  0.000000E+00  0.000000E+00  0.000000E+00
  -630.000  0.000000E+00  0.000000E+00  0.000000E+00  0.000000E+00  0.000000E+00
  -629.900  0.000000E+00  0.000000E+00  0.000000E+00  0.000000E+00  0.000000E+00
  -629.800  0.000000E+00  0.000000E+00  0.000000E+00  0.000000E+00  0.000000E+00
  -629.700  0.000000E+00  0.000000E+00  0.000000E+00  0.000000E+00  0.000000E+00
  -629.600  0.000000E+00  0.000000E+00  0.000000E+00  0.000000E+00  0.000000E+00
  -629.500  0.000000E+00  0.000000E+00  0.000000E+00  0.000000E+00  0.000000E+00
  -629.400  0.000000E+00  0.000000E+00  0.000000E+00  0.000000E+00  0.000000E+00
  -629.300  0.000000E+00  0.000000E+00  0.000000E+00  0.000000E+00  0.000000E+00
  -629.200  0.000000E+00  0.000000E+00  0.000000E+00  0.000000E+00  0.000000E+00
  -629.100  0.000000E+00  0.000000E+00  0.000000E+00  0.000000E+00  0.000000E+00
  -629.000  0.000000E+00  0.000000E+00  0.000000E+00  0.000000E+00  0.000000E+00
  -628.900  0.000000E+00  0.000000E+00  0.000000E+00  0.000000E+00  0.000000E+00
  -628.800  0.000000E+00  0.000000E+00  0.000000E+00  0.000000E+00  0.000000E+00
  -628.700  0.000000E+00  0.000000E+00  0.000000E+00  0.000000E+00  0.000000E+00
  -628.600  0.000000E+00  0.000000E+00  0.000000E+00  0.000000E+00  0.000000E+00
  -628.500  0.000000E+00  0.000000E+00  0.000000E+00  0.000000E+00  0.000000E+00
  -628.400  0.000000E+00  0.000000E+00  0.000000E+00  0.000000E+00  0.000000E+00
  -628.300  0.000000E+00  0.000000E+00  0.000000E+00  0.000000E+00  0.000000E+00
  -628.200  0.000000E+00  0.000000E+00  0.000000E+00  0.000000E+00  0.000000E+00
  -628.100  0.000000E+00  0.000000E+00  0.000000E+00  0.000000E+00  0.000000E+00
  -628.000  0.000000E+00  0.000000E+00  0.000000E+00  0.000000E+00  0.000000E+00
  -627.900  0.000000E+00  0.000000E+00  0.000000E+00  0.000000E+00  0.000000E+00
  -627.800  0.000000E+00  0.000000E+00  0.000000E+00  0.000000E+00  0.000000E+00
  -627.700  0.000000E+00  0.000000E+00  0.000000E+00  0.000000E+00  0.000000E+00
  -627.600  0.000000E+00  0.000000E+00  0.000000E+00  0.000000E+00  0.000000E+00
  -627.500  0.000000E+00  0.000000E+00  0.000000E+00  0.000000E+00  0.000000E+00
  -627.400  0.000000E+00  0.000000E+00  0.000000E+00  0.000000E+00  0.000000E+00
  -627.300  0.000000E+00  0.000000E+00  0.000000E+00  0.000000E+00  0.000000E+00
  -627.200  0.000000E+00  0.000000E+00  0.000000E+00  0.000000E+00  0.000000E+00
  -627.100  0.000000E+00  0.000000E+00  0.000000E+00  0.000000E+00  0.000000E+00
  -627.000  0.000000E+00  0.000000E+00  0.000000E+00  0.000000E+00  0.000000E+00
  -626.900  0.000000E+00  0.000000E+00  0.000000E+00  0.000000E+00  0.000000E+00
  -626.800  0.000000E+00  0.000000E+00  0.000000E+00  0.000000E+00  0.000000E+00
  -626.700  0.000000E+00  0.000000E+00  0.000000E+00  0.000000E+00  0.000000E+00
  -626.600  0.000000E+00  0.000000E+00  0.000000E+00  0.000000E+00  0.000000E+00
  -626.500  0.000000E+00  0.000000E+00  0.000000E+00  0.000000E+00  0.000000E+00
  -626.400  0.000000E+00  0.000000E+00  0.000000E+00  0.000000E+00  0.000000E+00
  -626.300  0.000000E+00  0.000000E+00  0.000000E+00  0.000000E+00  0.000000E+00
  -626.200  0.000000E+00  0.000000E+00  0.000000E+00  0.000000E+00  0.000000E+00
  -626.100  0.000000E+00  0.000000E+00  0.000000E+00  0.000000E+00  0.000000E+00
  -626.000  0.000000E+00  0.000000E+00  0.000000E+00  0.000000E+00  0.000000E+00
  -625.900  0.000000E+00  0.000000E+00  0.000000E+00  0.000000E+00  0.000000E+00
  -625.800  0.000000E+00  0.000000E+00  0.000000E+00  0.000000E+00  0.000000E+00
  -625.700  0.000000E+00  0.000000E+00  0.000000E+00  0.000000E+00  0.000000E+00
  -625.600  0.000000E+00  0.000000E+00  0.000000E+00  0.000000E+00  0.000000E+00
  -625.500  0.000000E+00  0.000000E+00  0.000000E+00  0.000000E+00  0.000000E+00
  -625.400  0.000000E+00  0.000000E+00  0.000000E+00  0.000000E+00  0.000000E+00
  -625.300  0.000000E+00  0.000000E+00  0.000000E+00  0.000000E+00  0.000000E+00
  -625.200  0.000000E+00  0.000000E+00  0.000000E+00  0.000000E+00  0.000000E+00
  -625.100  0.000000E+00  0.000000E+00  0.000000E+00  0.000000E+00  0.000000E+00
  -625.000  0.000000E+00  0.000000E+00  0.000000E+00  0.000000E+00  0.000000E+00
  -624.900  0.000000E+00  0.000000E+00  0.000000E+00  0.000000E+00  0.000000E+00
  -624.800  0.000000E+00  0.000000E+00  0.000000E+00  0.000000E+00  0.000000E+00
  -624.700  0.000000E+00  0.000000E+00  0.000000E+00  0.000000E+00  0.000000E+00
  -624.600  0.000000E+00  0.000000E+00  0.000000E+00  0.000000E+00  0.000000E+00
  -624.500  0.000000E+00  0.000000E+00  0.000000E+00  0.000000E+00  0.000000E+00
  -624.400  0.000000E+00  0.000000E+00  0.000000E+00  0.000000E+00  0.000000E+00
  -624.300  0.000000E+00  0.000000E+00  0.000000E+00  0.000000E+00  0.000000E+00
  -624.200  0.000000E+00  0.000000E+00  0.000000E+00  0.000000E+00  0.000000E+00
  -624.100  0.000000E+00  0.000000E+00  0.000000E+00  0.000000E+00  0.000000E+00
  -624.000  0.000000E+00  0.000000E+00  0.000000E+00  0.000000E+00  0.000000E+00
  -623.900  0.000000E+00  0.000000E+00  0.000000E+00  0.000000E+00  0.000000E+00
  -623.800  0.000000E+00  0.000000E+00  0.000000E+00  0.000000E+00  0.000000E+00
  -623.700  0.000000E+00  0.000000E+00  0.000000E+00  0.000000E+00  0.000000E+00
  -623.600  0.000000E+00  0.000000E+00  0.000000E+00  0.000000E+00  0.000000E+00
  -623.500  0.000000E+00  0.000000E+00  0.000000E+00  0.000000E+00  0.000000E+00
  -623.400  0.000000E+00  0.000000E+00  0.000000E+00  0.000000E+00  0.000000E+00
  -623.300  0.000000E+00  0.000000E+00  0.000000E+00  0.000000E+00  0.000000E+00
  -623.200  0.000000E+00  0.000000E+00  0.000000E+00  0.000000E+00  0.000000E+00
  -623.100  0.000000E+00  0.000000E+00  0.000000E+00  0.000000E+00  0.000000E+00
  -623.000  0.000000E+00  0.000000E+00  0.000000E+00  0.000000E+00  0.000000E+00
  -622.900  0.000000E+00  0.000000E+00  0.000000E+00  0.000000E+00  0.000000E+00
  -622.800  0.000000E+00  0.000000E+00  0.000000E+00  0.000000E+00  0.000000E+00
  -622.700  0.000000E+00  0.000000E+00  0.000000E+00  0.000000E+00  0.000000E+00
  -622.600  0.000000E+00  0.000000E+00  0.000000E+00  0.000000E+00  0.000000E+00
  -622.500  0.000000E+00  0.000000E+00  0.000000E+00  0.000000E+00  0.000000E+00
  -622.400  0.000000E+00  0.000000E+00  0.000000E+00  0.000000E+00  0.000000E+00
  -622.300  0.000000E+00  0.000000E+00  0.000000E+00  0.000000E+00  0.000000E+00
  -622.200  0.000000E+00  0.000000E+00  0.000000E+00  0.000000E+00  0.000000E+00
  -622.100  0.000000E+00  0.000000E+00  0.000000E+00  0.000000E+00  0.000000E+00
  -622.000  0.000000E+00  0.000000E+00  0.000000E+00  0.000000E+00  0.000000E+00
  -621.900  0.000000E+00  0.000000E+00  0.000000E+00  0.000000E+00  0.000000E+00
  -621.800  0.000000E+00  0.000000E+00  0.000000E+00  0.000000E+00  0.000000E+00
  -621.700  0.000000E+00  0.000000E+00  0.000000E+00  0.000000E+00  0.000000E+00
  -621.600  0.000000E+00  0.000000E+00  0.000000E+00  0.000000E+00  0.000000E+00
  -621.500  0.000000E+00  0.000000E+00  0.000000E+00  0.000000E+00  0.000000E+00
  -621.400  0.000000E+00  0.000000E+00  0.000000E+00  0.000000E+00  0.000000E+00
  -621.300  0.000000E+00  0.000000E+00  0.000000E+00  0.000000E+00  0.000000E+00
  -621.200  0.000000E+00  0.000000E+00  0.000000E+00  0.000000E+00  0.000000E+00
  -621.100  0.000000E+00  0.000000E+00  0.000000E+00  0.000000E+00  0.000000E+00
  -621.000  0.000000E+00  0.000000E+00  0.000000E+00  0.000000E+00  0.000000E+00
  -620.900  0.000000E+00  0.000000E+00  0.000000E+00  0.000000E+00  0.000000E+00
  -620.800  0.000000E+00  0.000000E+00  0.000000E+00  0.000000E+00  0.000000E+00
  -620.700  0.000000E+00  0.000000E+00  0.000000E+00  0.000000E+00  0.000000E+00
  -620.600  0.000000E+00  0.000000E+00  0.000000E+00  0.000000E+00  0.000000E+00
  -620.500  0.000000E+00  0.000000E+00  0.000000E+00  0.000000E+00  0.000000E+00
  -620.400  0.000000E+00  0.000000E+00  0.000000E+00  0.000000E+00  0.000000E+00
  -620.300  0.000000E+00  0.000000E+00  0.000000E+00  0.000000E+00  0.000000E+00
  -620.200  0.000000E+00  0.000000E+00  0.000000E+00  0.000000E+00  0.000000E+00
  -620.100  0.000000E+00  0.000000E+00  0.000000E+00  0.000000E+00  0.000000E+00
  -620.000  0.000000E+00  0.000000E+00  0.000000E+00  0.000000E+00  0.000000E+00
