   x           300.0          873.0         1273.0         1673.0      Infinity
  -680.000  0.000000E+00  0.000000E+00  0.000000E+00  0.000000E+00  0.000000E+00
  -679.900  0.000000E+00  0.000000E+00  0.000000E+00  0.000000E+00  0.000000E+00
  -679.800  0.000000E+00  0.000000E+00  0.000000E+00  0.000000E+00  0.000000E+00
  -679.700  0.000000E+00  0.000000E+00  0.000000E+00  0.000000E+00  0.000000E+00
  -679.600  0.000000E+00  0.000000E+00  0.000000E+00  0.000000E+00  0.000000E+00
  -679.500  0.000000E+00  0.000000E+00  0.000000E+00  0.000000E+00  0.000000E+00
  -679.400  0.000000E+00  0.000000E+00  0.000000E+00  0.000000E+00  0.000000E+00
  -679.300  0.000000E+00  0.000000E+00  0.000000E+00  0.000000E+00  0.000000E+00
  -679.200  0.000000E+00  0.000000E+00  0.000000E+00  0.000000E+00  0.000000E+00
  -679.100  0.000000E+00  0.000000E+00  0.000000E+00  0.000000E+00  0.000000E+00
  -679.000  0.000000E+00  0.000000E+00  0.000000E+00  0.000000E+00  0.000000E+00
  -678.900  0.000000E+00  0.000000E+00  0.000000E+00  0.000000E+00  0.000000E+00
  -678.800  0.000000E+00  0.000000E+00  0.000000E+00  0.000000E+00  0.000000E+00
  -678.700  0.000000E+00  0.000000E+00  0.000000E+00  0.000000E+00  0.000000E+00
  -678.600  0.000000E+00  0.000000E+00  0.000000E+00  0.000000E+00  0.000000E+00
  -678.500  0.000000E+00  0.000000E+00  0.000000E+00  0.000000E+00  0.000000E+00
  -678.400  0.000000E+00  0.000000E+00  0.000000E+00  0.000000E+00  0.000000E+00
  -678.300  0.000000E+00  0.000000E+00  0.000000E+00  0.000000E+00  0.000000E+00
  -678.200  0.000000E+00  0.000000E+00  0.000000E+00  0.000000E+00  0.000000E+00
  -678.100  0.000000E+00  0.000000E+00  0.000000E+00  0.000000E+00  0.000000E+00
  -678.000  0.000000E+00  0.000000E+00  0.000000E+00  0.000000E+00  0.000000E+00
  -677.900  0.000000E+00  0.000000E+00  0.000000E+00  0.000000E+00  0.000000E+00
  -677.800  0.000000E+00  0.000000E+00  0.000000E+00  0.000000E+00  0.000000E+00
  -677.700  0.000000E+00  0.000000E+00  0.000000E+00  0.000000E+00  0.000000E+00
  -677.600  0.000000E+00  0.000000E+00  0.000000E+00  0.000000E+00  0.000000E+00
  -677.500  0.000000E+00  0.000000E+00  0.000000E+00  0.000000E+00  0.000000E+00
  -677.400  0.000000E+00  0.000000E+00  0.000000E+00  0.000000E+00  0.000000E+00
  -677.300  0.000000E+00  0.000000E+00  0.000000E+00  0.000000E+00  0.000000E+00
  -677.200  0.000000E+00  0.000000E+00  0.000000E+00  0.000000E+00  0.000000E+00
  -677.100  0.000000E+00  0.000000E+00  0.000000E+00  0.000000E+00  0.000000E+00
  -677.000  0.000000E+00  0.000000E+00  0.000000E+00  0.000000E+00  0.000000E+00
  -676.900  0.000000E+00  0.000000E+00  0.000000E+00  0.000000E+00  0.000000E+00
  -676.800  0.000000E+00  0.000000E+00  0.000000E+00  0.000000E+00  0.000000E+00
  -676.700  0.000000E+00  0.000000E+00  0.000000E+00  0.000000E+00  0.000000E+00
  -676.600  0.000000E+00  0.000000E+00  0.000000E+00  0.000000E+00  0.000000E+00
  -676.500  0.000000E+00  0.000000E+00  0.000000E+00  0.000000E+00  0.000000E+00
  -676.400  0.000000E+00  0.000000E+00  0.000000E+00  0.000000E+00  0.000000E+00
  -676.300  0.000000E+00  0.000000E+00  0.000000E+00  0.000000E+00  0.000000E+00
  -676.200  0.000000E+00  0.000000E+00  0.000000E+00  0.000000E+00  0.000000E+00
  -676.100  0.000000E+00  0.000000E+00  0.000000E+00  0.000000E+00  0.000000E+00
  -676.000  0.000000E+00  0.000000E+00  0.000000E+00  0.000000E+00  0.000000E+00
  -675.900  0.000000E+00  0.000000E+00  0.000000E+00  0.000000E+00  0.000000E+00
  -675.800  0.000000E+00  0.000000E+00  0.000000E+00  0.000000E+00  0.000000E+00
  -675.700  0.000000E+00  0.000000E+00  0.000000E+00  0.000000E+00  0.000000E+00
  -675.600  0.000000E+00  0.000000E+00  0.000000E+00  0.000000E+00  0.000000E+00
  -675.500  0.000000E+00  0.000000E+00  0.000000E+00  0.000000E+00  0.000000E+00
  -675.400  0.000000E+00  0.000000E+00  0.000000E+00  0.000000E+00  0.000000E+00
  -675.300  0.000000E+00  0.000000E+00  0.000000E+00  0.000000E+00  0.000000E+00
  -675.200  0.000000E+00  0.000000E+00  0.000000E+00  0.000000E+00  0.000000E+00
  -675.100  0.000000E+00  0.000000E+00  0.000000E+00  0.000000E+00  0.000000E+00
  -675.000  0.000000E+00  0.000000E+00  0.000000E+00  0.000000E+00  0.000000E+00
  -674.900  0.000000E+00  0.000000E+00  0.000000E+00  0.000000E+00  0.000000E+00
  -674.800  0.000000E+00  0.000000E+00  0.000000E+00  0.000000E+00  0.000000E+00
  -674.700  0.000000E+00  0.000000E+00  0.000000E+00  0.000000E+00  0.000000E+00
  -674.600  0.000000E+00  0.000000E+00  0.000000E+00  0.000000E+00  0.000000E+00
  -674.500  0.000000E+00  0.000000E+00  0.000000E+00  0.000000E+00  0.000000E+00
  -674.400  0.000000E+00  0.000000E+00  0.000000E+00  0.000000E+00  0.000000E+00
  -674.300  0.000000E+00  0.000000E+00  0.000000E+00  0.000000E+00  0.000000E+00
  -674.200  0.000000E+00  0.000000E+00  0.000000E+00  0.000000E+00  0.000000E+00
  -674.100  0.000000E+00  0.000000E+00  0.000000E+00  0.000000E+00  0.000000E+00
  -674.000  0.000000E+00  0.000000E+00  0.000000E+00  0.000000E+00  0.000000E+00
  -673.900  0.000000E+00  0.000000E+00  0.000000E+00  0.000000E+00  0.000000E+00
  -673.800  0.000000E+00  0.000000E+00  0.000000E+00  0.000000E+00  0.000000E+00
  -673.700  0.000000E+00  0.000000E+00  0.000000E+00  0.000000E+00  0.000000E+00
  -673.600  0.000000E+00  0.000000E+00  0.000000E+00  0.000000E+00  0.000000E+00
  -673.500  0.000000E+00  0.000000E+00  0.000000E+00  0.000000E+00  0.000000E+00
  -673.400  0.000000E+00  0.000000E+00  0.000000E+00  0.000000E+00  0.000000E+00
  -673.300  0.000000E+00  0.000000E+00  0.000000E+00  0.000000E+00  0.000000E+00
  -673.200  0.000000E+00  0.000000E+00  0.000000E+00  0.000000E+00  0.000000E+00
  -673.100  0.000000E+00  0.000000E+00  0.000000E+00  0.000000E+00  0.000000E+00
  -673.000  0.000000E+00  0.000000E+00  0.000000E+00  0.000000E+00  0.000000E+00
  -672.900  0.000000E+00  0.000000E+00  0.000000E+00  0.000000E+00  0.000000E+00
  -672.800  0.000000E+00  0.000000E+00  0.000000E+00  0.000000E+00  0.000000E+00
  -672.700  0.000000E+00  0.000000E+00  0.000000E+00  0.000000E+00  0.000000E+00
  -672.600  0.000000E+00  0.000000E+00  0.000000E+00  0.000000E+00  0.000000E+00
  -672.500  0.000000E+00  0.000000E+00  0.000000E+00  0.000000E+00  0.000000E+00
  -672.400  0.000000E+00  0.000000E+00  0.000000E+00  0.000000E+00  0.000000E+00
  -672.300  0.000000E+00  0.000000E+00  0.000000E+00  0.000000E+00  0.000000E+00
  -672.200  0.000000E+00  0.000000E+00  0.000000E+00  0.000000E+00  0.000000E+00
  -672.100  0.000000E+00  0.000000E+00  0.000000E+00  0.000000E+00  0.000000E+00
  -672.000  0.000000E+00  0.000000E+00  0.000000E+00  0.000000E+00  0.000000E+00
  -671.900  0.000000E+00  0.000000E+00  0.000000E+00  0.000000E+00  0.000000E+00
  -671.800  0.000000E+00  0.000000E+00  0.000000E+00  0.000000E+00  0.000000E+00
  -671.700  0.000000E+00  0.000000E+00  0.000000E+00  0.000000E+00  0.000000E+00
  -671.600  0.000000E+00  0.000000E+00  0.000000E+00  0.000000E+00  0.000000E+00
  -671.500  0.000000E+00  0.000000E+00  0.000000E+00  0.000000E+00  0.000000E+00
  -671.400  0.000000E+00  0.000000E+00  0.000000E+00  0.000000E+00  0.000000E+00
  -671.300  0.000000E+00  0.000000E+00  0.000000E+00  0.000000E+00  0.000000E+00
  -671.200  0.000000E+00  0.000000E+00  0.000000E+00  0.000000E+00  0.000000E+00
  -671.100  0.000000E+00  0.000000E+00  0.000000E+00  0.000000E+00  0.000000E+00
  -671.000  0.000000E+00  0.000000E+00  0.000000E+00  0.000000E+00  0.000000E+00
  -670.900  0.000000E+00  0.000000E+00  0.000000E+00  0.000000E+00  0.000000E+00
  -670.800  0.000000E+00  0.000000E+00  0.000000E+00  0.000000E+00  0.000000E+00
  -670.700  0.000000E+00  0.000000E+00  0.000000E+00  0.000000E+00  0.000000E+00
  -670.600  0.000000E+00  0.000000E+00  0.000000E+00  0.000000E+00  0.000000E+00
  -670.500  0.000000E+00  0.000000E+00  0.000000E+00  0.000000E+00  0.000000E+00
  -670.400  0.000000E+00  0.000000E+00  0.000000E+00  0.000000E+00  0.000000E+00
  -670.300  0.000000E+00  0.000000E+00  0.000000E+00  0.000000E+00  0.000000E+00
  -670.200  0.000000E+00  0.000000E+00  0.000000E+00  0.000000E+00  0.000000E+00
  -670.100  0.000000E+00  0.000000E+00  0.000000E+00  0.000000E+00  0.000000E+00
  -670.000  0.000000E+00  0.000000E+00  0.000000E+00  0.000000E+00  0.000000E+00
  -669.900  0.000000E+00  0.000000E+00  0.000000E+00  0.000000E+00  0.000000E+00
  -669.800  0.000000E+00  0.000000E+00  0.000000E+00  0.000000E+00  0.000000E+00
  -669.700  0.000000E+00  0.000000E+00  0.000000E+00  0.000000E+00  0.000000E+00
  -669.600  0.000000E+00  0.000000E+00  0.000000E+00  0.000000E+00  0.000000E+00
  -669.500  0.000000E+00  0.000000E+00  0.000000E+00  0.000000E+00  0.000000E+00
  -669.400  0.000000E+00  0.000000E+00  0.000000E+00  0.000000E+00  0.000000E+00
  -669.300  0.000000E+00  0.000000E+00  0.000000E+00  0.000000E+00  0.000000E+00
  -669.200  0.000000E+00  0.000000E+00  0.000000E+00  0.000000E+00  0.000000E+00
  -669.100  0.000000E+00  0.000000E+00  0.000000E+00  0.000000E+00  0.000000E+00
  -669.000  0.000000E+00  0.000000E+00  0.000000E+00  0.000000E+00  0.000000E+00
  -668.900  0.000000E+00  0.000000E+00  0.000000E+00  0.000000E+00  0.000000E+00
  -668.800  0.000000E+00  0.000000E+00  0.000000E+00  0.000000E+00  0.000000E+00
  -668.700  0.000000E+00  0.000000E+00  0.000000E+00  0.000000E+00  0.000000E+00
  -668.600  0.000000E+00  0.000000E+00  0.000000E+00  0.000000E+00  0.000000E+00
  -668.500  0.000000E+00  0.000000E+00  0.000000E+00  0.000000E+00  0.000000E+00
  -668.400  0.000000E+00  0.000000E+00  0.000000E+00  0.000000E+00  0.000000E+00
  -668.300  0.000000E+00  0.000000E+00  0.000000E+00  0.000000E+00  0.000000E+00
  -668.200  0.000000E+00  0.000000E+00  0.000000E+00  0.000000E+00  0.000000E+00
  -668.100  0.000000E+00  0.000000E+00  0.000000E+00  0.000000E+00  0.000000E+00
  -668.000  0.000000E+00  0.000000E+00  0.000000E+00  0.000000E+00  0.000000E+00
  -667.900  0.000000E+00  0.000000E+00  0.000000E+00  0.000000E+00  0.000000E+00
  -667.800  0.000000E+00  0.000000E+00  0.000000E+00  0.000000E+00  0.000000E+00
  -667.700  0.000000E+00  0.000000E+00  0.000000E+00  0.000000E+00  0.000000E+00
  -667.600  0.000000E+00  0.000000E+00  0.000000E+00  0.000000E+00  0.000000E+00
  -667.500  0.000000E+00  0.000000E+00  0.000000E+00  0.000000E+00  0.000000E+00
  -667.400  0.000000E+00  0.000000E+00  0.000000E+00  0.000000E+00  0.000000E+00
  -667.300  0.000000E+00  0.000000E+00  0.000000E+00  0.000000E+00  0.000000E+00
  -667.200  0.000000E+00  0.000000E+00  0.000000E+00  0.000000E+00  0.000000E+00
  -667.100  0.000000E+00  0.147700E-04  0.153366E-04  0.155967E-04  0.162573E-04
  -667.000  0.145093E-04  0.218292E-04  0.226582E-04  0.230378E-04  0.239983E-04
  -666.900  0.212240E-04  0.318642E-04  0.330605E-04  0.336070E-04  0.349834E-04
  -666.800  0.306758E-04  0.459474E-04  0.476504E-04  0.484262E-04  0.503699E-04
  -666.700  0.438180E-04  0.654648E-04  0.678565E-04  0.689427E-04  0.716475E-04
  -666.600  0.618743E-04  0.921831E-04  0.954975E-04  0.969973E-04  0.100706E-03
  -666.500  0.863953E-04  0.128326E-03  0.132858E-03  0.134901E-03  0.139912E-03
  -666.400  0.119323E-03  0.176655E-03  0.182773E-03  0.185518E-03  0.192190E-03
  -666.300  0.163065E-03  0.240569E-03  0.248722E-03  0.252360E-03  0.261113E-03
  -666.200  0.220571E-03  0.324197E-03  0.334928E-03  0.339688E-03  0.351004E-03
  -666.100  0.295426E-03  0.432525E-03  0.446479E-03  0.452627E-03  0.467046E-03
  -666.000  0.391950E-03  0.571516E-03  0.589453E-03  0.597298E-03  0.615411E-03
  -665.900  0.515310E-03  0.748268E-03  0.771074E-03  0.780966E-03  0.803408E-03
  -665.800  0.671640E-03  0.971181E-03  0.999882E-03  0.101222E-02  0.103966E-02
  -665.700  0.868180E-03  0.125016E-02  0.128595E-02  0.130118E-02  0.133433E-02
  -665.600  0.111342E-02  0.159683E-02  0.164109E-02  0.165974E-02  0.169934E-02
  -665.500  0.141725E-02  0.202483E-02  0.207919E-02  0.210185E-02  0.214872E-02
  -665.400  0.179113E-02  0.255005E-02  0.261645E-02  0.264383E-02  0.269893E-02
  -665.300  0.224819E-02  0.319099E-02  0.327177E-02  0.330473E-02  0.336925E-02
  -665.200  0.280344E-02  0.396901E-02  0.406705E-02  0.410666E-02  0.418220E-02
  -665.100  0.347379E-02  0.490870E-02  0.502757E-02  0.507521E-02  0.516396E-02
  -665.000  0.427812E-02  0.603804E-02  0.618225E-02  0.623968E-02  0.634480E-02
  -664.900  0.523729E-02  0.738866E-02  0.756389E-02  0.763343E-02  0.775938E-02
  -664.800  0.637402E-02  0.899585E-02  0.920932E-02  0.929397E-02  0.944700E-02
  -664.700  0.771272E-02  0.108986E-01  0.111593E-01  0.112630E-01  0.114517E-01
  -664.600  0.927924E-02  0.131391E-01  0.134585E-01  0.135862E-01  0.138223E-01
  -664.500  0.111005E-01  0.157629E-01  0.161550E-01  0.163129E-01  0.166118E-01
  -664.400  0.132040E-01  0.188177E-01  0.192996E-01  0.194956E-01  0.198772E-01
  -664.300  0.156176E-01  0.223531E-01  0.229453E-01  0.231890E-01  0.236783E-01
  -664.200  0.183686E-01  0.264193E-01  0.271464E-01  0.274493E-01  0.280772E-01
  -664.100  0.214836E-01  0.310664E-01  0.319570E-01  0.323328E-01  0.331366E-01
  -664.000  0.249879E-01  0.363432E-01  0.374302E-01  0.378948E-01  0.389189E-01
  -663.900  0.289051E-01  0.422959E-01  0.436166E-01  0.441883E-01  0.454842E-01
  -663.800  0.332568E-01  0.489672E-01  0.505633E-01  0.512626E-01  0.528890E-01
  -663.700  0.380623E-01  0.563950E-01  0.583123E-01  0.591618E-01  0.611848E-01
  -663.600  0.433382E-01  0.646115E-01  0.668994E-01  0.679238E-01  0.704161E-01
  -663.500  0.490989E-01  0.736423E-01  0.763532E-01  0.775790E-01  0.806196E-01
  -663.400  0.553562E-01  0.835055E-01  0.866944E-01  0.881496E-01  0.918226E-01
  -663.300  0.621194E-01  0.942114E-01  0.979348E-01  0.996482E-01  0.104042E+00
  -663.200  0.693957E-01  0.105762E+00  0.110077E+00  0.112078E+00  0.117284E+00
  -663.100  0.771906E-01  0.118151E+00  0.123114E+00  0.125433E+00  0.131545E+00
  -663.000  0.855084E-01  0.131365E+00  0.137032E+00  0.139697E+00  0.146807E+00
  -662.900  0.943531E-01  0.145383E+00  0.151807E+00  0.154847E+00  0.163047E+00
  -662.800  0.103729E+00  0.160180E+00  0.167410E+00  0.170851E+00  0.180229E+00
  -662.700  0.113645E+00  0.175727E+00  0.183808E+00  0.187675E+00  0.198315E+00
  -662.600  0.124110E+00  0.191996E+00  0.200966E+00  0.205282E+00  0.217261E+00
  -662.500  0.135143E+00  0.208961E+00  0.218853E+00  0.223636E+00  0.237023E+00
  -662.400  0.146769E+00  0.226603E+00  0.237442E+00  0.242707E+00  0.257560E+00
  -662.300  0.159027E+00  0.244912E+00  0.256715E+00  0.262473E+00  0.278839E+00
  -662.200  0.171964E+00  0.263891E+00  0.276666E+00  0.282923E+00  0.300835E+00
  -662.100  0.185645E+00  0.283558E+00  0.297303E+00  0.304061E+00  0.323532E+00
  -662.000  0.200146E+00  0.303946E+00  0.318647E+00  0.325901E+00  0.346928E+00
  -661.900  0.215556E+00  0.325101E+00  0.340735E+00  0.348473E+00  0.371029E+00
  -661.800  0.231973E+00  0.347081E+00  0.363609E+00  0.371814E+00  0.395847E+00
  -661.700  0.249496E+00  0.369944E+00  0.387318E+00  0.395963E+00  0.421394E+00
  -661.600  0.268219E+00  0.393748E+00  0.411901E+00  0.420952E+00  0.447671E+00
  -661.500  0.288220E+00  0.418530E+00  0.437383E+00  0.446796E+00  0.474662E+00
  -661.400  0.309548E+00  0.444300E+00  0.463759E+00  0.473482E+00  0.502319E+00
  -661.300  0.332212E+00  0.471027E+00  0.490981E+00  0.500953E+00  0.530554E+00
  -661.200  0.356165E+00  0.498622E+00  0.518947E+00  0.529099E+00  0.559224E+00
  -661.100  0.381296E+00  0.526932E+00  0.547491E+00  0.557745E+00  0.588126E+00
  -661.000  0.407419E+00  0.555730E+00  0.576375E+00  0.586648E+00  0.616995E+00
  -660.900  0.434269E+00  0.584712E+00  0.605287E+00  0.615491E+00  0.645498E+00
  -660.800  0.461505E+00  0.613501E+00  0.633847E+00  0.643891E+00  0.673243E+00
  -660.700  0.488713E+00  0.641657E+00  0.661613E+00  0.671408E+00  0.699793E+00
  -660.600  0.515423E+00  0.668692E+00  0.688104E+00  0.697563E+00  0.724680E+00
  -660.500  0.541129E+00  0.694093E+00  0.712815E+00  0.721857E+00  0.747430E+00
  -660.400  0.565312E+00  0.717351E+00  0.735252E+00  0.743806E+00  0.767588E+00
  -660.300  0.587473E+00  0.737989E+00  0.754958E+00  0.762962E+00  0.784751E+00
  -660.200  0.607163E+00  0.755597E+00  0.771544E+00  0.778951E+00  0.798591E+00
  -660.100  0.624012E+00  0.769859E+00  0.784720E+00  0.791498E+00  0.808888E+00
  -660.000  0.637762E+00  0.780582E+00  0.794320E+00  0.800451E+00  0.815545E+00
  -659.900  0.648285E+00  0.787717E+00  0.800320E+00  0.805802E+00  0.818609E+00
  -659.800  0.655602E+00  0.791364E+00  0.802847E+00  0.807694E+00  0.818274E+00
  -659.700  0.659888E+00  0.791783E+00  0.802184E+00  0.806420E+00  0.814881E+00
  -659.600  0.661471E+00  0.789378E+00  0.798754E+00  0.802417E+00  0.808903E+00
  -659.500  0.660814E+00  0.784687E+00  0.793109E+00  0.796244E+00  0.800929E+00
  -659.400  0.658499E+00  0.778348E+00  0.785899E+00  0.788557E+00  0.791631E+00
  -659.300  0.655194E+00  0.771073E+00  0.777841E+00  0.780074E+00  0.781738E+00
  -659.200  0.651620E+00  0.763612E+00  0.769683E+00  0.771544E+00  0.771995E+00
  -659.100  0.648514E+00  0.756711E+00  0.762168E+00  0.763708E+00  0.763133E+00
  -659.000  0.646594E+00  0.751082E+00  0.756000E+00  0.757263E+00  0.755832E+00
  -658.900  0.646519E+00  0.747369E+00  0.751812E+00  0.752838E+00  0.750698E+00
  -658.800  0.648865E+00  0.746127E+00  0.750146E+00  0.750967E+00  0.748238E+00
  -658.700  0.654098E+00  0.747799E+00  0.751433E+00  0.752073E+00  0.748850E+00
  -658.600  0.662560E+00  0.752707E+00  0.755985E+00  0.756461E+00  0.752815E+00
  -658.500  0.674458E+00  0.761057E+00  0.763996E+00  0.764321E+00  0.760299E+00
  -658.400  0.689865E+00  0.772933E+00  0.775546E+00  0.775728E+00  0.771361E+00
  -658.300  0.708722E+00  0.788314E+00  0.790611E+00  0.790656E+00  0.785966E+00
  -658.200  0.730853E+00  0.807086E+00  0.809079E+00  0.808993E+00  0.803998E+00
  -658.100  0.755973E+00  0.829054E+00  0.830762E+00  0.830553E+00  0.825275E+00
  -658.000  0.783708E+00  0.853957E+00  0.855409E+00  0.855090E+00  0.849563E+00
  -657.900  0.813607E+00  0.881477E+00  0.882717E+00  0.882309E+00  0.876586E+00
  -657.800  0.845160E+00  0.911251E+00  0.912341E+00  0.911874E+00  0.906030E+00
  -657.700  0.877808E+00  0.942873E+00  0.943896E+00  0.943406E+00  0.937547E+00
  -657.600  0.910960E+00  0.975896E+00  0.976954E+00  0.976491E+00  0.970752E+00
  -657.500  0.944000E+00  0.100983E+01  0.101105E+01  0.101067E+01  0.100522E+01
  -657.400  0.976299E+00  0.104416E+01  0.104566E+01  0.104544E+01  0.104046E+01
  -657.300  0.100723E+01  0.107829E+01  0.108024E+01  0.108024E+01  0.107597E+01
  -657.200  0.103617E+01  0.111163E+01  0.111418E+01  0.111449E+01  0.111114E+01
  -657.100  0.106253E+01  0.114353E+01  0.114685E+01  0.114753E+01  0.114535E+01
  -657.000  0.108575E+01  0.117334E+01  0.117756E+01  0.117871E+01  0.117792E+01
  -656.900  0.110535E+01  0.120039E+01  0.120565E+01  0.120733E+01  0.120815E+01
  -656.800  0.112092E+01  0.122406E+01  0.123046E+01  0.123272E+01  0.123534E+01
  -656.700  0.113214E+01  0.124375E+01  0.125137E+01  0.125425E+01  0.125879E+01
  -656.600  0.113883E+01  0.125896E+01  0.126783E+01  0.127134E+01  0.127787E+01
  -656.500  0.114092E+01  0.126928E+01  0.127938E+01  0.128352E+01  0.129204E+01
  -656.400  0.113849E+01  0.127442E+01  0.128568E+01  0.129042E+01  0.130086E+01
  -656.300  0.113172E+01  0.127424E+01  0.128653E+01  0.129182E+01  0.130402E+01
  -656.200  0.112097E+01  0.126873E+01  0.128189E+01  0.128763E+01  0.130135E+01
  -656.100  0.110667E+01  0.125805E+01  0.127185E+01  0.127795E+01  0.129286E+01
  -656.000  0.108935E+01  0.124248E+01  0.125666E+01  0.126297E+01  0.127869E+01
  -655.900  0.106960E+01  0.122242E+01  0.123669E+01  0.124307E+01  0.125916E+01
  -655.800  0.104802E+01  0.119838E+01  0.121241E+01  0.121870E+01  0.123467E+01
  -655.700  0.102522E+01  0.117092E+01  0.118439E+01  0.119042E+01  0.120576E+01
  -655.600  0.100175E+01  0.114066E+01  0.115324E+01  0.115885E+01  0.117306E+01
  -655.500  0.978106E+00  0.110821E+01  0.111960E+01  0.112463E+01  0.113720E+01
  -655.400  0.954683E+00  0.107419E+01  0.108410E+01  0.108841E+01  0.109889E+01
  -655.300  0.931780E+00  0.103916E+01  0.104734E+01  0.105080E+01  0.105879E+01
  -655.200  0.909587E+00  0.100363E+01  0.100989E+01  0.101239E+01  0.101755E+01
  -655.100  0.888193E+00  0.968042E+00  0.972234E+00  0.973698E+00  0.975783E+00
  -655.000  0.867599E+00  0.932775E+00  0.934807E+00  0.935186E+00  0.934021E+00
  -654.900  0.847737E+00  0.898130E+00  0.897967E+00  0.897242E+00  0.892744E+00
  -654.800  0.828496E+00  0.864349E+00  0.862011E+00  0.860187E+00  0.852363E+00
  -654.700  0.809747E+00  0.831619E+00  0.827174E+00  0.824285E+00  0.813217E+00
  -654.600  0.791370E+00  0.800085E+00  0.793647E+00  0.789746E+00  0.775590E+00
  -654.500  0.773279E+00  0.769866E+00  0.761580E+00  0.756741E+00  0.739708E+00
  -654.400  0.755441E+00  0.741064E+00  0.731102E+00  0.725410E+00  0.705755E+00
  -654.300  0.737886E+00  0.713777E+00  0.702325E+00  0.695873E+00  0.673883E+00
  -654.200  0.720716E+00  0.688103E+00  0.675353E+00  0.668240E+00  0.644214E+00
  -654.100  0.704097E+00  0.664150E+00  0.650290E+00  0.642614E+00  0.616853E+00
  -654.000  0.688251E+00  0.642029E+00  0.627238E+00  0.619091E+00  0.591889E+00
  -653.900  0.673434E+00  0.621853E+00  0.606295E+00  0.597762E+00  0.569394E+00
  -653.800  0.659916E+00  0.603728E+00  0.587548E+00  0.578707E+00  0.549426E+00
  -653.700  0.647955E+00  0.587743E+00  0.571065E+00  0.561984E+00  0.532015E+00
  -653.600  0.637766E+00  0.573955E+00  0.556886E+00  0.547623E+00  0.517166E+00
  -653.500  0.629500E+00  0.562377E+00  0.545005E+00  0.535611E+00  0.504842E+00
  -653.400  0.623222E+00  0.552970E+00  0.535370E+00  0.525888E+00  0.494963E+00
  -653.300  0.618897E+00  0.545629E+00  0.527867E+00  0.518336E+00  0.487396E+00
  -653.200  0.616389E+00  0.540185E+00  0.522321E+00  0.512776E+00  0.481951E+00
  -653.100  0.615458E+00  0.536403E+00  0.518495E+00  0.508971E+00  0.478389E+00
  -653.000  0.615778E+00  0.533989E+00  0.516100E+00  0.506634E+00  0.476422E+00
  -652.900  0.616953E+00  0.532611E+00  0.514807E+00  0.505436E+00  0.475728E+00
  -652.800  0.618547E+00  0.531908E+00  0.514266E+00  0.505031E+00  0.475967E+00
  -652.700  0.620112E+00  0.531521E+00  0.514124E+00  0.505072E+00  0.476803E+00
  -652.600  0.621222E+00  0.531113E+00  0.514055E+00  0.505236E+00  0.477925E+00
  -652.500  0.621499E+00  0.530394E+00  0.513778E+00  0.505246E+00  0.479067E+00
  -652.400  0.620640E+00  0.529142E+00  0.513080E+00  0.504893E+00  0.480032E+00
  -652.300  0.618435E+00  0.527216E+00  0.511827E+00  0.504048E+00  0.480700E+00
  -652.200  0.614776E+00  0.524567E+00  0.509977E+00  0.502670E+00  0.481039E+00
  -652.100  0.609656E+00  0.521233E+00  0.507573E+00  0.500805E+00  0.481101E+00
  -652.000  0.603161E+00  0.517333E+00  0.504735E+00  0.498575E+00  0.481009E+00
  -651.900  0.595455E+00  0.513047E+00  0.501644E+00  0.496160E+00  0.480945E+00
  -651.800  0.586754E+00  0.508594E+00  0.498517E+00  0.493775E+00  0.481119E+00
  -651.700  0.577306E+00  0.504202E+00  0.495577E+00  0.491641E+00  0.481741E+00
  -651.600  0.567359E+00  0.500085E+00  0.493026E+00  0.489955E+00  0.482990E+00
  -651.500  0.557146E+00  0.496409E+00  0.491018E+00  0.488864E+00  0.484991E+00
  -651.400  0.546858E+00  0.493279E+00  0.489640E+00  0.488444E+00  0.487788E+00
  -651.300  0.536637E+00  0.490718E+00  0.488893E+00  0.488684E+00  0.491329E+00
  -651.200  0.526570E+00  0.488667E+00  0.488689E+00  0.489483E+00  0.495466E+00
  -651.100  0.516689E+00  0.486987E+00  0.488858E+00  0.490652E+00  0.499955E+00
  -651.000  0.506979E+00  0.485468E+00  0.489154E+00  0.491928E+00  0.504473E+00
  -650.900  0.497388E+00  0.483850E+00  0.489281E+00  0.492994E+00  0.508640E+00
  -650.800  0.487844E+00  0.481843E+00  0.488911E+00  0.493505E+00  0.512047E+00
  -650.700  0.478268E+00  0.479156E+00  0.487716E+00  0.493110E+00  0.514282E+00
  -650.600  0.468584E+00  0.475514E+00  0.485388E+00  0.491487E+00  0.514966E+00
  -650.500  0.458735E+00  0.470686E+00  0.481666E+00  0.488357E+00  0.513775E+00
  -650.400  0.448690E+00  0.464496E+00  0.476351E+00  0.483512E+00  0.510462E+00
  -650.300  0.438441E+00  0.456834E+00  0.469319E+00  0.476818E+00  0.504870E+00
  -650.200  0.428010E+00  0.447664E+00  0.460524E+00  0.468226E+00  0.496939E+00
  -650.100  0.417444E+00  0.437017E+00  0.449997E+00  0.457768E+00  0.486704E+00
  -650.000  0.406806E+00  0.424986E+00  0.437840E+00  0.445548E+00  0.474286E+00
  -649.900  0.396171E+00  0.411716E+00  0.424211E+00  0.431734E+00  0.459878E+00
  -649.800  0.385621E+00  0.397388E+00  0.409311E+00  0.416537E+00  0.443729E+00
  -649.700  0.375233E+00  0.382209E+00  0.393372E+00  0.400201E+00  0.426123E+00
  -649.600  0.365077E+00  0.366393E+00  0.376633E+00  0.382982E+00  0.407365E+00
  -649.500  0.355210E+00  0.350153E+00  0.359337E+00  0.365134E+00  0.387759E+00
  -649.400  0.345673E+00  0.333688E+00  0.341709E+00  0.346901E+00  0.367593E+00
  -649.300  0.336488E+00  0.317177E+00  0.323958E+00  0.328502E+00  0.347136E+00
  -649.200  0.327661E+00  0.300774E+00  0.306261E+00  0.310132E+00  0.326622E+00
  -649.100  0.319176E+00  0.284606E+00  0.288771E+00  0.291952E+00  0.306252E+00
  -649.000  0.311003E+00  0.268773E+00  0.271608E+00  0.274096E+00  0.286192E+00
  -648.900  0.303096E+00  0.253352E+00  0.254869E+00  0.256669E+00  0.266577E+00
  -648.800  0.295397E+00  0.238396E+00  0.238623E+00  0.239749E+00  0.247512E+00
  -648.700  0.287836E+00  0.223942E+00  0.222923E+00  0.223397E+00  0.229079E+00
  -648.600  0.280342E+00  0.210013E+00  0.207806E+00  0.207656E+00  0.211342E+00
  -648.500  0.272839E+00  0.196621E+00  0.193297E+00  0.192558E+00  0.194350E+00
  -648.400  0.265255E+00  0.183774E+00  0.179414E+00  0.178126E+00  0.178142E+00
  -648.300  0.257524E+00  0.171473E+00  0.166169E+00  0.164378E+00  0.162749E+00
  -648.200  0.249592E+00  0.159721E+00  0.153573E+00  0.151327E+00  0.148197E+00
  -648.100  0.241418E+00  0.148518E+00  0.141631E+00  0.138984E+00  0.134505E+00
  -648.000  0.232981E+00  0.137863E+00  0.130350E+00  0.127354E+00  0.121688E+00
  -647.900  0.224278E+00  0.127759E+00  0.119731E+00  0.116443E+00  0.109753E+00
  -647.800  0.215325E+00  0.118205E+00  0.109775E+00  0.106251E+00  0.987021E-01
  -647.700  0.206161E+00  0.109203E+00  0.100479E+00  0.967739E-01  0.885283E-01
  -647.600  0.196841E+00  0.100750E+00  0.918384E-01  0.880033E-01  0.792175E-01
  -647.500  0.187438E+00  0.928455E-01  0.838417E-01  0.799258E-01  0.707470E-01
  -647.400  0.178036E+00  0.854837E-01  0.764752E-01  0.725227E-01  0.630867E-01
  -647.300  0.168728E+00  0.786580E-01  0.697210E-01  0.657711E-01  0.561996E-01
  -647.200  0.159614E+00  0.723591E-01  0.635576E-01  0.596439E-01  0.500429E-01
  -647.100  0.150793E+00  0.665754E-01  0.579609E-01  0.541106E-01  0.445696E-01
  -647.000  0.142360E+00  0.612932E-01  0.529042E-01  0.491388E-01  0.397299E-01
  -646.900  0.134407E+00  0.564973E-01  0.483598E-01  0.446945E-01  0.354731E-01
  -646.800  0.127015E+00  0.521710E-01  0.442990E-01  0.407434E-01  0.317484E-01
  -646.700  0.120258E+00  0.482970E-01  0.406935E-01  0.372518E-01  0.285070E-01
  -646.600  0.114195E+00  0.448574E-01  0.375156E-01  0.341871E-01  0.257023E-01
  -646.500  0.108879E+00  0.418342E-01  0.347385E-01  0.315185E-01  0.232910E-01
  -646.400  0.104348E+00  0.392096E-01  0.323371E-01  0.292171E-01  0.212337E-01
  -646.300  0.100633E+00  0.369661E-01  0.302877E-01  0.272562E-01  0.194945E-01
  -646.200  0.977561E-01  0.350864E-01  0.285683E-01  0.256113E-01  0.180416E-01
  -646.100  0.957306E-01  0.335540E-01  0.271584E-01  0.242601E-01  0.168466E-01
  -646.000  0.945656E-01  0.323526E-01  0.260390E-01  0.231820E-01  0.158845E-01
  -645.900  0.942650E-01  0.314667E-01  0.251924E-01  0.223584E-01  0.151334E-01
  -645.800  0.948290E-01  0.308812E-01  0.246024E-01  0.217723E-01  0.145739E-01
  -645.700  0.962540E-01  0.305815E-01  0.242535E-01  0.214080E-01  0.141889E-01
  -645.600  0.985328E-01  0.305534E-01  0.241316E-01  0.212509E-01  0.139634E-01
  -645.500  0.101653E+00  0.307830E-01  0.242228E-01  0.212877E-01  0.138838E-01
  -645.400  0.105594E+00  0.312564E-01  0.245142E-01  0.215055E-01  0.139381E-01
  -645.300  0.110326E+00  0.319593E-01  0.249927E-01  0.218918E-01  0.141149E-01
  -645.200  0.115806E+00  0.328761E-01  0.256447E-01  0.224338E-01  0.144036E-01
  -645.100  0.121974E+00  0.339893E-01  0.264556E-01  0.231184E-01  0.147937E-01
  -645.000  0.128748E+00  0.352791E-01  0.274093E-01  0.239308E-01  0.152743E-01
  -644.900  0.136022E+00  0.367216E-01  0.284870E-01  0.248545E-01  0.158339E-01
  -644.800  0.143666E+00  0.382888E-01  0.296670E-01  0.258703E-01  0.164596E-01
  -644.700  0.151522E+00  0.399478E-01  0.309241E-01  0.269563E-01  0.171370E-01
  -644.600  0.159407E+00  0.416602E-01  0.322289E-01  0.280870E-01  0.178498E-01
  -644.500  0.167119E+00  0.433826E-01  0.335485E-01  0.292338E-01  0.185798E-01
  -644.400  0.174436E+00  0.450674E-01  0.348463E-01  0.303651E-01  0.193069E-01
  -644.300  0.181133E+00  0.466633E-01  0.360834E-01  0.314469E-01  0.200096E-01
  -644.200  0.186984E+00  0.481173E-01  0.372189E-01  0.324439E-01  0.206653E-01
  -644.100  0.191775E+00  0.493771E-01  0.382123E-01  0.333204E-01  0.212511E-01
  -644.000  0.195317E+00  0.503923E-01  0.390245E-01  0.340424E-01  0.217447E-01
  -643.900  0.197450E+00  0.511180E-01  0.396198E-01  0.345784E-01  0.221253E-01
  -643.800  0.198059E+00  0.515161E-01  0.399678E-01  0.349013E-01  0.223748E-01
  -643.700  0.197075E+00  0.515577E-01  0.400449E-01  0.349900E-01  0.224782E-01
  -643.600  0.194481E+00  0.512249E-01  0.398353E-01  0.348299E-01  0.224248E-01
  -643.500  0.190313E+00  0.505110E-01  0.393322E-01  0.344143E-01  0.222085E-01
  -643.400  0.184657E+00  0.494219E-01  0.385381E-01  0.337445E-01  0.218285E-01
  -643.300  0.177647E+00  0.479748E-01  0.374644E-01  0.328294E-01  0.212887E-01
  -643.200  0.169453E+00  0.461979E-01  0.361310E-01  0.316858E-01  0.205981E-01
  -643.100  0.160273E+00  0.441286E-01  0.345653E-01  0.303367E-01  0.197701E-01
  -643.000  0.150329E+00  0.418117E-01  0.328007E-01  0.288106E-01  0.188217E-01
  -642.900  0.139847E+00  0.392971E-01  0.308747E-01  0.271399E-01  0.177729E-01
  -642.800  0.129054E+00  0.366376E-01  0.288277E-01  0.253595E-01  0.166454E-01
  -642.700  0.118166E+00  0.338865E-01  0.267008E-01  0.235054E-01  0.154621E-01
  -642.600  0.107380E+00  0.310957E-01  0.245344E-01  0.216127E-01  0.142460E-01
  -642.500  0.968705E-01  0.283138E-01  0.223668E-01  0.197153E-01  0.130192E-01
  -642.400  0.867852E-01  0.255847E-01  0.202329E-01  0.178440E-01  0.118024E-01
  -642.300  0.772418E-01  0.229465E-01  0.181632E-01  0.160259E-01  0.106140E-01
  -642.200  0.683293E-01  0.204310E-01  0.161837E-01  0.142843E-01  0.947002E-02
  -642.100  0.601088E-01  0.180635E-01  0.143152E-01  0.126380E-01  0.838382E-02
  -642.000  0.526161E-01  0.158625E-01  0.125735E-01  0.111012E-01  0.736574E-02
  -641.900  0.458649E-01  0.138406E-01  0.109693E-01  0.968398E-02  0.642336E-02
  -641.800  0.398501E-01  0.120045E-01  0.950903E-02  0.839242E-02  0.556153E-02
  -641.700  0.345516E-01  0.103561E-01  0.819502E-02  0.722889E-02  0.478264E-02
  -641.600  0.299377E-01  0.889286E-02  0.702604E-02  0.619269E-02  0.408689E-02
  -641.500  0.259683E-01  0.760881E-02  0.599798E-02  0.528045E-02  0.347260E-02
  -641.400  0.225971E-01  0.649514E-02  0.510436E-02  0.448668E-02  0.293657E-02
  -641.300  0.197747E-01  0.554096E-02  0.433692E-02  0.380425E-02  0.247436E-02
  -641.200  0.174498E-01  0.473388E-02  0.368612E-02  0.322484E-02  0.208066E-02
  -641.100  0.155714E-01  0.406062E-02  0.314159E-02  0.273936E-02  0.174957E-02
  -641.000  0.140891E-01  0.350747E-02  0.269254E-02  0.233833E-02  0.147485E-02
  -640.900  0.129551E-01  0.306072E-02  0.232813E-02  0.201218E-02  0.125013E-02
  -640.800  0.121240E-01  0.270700E-02  0.203775E-02  0.175153E-02  0.106919E-02
  -640.700  0.115541E-01  0.243359E-02  0.181127E-02  0.154741E-02  0.925998E-03
  -640.600  0.112072E-01  0.222863E-02  0.163922E-02  0.139143E-02  0.814942E-03
  -640.500  0.110490E-01  0.208126E-02  0.151292E-02  0.127590E-02  0.730851E-03
  -640.400  0.110493E-01  0.198174E-02  0.142459E-02  0.119391E-02  0.669079E-03
  -640.300  0.111815E-01  0.192150E-02  0.136735E-02  0.113936E-02  0.625522E-03
  -640.200  0.114225E-01  0.189307E-02  0.133523E-02  0.110696E-02  0.596625E-03
  -640.100  0.117523E-01  0.189008E-02  0.132313E-02  0.109219E-02  0.579356E-03
  -640.000  0.121533E-01  0.190712E-02  0.132675E-02  0.109124E-02  0.571168E-03
  -639.900  0.126099E-01  0.193961E-02  0.134247E-02  0.110091E-02  0.569945E-03
  -639.800  0.131075E-01  0.198370E-02  0.136726E-02  0.111854E-02  0.573943E-03
  -639.700  0.136324E-01  0.203607E-02  0.139857E-02  0.114190E-02  0.581725E-03
  -639.600  0.141710E-01  0.209382E-02  0.143418E-02  0.116910E-02  0.592101E-03
  -639.500  0.147095E-01  0.215434E-02  0.147216E-02  0.119846E-02  0.604068E-03
  -639.400  0.152338E-01  0.221519E-02  0.151077E-02  0.122852E-02  0.616764E-03
  -639.300  0.157294E-01  0.227410E-02  0.154836E-02  0.125791E-02  0.629429E-03
  -639.200  0.161817E-01  0.232884E-02  0.158341E-02  0.128537E-02  0.641374E-03
  -639.100  0.165761E-01  0.237728E-02  0.161444E-02  0.130968E-02  0.651969E-03
  -639.000  0.168987E-01  0.241739E-02  0.164007E-02  0.132973E-02  0.660630E-03
  -638.900  0.171363E-01  0.244727E-02  0.165899E-02  0.134444E-02  0.666826E-03
  -638.800  0.172777E-01  0.246522E-02  0.167006E-02  0.135289E-02  0.670080E-03
  -638.700  0.173134E-01  0.246977E-02  0.167227E-02  0.135426E-02  0.669983E-03
  -638.600  0.172367E-01  0.245978E-02  0.166483E-02  0.134790E-02  0.666207E-03
  -638.500  0.170434E-01  0.243445E-02  0.164720E-02  0.133336E-02  0.658518E-03
  -638.400  0.167328E-01  0.239338E-02  0.161907E-02  0.131041E-02  0.646784E-03
  -638.300  0.163072E-01  0.233662E-02  0.158046E-02  0.127902E-02  0.630988E-03
  -638.200  0.157719E-01  0.226463E-02  0.153165E-02  0.123943E-02  0.611226E-03
  -638.100  0.151355E-01  0.217830E-02  0.147322E-02  0.119209E-02  0.587708E-03
  -638.000  0.144089E-01  0.207894E-02  0.140603E-02  0.113768E-02  0.560756E-03
  -637.900  0.136055E-01  0.196818E-02  0.133115E-02  0.107708E-02  0.530784E-03
  -637.800  0.127402E-01  0.184796E-02  0.124989E-02  0.101131E-02  0.498294E-03
  -637.700  0.118293E-01  0.172044E-02  0.116367E-02  0.941541E-03  0.463846E-03
  -637.600  0.108892E-01  0.158789E-02  0.107405E-02  0.869011E-03  0.428045E-03
  -637.500  0.993679E-02  0.145266E-02  0.982589E-03  0.794990E-03  0.391512E-03
  -637.400  0.898787E-02  0.131706E-02  0.890847E-03  0.720736E-03  0.354867E-03
  -637.300  0.805728E-02  0.118326E-02  0.800304E-03  0.647446E-03  0.318696E-03
  -637.200  0.715823E-02  0.105327E-02  0.712314E-03  0.576218E-03  0.283542E-03
  -637.100  0.630201E-02  0.928829E-03  0.628065E-03  0.508015E-03  0.249881E-03
  -637.000  0.549776E-02  0.811396E-03  0.548548E-03  0.443639E-03  0.218111E-03
  -636.900  0.475234E-02  0.702102E-03  0.474535E-03  0.383720E-03  0.188544E-03
  -636.800  0.407036E-02  0.601750E-03  0.406576E-03  0.328703E-03  0.161401E-03
  -636.700  0.345427E-02  0.510817E-03  0.345000E-03  0.278856E-03  0.136817E-03
  -636.600  0.290452E-02  0.429478E-03  0.289927E-03  0.234278E-03  0.114840E-03
  -636.500  0.241988E-02  0.357636E-03  0.241296E-03  0.194921E-03  0.954476E-04
  -636.400  0.199765E-02  0.294965E-03  0.198886E-03  0.160605E-03  0.785510E-04
  -636.300  0.163404E-02  0.240958E-03  0.162354E-03  0.131052E-03  0.640117E-04
  -636.200  0.132445E-02  0.194969E-03  0.131263E-03  0.105908E-03  0.516535E-04
  -636.100  0.106377E-02  0.156265E-03  0.105112E-03  0.847669E-04  0.412749E-04
  -636.000  0.846665E-03  0.124064E-03  0.833712E-04  0.671981E-04  0.326617E-04
  -635.900  0.667784E-03  0.975746E-04  0.655017E-04  0.527643E-04  0.255962E-04
  -635.800  0.521945E-03  0.760245E-04  0.509777E-04  0.410389E-04  0.198664E-04
  -635.700  0.404277E-03  0.586826E-04  0.393021E-04  0.316185E-04  0.152716E-04
  -635.600  0.310307E-03  0.448760E-04  0.300173E-04  0.241319E-04  0.000000E+00
  -635.500  0.236021E-03  0.339996E-04  0.227120E-04  0.182454E-04  0.000000E+00
  -635.400  0.177883E-03  0.255203E-04  0.170244E-04  0.136658E-04  0.000000E+00
  -635.300  0.132836E-03  0.189776E-04  0.000000E+00  0.000000E+00  0.000000E+00
  -635.200  0.982782E-04  0.139805E-04  0.000000E+00  0.000000E+00  0.000000E+00
  -635.100  0.720299E-04  0.000000E+00  0.000000E+00  0.000000E+00  0.000000E+00
  -635.000  0.522915E-04  0.000000E+00  0.000000E+00  0.000000E+00  0.000000E+00
  -634.900  0.375969E-04  0.000000E+00  0.000000E+00  0.000000E+00  0.000000E+00
  -634.800  0.267676E-04  0.000000E+00  0.000000E+00  0.000000E+00  0.000000E+00
  -634.700  0.188684E-04  0.000000E+00  0.000000E+00  0.000000E+00  0.000000E+00
  -634.600  0.131660E-04  0.000000E+00  0.000000E+00  0.000000E+00  0.000000E+00
  -634.500  0.000000E+00  0.000000E+00  0.000000E+00  0.000000E+00  0.000000E+00
  -634.400  0.000000E+00  0.000000E+00  0.000000E+00  0.000000E+00  0.000000E+00
  -634.300  0.000000E+00  0.000000E+00  0.000000E+00  0.000000E+00  0.000000E+00
  -634.200  0.000000E+00  0.000000E+00  0.000000E+00  0.000000E+00  0.000000E+00
  -634.100  0.000000E+00  0.000000E+00  0.000000E+00  0.000000E+00  0.000000E+00
  -634.000  0.000000E+00  0.000000E+00  0.000000E+00  0.000000E+00  0.000000E+00
  -633.900  0.000000E+00  0.000000E+00  0.000000E+00  0.000000E+00  0.000000E+00
  -633.800  0.000000E+00  0.000000E+00  0.000000E+00  0.000000E+00  0.000000E+00
  -633.700  0.000000E+00  0.000000E+00  0.000000E+00  0.000000E+00  0.000000E+00
  -633.600  0.000000E+00  0.000000E+00  0.000000E+00  0.000000E+00  0.000000E+00
  -633.500  0.000000E+00  0.000000E+00  0.000000E+00  0.000000E+00  0.000000E+00
  -633.400  0.000000E+00  0.000000E+00  0.000000E+00  0.000000E+00  0.000000E+00
  -633.300  0.000000E+00  0.000000E+00  0.000000E+00  0.000000E+00  0.000000E+00
  -633.200  0.000000E+00  0.000000E+00  0.000000E+00  0.000000E+00  0.000000E+00
  -633.100  0.000000E+00  0.000000E+00  0.000000E+00  0.000000E+00  0.000000E+00
  -633.000  0.000000E+00  0.000000E+00  0.000000E+00  0.000000E+00  0.000000E+00
  -632.900  0.000000E+00  0.000000E+00  0.000000E+00  0.000000E+00  0.000000E+00
  -632.800  0.000000E+00  0.000000E+00  0.000000E+00  0.000000E+00  0.000000E+00
  -632.700  0.000000E+00  0.000000E+00  0.000000E+00  0.000000E+00  0.000000E+00
  -632.600  0.000000E+00  0.000000E+00  0.000000E+00  0.000000E+00  0.000000E+00
  -632.500  0.000000E+00  0.000000E+00  0.000000E+00  0.000000E+00  0.000000E+00
  -632.400  0.000000E+00  0.000000E+00  0.000000E+00  0.000000E+00  0.000000E+00
  -632.300  0.000000E+00  0.000000E+00  0.000000E+00  0.000000E+00  0.000000E+00
  -632.200  0.000000E+00  0.000000E+00  0.000000E+00  0.000000E+00  0.000000E+00
  -632.100  0.000000E+00  0.000000E+00  0.000000E+00  0.000000E+00  0.000000E+00
  -632.000  0.000000E+00  0.000000E+00  0.000000E+00  0.000000E+00  0.000000E+00
  -631.900  0.000000E+00  0.000000E+00  0.000000E+00  0.000000E+00  0.000000E+00
  -631.800  0.000000E+00  0.000000E+00  0.000000E+00  0.000000E+00  0.000000E+00
  -631.700  0.000000E+00  0.000000E+00  0.000000E+00  0.000000E+00  0.000000E+00
  -631.600  0.000000E+00  0.000000E+00  0.000000E+00  0.000000E+00  0.000000E+00
  -631.500  0.000000E+00  0.000000E+00  0.000000E+00  0.000000E+00  0.000000E+00
  -631.400  0.000000E+00  0.000000E+00  0.000000E+00  0.000000E+00  0.000000E+00
  -631.300  0.000000E+00  0.000000E+00  0.000000E+00  0.000000E+00  0.000000E+00
  -631.200  0.000000E+00  0.000000E+00  0.000000E+00  0.000000E+00  0.000000E+00
  -631.100  0.000000E+00  0.000000E+00  0.000000E+00  0.000000E+00  0.000000E+00
  -631.000  0.000000E+00  0.000000E+00  0.000000E+00  0.000000E+00  0.000000E+00
  -630.900  0.000000E+00  0.000000E+00  0.000000E+00  0.000000E+00  0.000000E+00
  -630.800  0.000000E+00  0.000000E+00  0.000000E+00  0.000000E+00  0.000000E+00
  -630.700  0.000000E+00  0.000000E+00  0.000000E+00  0.000000E+00  0.000000E+00
  -630.600  0.000000E+00  0.000000E+00  0.000000E+00  0.000000E+00  0.000000E+00
  -630.500  0.000000E+00  0.000000E+00  0.000000E+00  0.000000E+00  0.000000E+00
  -630.400  0.000000E+00  0.000000E+00  0.000000E+00  0.000000E+00  0.000000E+00
  -630.300  0.000000E+00  0.000000E+00  0.000000E+00  0.000000E+00  0.000000E+00
  -630.200  0.000000E+00  0.000000E+00  0.000000E+00  0.000000E+00  0.000000E+00
  -630.100  0.000000E+00  0.000000E+00  0.000000E+00  0.000000E+00  0.000000E+00
  -630.000  0.000000E+00  0.000000E+00  0.000000E+00  0.000000E+00  0.000000E+00
  -629.900  0.000000E+00  0.000000E+00  0.000000E+00  0.000000E+00  0.000000E+00
  -629.800  0.000000E+00  0.000000E+00  0.000000E+00  0.000000E+00  0.000000E+00
  -629.700  0.000000E+00  0.000000E+00  0.000000E+00  0.000000E+00  0.000000E+00
  -629.600  0.000000E+00  0.000000E+00  0.000000E+00  0.000000E+00  0.000000E+00
  -629.500  0.000000E+00  0.000000E+00  0.000000E+00  0.000000E+00  0.000000E+00
  -629.400  0.000000E+00  0.000000E+00  0.000000E+00  0.000000E+00  0.000000E+00
  -629.300  0.000000E+00  0.000000E+00  0.000000E+00  0.000000E+00  0.000000E+00
  -629.200  0.000000E+00  0.000000E+00  0.000000E+00  0.000000E+00  0.000000E+00
  -629.100  0.000000E+00  0.000000E+00  0.000000E+00  0.000000E+00  0.000000E+00
  -629.000  0.000000E+00  0.000000E+00  0.000000E+00  0.000000E+00  0.000000E+00
  -628.900  0.000000E+00  0.000000E+00  0.000000E+00  0.000000E+00  0.000000E+00
  -628.800  0.000000E+00  0.000000E+00  0.000000E+00  0.000000E+00  0.000000E+00
  -628.700  0.000000E+00  0.000000E+00  0.000000E+00  0.000000E+00  0.000000E+00
  -628.600  0.000000E+00  0.000000E+00  0.000000E+00  0.000000E+00  0.000000E+00
  -628.500  0.000000E+00  0.000000E+00  0.000000E+00  0.000000E+00  0.000000E+00
  -628.400  0.000000E+00  0.000000E+00  0.000000E+00  0.000000E+00  0.000000E+00
  -628.300  0.000000E+00  0.000000E+00  0.000000E+00  0.000000E+00  0.000000E+00
  -628.200  0.000000E+00  0.000000E+00  0.000000E+00  0.000000E+00  0.000000E+00
  -628.100  0.000000E+00  0.000000E+00  0.000000E+00  0.000000E+00  0.000000E+00
  -628.000  0.000000E+00  0.000000E+00  0.000000E+00  0.000000E+00  0.000000E+00
  -627.900  0.000000E+00  0.000000E+00  0.000000E+00  0.000000E+00  0.000000E+00
  -627.800  0.000000E+00  0.000000E+00  0.000000E+00  0.000000E+00  0.000000E+00
  -627.700  0.000000E+00  0.000000E+00  0.000000E+00  0.000000E+00  0.000000E+00
  -627.600  0.000000E+00  0.000000E+00  0.000000E+00  0.000000E+00  0.000000E+00
  -627.500  0.000000E+00  0.000000E+00  0.000000E+00  0.000000E+00  0.000000E+00
  -627.400  0.000000E+00  0.000000E+00  0.000000E+00  0.000000E+00  0.000000E+00
  -627.300  0.000000E+00  0.000000E+00  0.000000E+00  0.000000E+00  0.000000E+00
  -627.200  0.000000E+00  0.000000E+00  0.000000E+00  0.000000E+00  0.000000E+00
  -627.100  0.000000E+00  0.000000E+00  0.000000E+00  0.000000E+00  0.000000E+00
  -627.000  0.000000E+00  0.000000E+00  0.000000E+00  0.000000E+00  0.000000E+00
  -626.900  0.000000E+00  0.000000E+00  0.000000E+00  0.000000E+00  0.000000E+00
  -626.800  0.000000E+00  0.000000E+00  0.000000E+00  0.000000E+00  0.000000E+00
  -626.700  0.000000E+00  0.000000E+00  0.000000E+00  0.000000E+00  0.000000E+00
  -626.600  0.000000E+00  0.000000E+00  0.000000E+00  0.000000E+00  0.000000E+00
  -626.500  0.000000E+00  0.000000E+00  0.000000E+00  0.000000E+00  0.000000E+00
  -626.400  0.000000E+00  0.000000E+00  0.000000E+00  0.000000E+00  0.000000E+00
  -626.300  0.000000E+00  0.000000E+00  0.000000E+00  0.000000E+00  0.000000E+00
  -626.200  0.000000E+00  0.000000E+00  0.000000E+00  0.000000E+00  0.000000E+00
  -626.100  0.000000E+00  0.000000E+00  0.000000E+00  0.000000E+00  0.000000E+00
  -626.000  0.000000E+00  0.000000E+00  0.000000E+00  0.000000E+00  0.000000E+00
  -625.900  0.000000E+00  0.000000E+00  0.000000E+00  0.000000E+00  0.000000E+00
  -625.800  0.000000E+00  0.000000E+00  0.000000E+00  0.000000E+00  0.000000E+00
  -625.700  0.000000E+00  0.000000E+00  0.000000E+00  0.000000E+00  0.000000E+00
  -625.600  0.000000E+00  0.000000E+00  0.000000E+00  0.000000E+00  0.000000E+00
  -625.500  0.000000E+00  0.000000E+00  0.000000E+00  0.000000E+00  0.000000E+00
  -625.400  0.000000E+00  0.000000E+00  0.000000E+00  0.000000E+00  0.000000E+00
  -625.300  0.000000E+00  0.000000E+00  0.000000E+00  0.000000E+00  0.000000E+00
  -625.200  0.000000E+00  0.000000E+00  0.000000E+00  0.000000E+00  0.000000E+00
  -625.100  0.000000E+00  0.000000E+00  0.000000E+00  0.000000E+00  0.000000E+00
  -625.000  0.000000E+00  0.000000E+00  0.000000E+00  0.000000E+00  0.000000E+00
  -624.900  0.000000E+00  0.000000E+00  0.000000E+00  0.000000E+00  0.000000E+00
  -624.800  0.000000E+00  0.000000E+00  0.000000E+00  0.000000E+00  0.000000E+00
  -624.700  0.000000E+00  0.000000E+00  0.000000E+00  0.000000E+00  0.000000E+00
  -624.600  0.000000E+00  0.000000E+00  0.000000E+00  0.000000E+00  0.000000E+00
  -624.500  0.000000E+00  0.000000E+00  0.000000E+00  0.000000E+00  0.000000E+00
  -624.400  0.000000E+00  0.000000E+00  0.000000E+00  0.000000E+00  0.000000E+00
  -624.300  0.000000E+00  0.000000E+00  0.000000E+00  0.000000E+00  0.000000E+00
  -624.200  0.000000E+00  0.000000E+00  0.000000E+00  0.000000E+00  0.000000E+00
  -624.100  0.000000E+00  0.000000E+00  0.000000E+00  0.000000E+00  0.000000E+00
  -624.000  0.000000E+00  0.000000E+00  0.000000E+00  0.000000E+00  0.000000E+00
  -623.900  0.000000E+00  0.000000E+00  0.000000E+00  0.000000E+00  0.000000E+00
  -623.800  0.000000E+00  0.000000E+00  0.000000E+00  0.000000E+00  0.000000E+00
  -623.700  0.000000E+00  0.000000E+00  0.000000E+00  0.000000E+00  0.000000E+00
  -623.600  0.000000E+00  0.000000E+00  0.000000E+00  0.000000E+00  0.000000E+00
  -623.500  0.000000E+00  0.000000E+00  0.000000E+00  0.000000E+00  0.000000E+00
  -623.400  0.000000E+00  0.000000E+00  0.000000E+00  0.000000E+00  0.000000E+00
  -623.300  0.000000E+00  0.000000E+00  0.000000E+00  0.000000E+00  0.000000E+00
  -623.200  0.000000E+00  0.000000E+00  0.000000E+00  0.000000E+00  0.000000E+00
  -623.100  0.000000E+00  0.000000E+00  0.000000E+00  0.000000E+00  0.000000E+00
  -623.000  0.000000E+00  0.000000E+00  0.000000E+00  0.000000E+00  0.000000E+00
  -622.900  0.000000E+00  0.000000E+00  0.000000E+00  0.000000E+00  0.000000E+00
  -622.800  0.000000E+00  0.000000E+00  0.000000E+00  0.000000E+00  0.000000E+00
  -622.700  0.000000E+00  0.000000E+00  0.000000E+00  0.000000E+00  0.000000E+00
  -622.600  0.000000E+00  0.000000E+00  0.000000E+00  0.000000E+00  0.000000E+00
  -622.500  0.000000E+00  0.000000E+00  0.000000E+00  0.000000E+00  0.000000E+00
  -622.400  0.000000E+00  0.000000E+00  0.000000E+00  0.000000E+00  0.000000E+00
  -622.300  0.000000E+00  0.000000E+00  0.000000E+00  0.000000E+00  0.000000E+00
  -622.200  0.000000E+00  0.000000E+00  0.000000E+00  0.000000E+00  0.000000E+00
  -622.100  0.000000E+00  0.000000E+00  0.000000E+00  0.000000E+00  0.000000E+00
  -622.000  0.000000E+00  0.000000E+00  0.000000E+00  0.000000E+00  0.000000E+00
  -621.900  0.000000E+00  0.000000E+00  0.000000E+00  0.000000E+00  0.000000E+00
  -621.800  0.000000E+00  0.000000E+00  0.000000E+00  0.000000E+00  0.000000E+00
  -621.700  0.000000E+00  0.000000E+00  0.000000E+00  0.000000E+00  0.000000E+00
  -621.600  0.000000E+00  0.000000E+00  0.000000E+00  0.000000E+00  0.000000E+00
  -621.500  0.000000E+00  0.000000E+00  0.000000E+00  0.000000E+00  0.000000E+00
  -621.400  0.000000E+00  0.000000E+00  0.000000E+00  0.000000E+00  0.000000E+00
  -621.300  0.000000E+00  0.000000E+00  0.000000E+00  0.000000E+00  0.000000E+00
  -621.200  0.000000E+00  0.000000E+00  0.000000E+00  0.000000E+00  0.000000E+00
  -621.100  0.000000E+00  0.000000E+00  0.000000E+00  0.000000E+00  0.000000E+00
  -621.000  0.000000E+00  0.000000E+00  0.000000E+00  0.000000E+00  0.000000E+00
  -620.900  0.000000E+00  0.000000E+00  0.000000E+00  0.000000E+00  0.000000E+00
  -620.800  0.000000E+00  0.000000E+00  0.000000E+00  0.000000E+00  0.000000E+00
  -620.700  0.000000E+00  0.000000E+00  0.000000E+00  0.000000E+00  0.000000E+00
  -620.600  0.000000E+00  0.000000E+00  0.000000E+00  0.000000E+00  0.000000E+00
  -620.500  0.000000E+00  0.000000E+00  0.000000E+00  0.000000E+00  0.000000E+00
  -620.400  0.000000E+00  0.000000E+00  0.000000E+00  0.000000E+00  0.000000E+00
  -620.300  0.000000E+00  0.000000E+00  0.000000E+00  0.000000E+00  0.000000E+00
  -620.200  0.000000E+00  0.000000E+00  0.000000E+00  0.000000E+00  0.000000E+00
  -620.100  0.000000E+00  0.000000E+00  0.000000E+00  0.000000E+00  0.000000E+00
  -620.000  0.000000E+00  0.000000E+00  0.000000E+00  0.000000E+00  0.000000E+00
