 x      300.00000000000000        873.00000000000000        1273.0000000000000        1673.0000000000000     
  -680.000  0.000000E+00  0.000000E+00  0.000000E+00  0.000000E+00  0.000000E+00
  -679.900  0.000000E+00  0.000000E+00  0.000000E+00  0.000000E+00  0.000000E+00
  -679.800  0.000000E+00  0.000000E+00  0.000000E+00  0.000000E+00  0.000000E+00
  -679.700  0.000000E+00  0.000000E+00  0.000000E+00  0.000000E+00  0.000000E+00
  -679.600  0.000000E+00  0.000000E+00  0.000000E+00  0.000000E+00  0.000000E+00
  -679.500  0.000000E+00  0.000000E+00  0.000000E+00  0.000000E+00  0.000000E+00
  -679.400  0.000000E+00  0.000000E+00  0.000000E+00  0.000000E+00  0.000000E+00
  -679.300  0.000000E+00  0.000000E+00  0.000000E+00  0.000000E+00  0.000000E+00
  -679.200  0.000000E+00  0.000000E+00  0.000000E+00  0.000000E+00  0.000000E+00
  -679.100  0.000000E+00  0.000000E+00  0.000000E+00  0.000000E+00  0.000000E+00
  -679.000  0.000000E+00  0.000000E+00  0.000000E+00  0.000000E+00  0.000000E+00
  -678.900  0.000000E+00  0.000000E+00  0.000000E+00  0.000000E+00  0.000000E+00
  -678.800  0.000000E+00  0.000000E+00  0.000000E+00  0.000000E+00  0.000000E+00
  -678.700  0.000000E+00  0.000000E+00  0.000000E+00  0.000000E+00  0.000000E+00
  -678.600  0.000000E+00  0.000000E+00  0.000000E+00  0.000000E+00  0.000000E+00
  -678.500  0.000000E+00  0.000000E+00  0.000000E+00  0.000000E+00  0.000000E+00
  -678.400  0.000000E+00  0.000000E+00  0.000000E+00  0.000000E+00  0.000000E+00
  -678.300  0.000000E+00  0.000000E+00  0.000000E+00  0.000000E+00  0.000000E+00
  -678.200  0.000000E+00  0.000000E+00  0.000000E+00  0.000000E+00  0.000000E+00
  -678.100  0.000000E+00  0.000000E+00  0.000000E+00  0.000000E+00  0.000000E+00
  -678.000  0.000000E+00  0.000000E+00  0.000000E+00  0.000000E+00  0.000000E+00
  -677.900  0.000000E+00  0.000000E+00  0.000000E+00  0.000000E+00  0.000000E+00
  -677.800  0.000000E+00  0.000000E+00  0.000000E+00  0.000000E+00  0.000000E+00
  -677.700  0.000000E+00  0.000000E+00  0.000000E+00  0.000000E+00  0.000000E+00
  -677.600  0.000000E+00  0.000000E+00  0.000000E+00  0.000000E+00  0.000000E+00
  -677.500  0.000000E+00  0.000000E+00  0.000000E+00  0.000000E+00  0.000000E+00
  -677.400  0.000000E+00  0.000000E+00  0.000000E+00  0.000000E+00  0.000000E+00
  -677.300  0.000000E+00  0.000000E+00  0.000000E+00  0.000000E+00  0.000000E+00
  -677.200  0.000000E+00  0.000000E+00  0.000000E+00  0.000000E+00  0.000000E+00
  -677.100  0.000000E+00  0.000000E+00  0.000000E+00  0.000000E+00  0.000000E+00
  -677.000  0.000000E+00  0.000000E+00  0.000000E+00  0.000000E+00  0.000000E+00
  -676.900  0.000000E+00  0.000000E+00  0.000000E+00  0.000000E+00  0.000000E+00
  -676.800  0.000000E+00  0.000000E+00  0.000000E+00  0.000000E+00  0.000000E+00
  -676.700  0.000000E+00  0.000000E+00  0.000000E+00  0.000000E+00  0.000000E+00
  -676.600  0.000000E+00  0.000000E+00  0.000000E+00  0.000000E+00  0.000000E+00
  -676.500  0.000000E+00  0.000000E+00  0.000000E+00  0.000000E+00  0.000000E+00
  -676.400  0.000000E+00  0.000000E+00  0.000000E+00  0.000000E+00  0.000000E+00
  -676.300  0.000000E+00  0.000000E+00  0.000000E+00  0.000000E+00  0.000000E+00
  -676.200  0.000000E+00  0.000000E+00  0.000000E+00  0.000000E+00  0.000000E+00
  -676.100  0.000000E+00  0.000000E+00  0.000000E+00  0.000000E+00  0.000000E+00
  -676.000  0.000000E+00  0.000000E+00  0.000000E+00  0.000000E+00  0.000000E+00
  -675.900  0.000000E+00  0.000000E+00  0.000000E+00  0.000000E+00  0.000000E+00
  -675.800  0.000000E+00  0.000000E+00  0.000000E+00  0.000000E+00  0.000000E+00
  -675.700  0.000000E+00  0.000000E+00  0.000000E+00  0.000000E+00  0.000000E+00
  -675.600  0.000000E+00  0.000000E+00  0.000000E+00  0.000000E+00  0.000000E+00
  -675.500  0.000000E+00  0.000000E+00  0.000000E+00  0.000000E+00  0.000000E+00
  -675.400  0.000000E+00  0.000000E+00  0.000000E+00  0.000000E+00  0.000000E+00
  -675.300  0.000000E+00  0.000000E+00  0.000000E+00  0.000000E+00  0.000000E+00
  -675.200  0.000000E+00  0.000000E+00  0.000000E+00  0.000000E+00  0.000000E+00
  -675.100  0.000000E+00  0.000000E+00  0.000000E+00  0.000000E+00  0.000000E+00
  -675.000  0.000000E+00  0.000000E+00  0.000000E+00  0.000000E+00  0.000000E+00
  -674.900  0.000000E+00  0.000000E+00  0.000000E+00  0.000000E+00  0.000000E+00
  -674.800  0.000000E+00  0.000000E+00  0.000000E+00  0.000000E+00  0.000000E+00
  -674.700  0.000000E+00  0.000000E+00  0.000000E+00  0.000000E+00  0.000000E+00
  -674.600  0.000000E+00  0.000000E+00  0.000000E+00  0.000000E+00  0.000000E+00
  -674.500  0.000000E+00  0.000000E+00  0.000000E+00  0.000000E+00  0.000000E+00
  -674.400  0.000000E+00  0.000000E+00  0.000000E+00  0.000000E+00  0.000000E+00
  -674.300  0.000000E+00  0.000000E+00  0.000000E+00  0.000000E+00  0.000000E+00
  -674.200  0.000000E+00  0.000000E+00  0.000000E+00  0.000000E+00  0.000000E+00
  -674.100  0.000000E+00  0.000000E+00  0.000000E+00  0.000000E+00  0.000000E+00
  -674.000  0.000000E+00  0.000000E+00  0.000000E+00  0.000000E+00  0.000000E+00
  -673.900  0.000000E+00  0.000000E+00  0.000000E+00  0.000000E+00  0.000000E+00
  -673.800  0.000000E+00  0.000000E+00  0.000000E+00  0.000000E+00  0.000000E+00
  -673.700  0.000000E+00  0.000000E+00  0.000000E+00  0.000000E+00  0.000000E+00
  -673.600  0.000000E+00  0.000000E+00  0.000000E+00  0.000000E+00  0.000000E+00
  -673.500  0.000000E+00  0.000000E+00  0.000000E+00  0.000000E+00  0.000000E+00
  -673.400  0.000000E+00  0.000000E+00  0.000000E+00  0.000000E+00  0.000000E+00
  -673.300  0.000000E+00  0.000000E+00  0.000000E+00  0.000000E+00  0.000000E+00
  -673.200  0.000000E+00  0.000000E+00  0.000000E+00  0.000000E+00  0.000000E+00
  -673.100  0.000000E+00  0.000000E+00  0.000000E+00  0.000000E+00  0.000000E+00
  -673.000  0.000000E+00  0.000000E+00  0.000000E+00  0.000000E+00  0.000000E+00
  -672.900  0.000000E+00  0.000000E+00  0.000000E+00  0.000000E+00  0.000000E+00
  -672.800  0.000000E+00  0.000000E+00  0.000000E+00  0.000000E+00  0.000000E+00
  -672.700  0.000000E+00  0.000000E+00  0.000000E+00  0.000000E+00  0.000000E+00
  -672.600  0.000000E+00  0.000000E+00  0.000000E+00  0.000000E+00  0.000000E+00
  -672.500  0.000000E+00  0.000000E+00  0.000000E+00  0.000000E+00  0.000000E+00
  -672.400  0.000000E+00  0.000000E+00  0.000000E+00  0.000000E+00  0.000000E+00
  -672.300  0.000000E+00  0.000000E+00  0.000000E+00  0.000000E+00  0.000000E+00
  -672.200  0.000000E+00  0.000000E+00  0.000000E+00  0.000000E+00  0.000000E+00
  -672.100  0.000000E+00  0.000000E+00  0.000000E+00  0.000000E+00  0.000000E+00
  -672.000  0.000000E+00  0.000000E+00  0.000000E+00  0.000000E+00  0.000000E+00
  -671.900  0.000000E+00  0.000000E+00  0.000000E+00  0.000000E+00  0.000000E+00
  -671.800  0.000000E+00  0.000000E+00  0.000000E+00  0.000000E+00  0.000000E+00
  -671.700  0.000000E+00  0.000000E+00  0.000000E+00  0.000000E+00  0.000000E+00
  -671.600  0.000000E+00  0.000000E+00  0.000000E+00  0.000000E+00  0.000000E+00
  -671.500  0.000000E+00  0.000000E+00  0.000000E+00  0.000000E+00  0.000000E+00
  -671.400  0.000000E+00  0.000000E+00  0.000000E+00  0.000000E+00  0.000000E+00
  -671.300  0.000000E+00  0.000000E+00  0.000000E+00  0.000000E+00  0.000000E+00
  -671.200  0.000000E+00  0.000000E+00  0.000000E+00  0.000000E+00  0.000000E+00
  -671.100  0.000000E+00  0.000000E+00  0.000000E+00  0.000000E+00  0.000000E+00
  -671.000  0.000000E+00  0.000000E+00  0.000000E+00  0.000000E+00  0.000000E+00
  -670.900  0.000000E+00  0.000000E+00  0.000000E+00  0.000000E+00  0.000000E+00
  -670.800  0.000000E+00  0.000000E+00  0.000000E+00  0.000000E+00  0.000000E+00
  -670.700  0.000000E+00  0.000000E+00  0.000000E+00  0.000000E+00  0.000000E+00
  -670.600  0.000000E+00  0.000000E+00  0.000000E+00  0.000000E+00  0.000000E+00
  -670.500  0.000000E+00  0.000000E+00  0.000000E+00  0.000000E+00  0.000000E+00
  -670.400  0.000000E+00  0.000000E+00  0.000000E+00  0.000000E+00  0.000000E+00
  -670.300  0.000000E+00  0.000000E+00  0.000000E+00  0.000000E+00  0.000000E+00
  -670.200  0.000000E+00  0.000000E+00  0.000000E+00  0.000000E+00  0.000000E+00
  -670.100  0.000000E+00  0.000000E+00  0.000000E+00  0.000000E+00  0.000000E+00
  -670.000  0.000000E+00  0.000000E+00  0.000000E+00  0.000000E+00  0.000000E+00
  -669.900  0.000000E+00  0.000000E+00  0.000000E+00  0.000000E+00  0.000000E+00
  -669.800  0.000000E+00  0.000000E+00  0.000000E+00  0.000000E+00  0.000000E+00
  -669.700  0.000000E+00  0.000000E+00  0.000000E+00  0.000000E+00  0.000000E+00
  -669.600  0.000000E+00  0.000000E+00  0.000000E+00  0.000000E+00  0.000000E+00
  -669.500  0.000000E+00  0.000000E+00  0.000000E+00  0.000000E+00  0.000000E+00
  -669.400  0.000000E+00  0.000000E+00  0.000000E+00  0.000000E+00  0.000000E+00
  -669.300  0.000000E+00  0.000000E+00  0.000000E+00  0.000000E+00  0.000000E+00
  -669.200  0.000000E+00  0.000000E+00  0.000000E+00  0.000000E+00  0.000000E+00
  -669.100  0.000000E+00  0.000000E+00  0.000000E+00  0.000000E+00  0.000000E+00
  -669.000  0.000000E+00  0.000000E+00  0.000000E+00  0.000000E+00  0.000000E+00
  -668.900  0.000000E+00  0.000000E+00  0.000000E+00  0.000000E+00  0.000000E+00
  -668.800  0.000000E+00  0.000000E+00  0.000000E+00  0.000000E+00  0.000000E+00
  -668.700  0.000000E+00  0.000000E+00  0.000000E+00  0.000000E+00  0.000000E+00
  -668.600  0.000000E+00  0.000000E+00  0.000000E+00  0.000000E+00  0.000000E+00
  -668.500  0.000000E+00  0.000000E+00  0.000000E+00  0.000000E+00  0.000000E+00
  -668.400  0.000000E+00  0.000000E+00  0.000000E+00  0.000000E+00  0.000000E+00
  -668.300  0.000000E+00  0.000000E+00  0.000000E+00  0.000000E+00  0.000000E+00
  -668.200  0.000000E+00  0.000000E+00  0.000000E+00  0.000000E+00  0.000000E+00
  -668.100  0.000000E+00  0.000000E+00  0.000000E+00  0.000000E+00  0.000000E+00
  -668.000  0.000000E+00  0.000000E+00  0.000000E+00  0.000000E+00  0.000000E+00
  -667.900  0.000000E+00  0.000000E+00  0.000000E+00  0.000000E+00  0.000000E+00
  -667.800  0.000000E+00  0.000000E+00  0.000000E+00  0.000000E+00  0.000000E+00
  -667.700  0.000000E+00  0.000000E+00  0.000000E+00  0.000000E+00  0.000000E+00
  -667.600  0.000000E+00  0.000000E+00  0.000000E+00  0.000000E+00  0.000000E+00
  -667.500  0.000000E+00  0.000000E+00  0.000000E+00  0.000000E+00  0.000000E+00
  -667.400  0.000000E+00  0.000000E+00  0.000000E+00  0.000000E+00  0.000000E+00
  -667.300  0.000000E+00  0.000000E+00  0.000000E+00  0.000000E+00  0.000000E+00
  -667.200  0.000000E+00  0.000000E+00  0.000000E+00  0.000000E+00  0.000000E+00
  -667.100  0.000000E+00  0.000000E+00  0.000000E+00  0.000000E+00  0.000000E+00
  -667.000  0.000000E+00  0.000000E+00  0.000000E+00  0.000000E+00  0.000000E+00
  -666.900  0.000000E+00  0.000000E+00  0.000000E+00  0.000000E+00  0.000000E+00
  -666.800  0.000000E+00  0.000000E+00  0.000000E+00  0.000000E+00  0.000000E+00
  -666.700  0.000000E+00  0.000000E+00  0.000000E+00  0.000000E+00  0.000000E+00
  -666.600  0.000000E+00  0.000000E+00  0.000000E+00  0.000000E+00  0.000000E+00
  -666.500  0.000000E+00  0.000000E+00  0.000000E+00  0.000000E+00  0.000000E+00
  -666.400  0.000000E+00  0.000000E+00  0.000000E+00  0.000000E+00  0.000000E+00
  -666.300  0.000000E+00  0.000000E+00  0.000000E+00  0.000000E+00  0.000000E+00
  -666.200  0.000000E+00  0.000000E+00  0.000000E+00  0.000000E+00  0.000000E+00
  -666.100  0.000000E+00  0.000000E+00  0.000000E+00  0.000000E+00  0.000000E+00
  -666.000  0.000000E+00  0.000000E+00  0.000000E+00  0.000000E+00  0.000000E+00
  -665.900  0.000000E+00  0.000000E+00  0.000000E+00  0.000000E+00  0.000000E+00
  -665.800  0.000000E+00  0.000000E+00  0.000000E+00  0.000000E+00  0.000000E+00
  -665.700  0.000000E+00  0.000000E+00  0.000000E+00  0.000000E+00  0.000000E+00
  -665.600  0.000000E+00  0.000000E+00  0.000000E+00  0.000000E+00  0.000000E+00
  -665.500  0.000000E+00  0.000000E+00  0.000000E+00  0.000000E+00  0.000000E+00
  -665.400  0.170889E-04  0.000000E+00  0.000000E+00  0.000000E+00  0.000000E+00
  -665.300  0.258482E-04  0.000000E+00  0.000000E+00  0.000000E+00  0.000000E+00
  -665.200  0.386465E-04  0.154878E-04  0.000000E+00  0.000000E+00  0.000000E+00
  -665.100  0.571263E-04  0.232650E-04  0.201309E-04  0.186333E-04  0.143768E-04
  -665.000  0.835009E-04  0.345926E-04  0.299824E-04  0.277744E-04  0.214853E-04
  -664.900  0.120715E-03  0.509222E-04  0.442161E-04  0.409963E-04  0.318048E-04
  -664.800  0.172641E-03  0.742256E-04  0.645777E-04  0.599335E-04  0.466444E-04
  -664.700  0.244302E-03  0.107152E-03  0.934223E-04  0.867957E-04  0.677860E-04
  -664.600  0.342143E-03  0.153221E-03  0.133893E-03  0.124539E-03  0.976318E-04
  -664.500  0.474335E-03  0.217063E-03  0.190143E-03  0.177076E-03  0.139388E-03
  -664.400  0.651109E-03  0.304696E-03  0.267596E-03  0.249536E-03  0.197293E-03
  -664.300  0.885135E-03  0.423863E-03  0.373269E-03  0.348567E-03  0.276890E-03
  -664.200  0.119191E-02  0.584416E-03  0.516138E-03  0.482699E-03  0.385365E-03
  -664.100  0.159019E-02  0.798749E-03  0.707559E-03  0.662759E-03  0.531928E-03
  -664.000  0.210233E-02  0.108228E-02  0.961744E-03  0.902341E-03  0.728270E-03
  -663.900  0.275476E-02  0.145395E-02  0.129628E-02  0.121832E-02  0.989069E-03
  -663.800  0.357820E-02  0.193678E-02  0.173266E-02  0.163141E-02  0.133256E-02
  -663.700  0.460793E-02  0.255838E-02  0.229688E-02  0.216673E-02  0.178112E-02
  -663.600  0.588387E-02  0.335144E-02  0.301993E-02  0.285439E-02  0.236195E-02
  -663.500  0.745049E-02  0.435416E-02  0.393836E-02  0.373001E-02  0.310765E-02
  -663.400  0.935647E-02  0.561059E-02  0.509463E-02  0.483519E-02  0.405686E-02
  -663.300  0.116541E-01  0.717075E-02  0.653746E-02  0.621790E-02  0.525481E-02
  -663.200  0.143986E-01  0.909066E-02  0.832196E-02  0.793265E-02  0.675376E-02
  -663.100  0.176465E-01  0.114321E-01  0.105095E-01  0.100406E-01  0.861328E-02
  -663.000  0.214551E-01  0.142620E-01  0.131676E-01  0.126091E-01  0.109004E-01
  -662.900  0.258801E-01  0.176521E-01  0.163693E-01  0.157119E-01  0.136896E-01
  -662.800  0.309742E-01  0.216774E-01  0.201921E-01  0.194278E-01  0.170622E-01
  -662.700  0.367860E-01  0.264158E-01  0.247178E-01  0.238402E-01  0.211064E-01
  -662.600  0.433579E-01  0.319464E-01  0.300309E-01  0.290361E-01  0.259161E-01
  -662.500  0.507262E-01  0.383487E-01  0.362175E-01  0.351051E-01  0.315905E-01
  -662.400  0.589200E-01  0.457013E-01  0.433647E-01  0.421386E-01  0.382329E-01
  -662.300  0.679624E-01  0.540820E-01  0.515600E-01  0.502287E-01  0.459504E-01
  -662.200  0.778724E-01  0.635669E-01  0.608905E-01  0.594683E-01  0.548532E-01
  -662.100  0.886668E-01  0.742319E-01  0.714436E-01  0.699513E-01  0.650548E-01
  -662.000  0.100365E+00  0.861530E-01  0.833084E-01  0.817732E-01  0.766721E-01
  -661.900  0.112992E+00  0.994096E-01  0.965766E-01  0.950327E-01  0.898269E-01
  -661.800  0.126585E+00  0.114087E+00  0.111346E+00  0.109835E+00  0.104648E+00
  -661.700  0.141199E+00  0.130279E+00  0.127723E+00  0.126293E+00  0.121272E+00
  -661.600  0.156910E+00  0.148095E+00  0.145829E+00  0.144533E+00  0.139850E+00
  -661.500  0.173820E+00  0.167662E+00  0.165799E+00  0.164700E+00  0.160548E+00
  -661.400  0.192061E+00  0.189130E+00  0.187794E+00  0.186957E+00  0.183553E+00
  -661.300  0.211795E+00  0.212674E+00  0.211998E+00  0.211495E+00  0.209076E+00
  -661.200  0.233209E+00  0.238500E+00  0.238623E+00  0.238531E+00  0.237353E+00
  -661.100  0.256518E+00  0.266843E+00  0.267912E+00  0.268312E+00  0.268650E+00
  -661.000  0.281953E+00  0.297965E+00  0.300135E+00  0.301113E+00  0.303261E+00
  -660.900  0.309754E+00  0.332153E+00  0.335589E+00  0.337236E+00  0.341504E+00
  -660.800  0.340155E+00  0.369712E+00  0.374587E+00  0.376999E+00  0.383718E+00
  -660.700  0.373376E+00  0.410953E+00  0.417452E+00  0.420732E+00  0.430252E+00
  -660.600  0.409603E+00  0.456180E+00  0.464503E+00  0.468759E+00  0.481450E+00
  -660.500  0.448976E+00  0.505673E+00  0.516037E+00  0.521386E+00  0.537639E+00
  -660.400  0.491572E+00  0.559673E+00  0.572311E+00  0.578878E+00  0.599109E+00
  -660.300  0.537394E+00  0.618355E+00  0.633520E+00  0.641440E+00  0.666089E+00
  -660.200  0.586356E+00  0.681813E+00  0.699780E+00  0.709196E+00  0.738724E+00
  -660.100  0.638276E+00  0.750038E+00  0.771098E+00  0.782163E+00  0.817057E+00
  -660.000  0.692866E+00  0.822896E+00  0.847361E+00  0.860235E+00  0.901000E+00
  -659.900  0.749736E+00  0.900116E+00  0.928312E+00  0.943163E+00  0.990323E+00
  -659.800  0.808390E+00  0.981281E+00  0.101354E+01  0.103054E+01  0.108463E+01
  -659.700  0.868236E+00  0.106582E+01  0.110248E+01  0.112181E+01  0.118336E+01
  -659.600  0.928593E+00  0.115300E+01  0.119441E+01  0.121623E+01  0.128579E+01
  -659.500  0.988710E+00  0.124195E+01  0.128844E+01  0.131292E+01  0.139100E+01
  -659.400  0.104778E+01  0.133169E+01  0.138355E+01  0.141086E+01  0.149796E+01
  -659.300  0.110496E+01  0.142110E+01  0.147862E+01  0.150890E+01  0.160549E+01
  -659.200  0.115942E+01  0.150902E+01  0.157243E+01  0.160581E+01  0.171229E+01
  -659.100  0.121031E+01  0.159421E+01  0.166372E+01  0.170030E+01  0.181704E+01
  -659.000  0.125687E+01  0.167546E+01  0.175119E+01  0.179106E+01  0.191833E+01
  -658.900  0.129835E+01  0.175156E+01  0.183361E+01  0.187681E+01  0.201482E+01
  -658.800  0.133416E+01  0.182142E+01  0.190978E+01  0.195633E+01  0.210519E+01
  -658.700  0.136375E+01  0.188401E+01  0.197863E+01  0.202852E+01  0.218823E+01
  -658.600  0.138675E+01  0.193847E+01  0.203922E+01  0.209239E+01  0.226285E+01
  -658.500  0.140290E+01  0.198410E+01  0.209077E+01  0.214713E+01  0.232815E+01
  -658.400  0.141208E+01  0.202038E+01  0.213270E+01  0.219213E+01  0.238338E+01
  -658.300  0.141431E+01  0.204700E+01  0.216463E+01  0.222696E+01  0.242802E+01
  -658.200  0.140975E+01  0.206381E+01  0.218636E+01  0.225142E+01  0.246177E+01
  -658.100  0.139867E+01  0.207090E+01  0.219792E+01  0.226548E+01  0.248452E+01
  -658.000  0.138146E+01  0.206850E+01  0.219950E+01  0.226932E+01  0.249637E+01
  -657.900  0.135859E+01  0.205702E+01  0.219148E+01  0.226330E+01  0.249760E+01
  -657.800  0.133059E+01  0.203696E+01  0.217435E+01  0.224790E+01  0.248864E+01
  -657.700  0.129806E+01  0.200898E+01  0.214872E+01  0.222372E+01  0.247005E+01
  -657.600  0.126158E+01  0.197375E+01  0.211528E+01  0.219143E+01  0.244248E+01
  -657.500  0.122178E+01  0.193200E+01  0.207477E+01  0.215178E+01  0.240664E+01
  -657.400  0.117924E+01  0.188448E+01  0.202791E+01  0.210548E+01  0.236323E+01
  -657.300  0.113451E+01  0.183191E+01  0.197543E+01  0.205328E+01  0.231298E+01
  -657.200  0.108811E+01  0.177496E+01  0.191804E+01  0.199586E+01  0.225656E+01
  -657.100  0.104048E+01  0.171427E+01  0.185635E+01  0.193385E+01  0.219459E+01
  -657.000  0.992027E+00  0.165039E+01  0.179094E+01  0.186783E+01  0.212764E+01
  -656.900  0.943082E+00  0.158383E+01  0.172233E+01  0.179831E+01  0.205619E+01
  -656.800  0.893925E+00  0.151504E+01  0.165095E+01  0.172575E+01  0.198067E+01
  -656.700  0.844789E+00  0.144439E+01  0.157722E+01  0.165053E+01  0.190147E+01
  -656.600  0.795868E+00  0.137225E+01  0.150149E+01  0.157302E+01  0.181893E+01
  -656.500  0.747333E+00  0.129894E+01  0.142410E+01  0.149358E+01  0.173340E+01
  -656.400  0.699335E+00  0.122479E+01  0.134541E+01  0.141256E+01  0.164524E+01
  -656.300  0.652025E+00  0.115014E+01  0.126578E+01  0.133031E+01  0.155485E+01
  -656.200  0.605555E+00  0.107534E+01  0.118558E+01  0.124726E+01  0.146266E+01
  -656.100  0.560091E+00  0.100077E+01  0.110525E+01  0.116385E+01  0.136920E+01
  -656.000  0.515809E+00  0.926851E+00  0.102525E+01  0.108057E+01  0.127505E+01
  -655.900  0.472900E+00  0.854031E+00  0.946101E+00  0.997968E+00  0.118086E+01
  -655.800  0.431562E+00  0.782776E+00  0.868324E+00  0.916611E+00  0.108735E+01
  -655.700  0.392000E+00  0.713565E+00  0.792477E+00  0.837097E+00  0.995268E+00
  -655.600  0.354410E+00  0.646870E+00  0.719113E+00  0.760025E+00  0.905373E+00
  -655.500  0.318978E+00  0.583144E+00  0.648762E+00  0.685973E+00  0.818422E+00
  -655.400  0.285866E+00  0.522800E+00  0.581917E+00  0.615478E+00  0.735129E+00
  -655.300  0.255206E+00  0.466196E+00  0.519010E+00  0.549019E+00  0.656138E+00
  -655.200  0.227095E+00  0.413622E+00  0.460398E+00  0.486991E+00  0.582002E+00
  -655.100  0.201590E+00  0.365288E+00  0.406350E+00  0.429700E+00  0.513165E+00
  -655.000  0.178706E+00  0.321324E+00  0.357041E+00  0.377350E+00  0.449946E+00
  -654.900  0.158420E+00  0.281771E+00  0.312549E+00  0.330041E+00  0.392534E+00
  -654.800  0.140669E+00  0.246592E+00  0.272858E+00  0.287772E+00  0.340991E+00
  -654.700  0.125360E+00  0.215673E+00  0.237866E+00  0.250448E+00  0.295257E+00
  -654.600  0.112374E+00  0.188837E+00  0.207394E+00  0.217890E+00  0.255165E+00
  -654.500  0.101573E+00  0.165854E+00  0.181201E+00  0.189853E+00  0.220455E+00
  -654.400  0.928082E-01  0.146457E+00  0.158997E+00  0.166037E+00  0.190795E+00
  -654.300  0.859240E-01  0.130351E+00  0.140463E+00  0.146106E+00  0.165800E+00
  -654.200  0.807671E-01  0.117233E+00  0.125259E+00  0.129704E+00  0.145053E+00
  -654.100  0.771895E-01  0.106797E+00  0.113046E+00  0.116471E+00  0.128125E+00
  -654.000  0.750526E-01  0.987499E-01  0.103492E+00  0.106054E+00  0.114588E+00
  -653.900  0.742302E-01  0.928163E-01  0.962844E-01  0.981186E-01  0.104034E+00
  -653.800  0.746096E-01  0.887484E-01  0.911392E-01  0.923613E-01  0.960853E-01
  -653.700  0.760930E-01  0.863296E-01  0.878064E-01  0.885126E-01  0.904043E-01
  -653.600  0.785973E-01  0.853784E-01  0.860745E-01  0.863437E-01  0.866989E-01
  -653.500  0.820546E-01  0.857507E-01  0.857737E-01  0.856695E-01  0.847286E-01
  -653.400  0.864122E-01  0.873403E-01  0.867770E-01  0.863504E-01  0.843060E-01
  -653.300  0.916336E-01  0.900801E-01  0.890004E-01  0.882926E-01  0.852985E-01
  -653.200  0.976998E-01  0.939408E-01  0.924033E-01  0.914476E-01  0.876271E-01
  -653.100  0.104612E+00  0.989312E-01  0.969868E-01  0.958115E-01  0.912649E-01
  -653.000  0.112395E+00  0.105097E+00  0.102793E+00  0.101423E+00  0.962352E-01
  -652.900  0.121103E+00  0.112521E+00  0.109903E+00  0.108362E+00  0.102608E+00
  -652.800  0.130824E+00  0.121322E+00  0.118437E+00  0.116748E+00  0.110496E+00
  -652.700  0.141692E+00  0.131658E+00  0.128554E+00  0.126739E+00  0.120054E+00
  -652.600  0.153889E+00  0.143723E+00  0.140447E+00  0.138530E+00  0.131473E+00
  -652.500  0.167660E+00  0.157752E+00  0.154351E+00  0.152353E+00  0.144978E+00
  -652.400  0.183318E+00  0.174024E+00  0.170538E+00  0.168476E+00  0.160825E+00
  -652.300  0.201257E+00  0.192860E+00  0.189320E+00  0.187206E+00  0.179304E+00
  -652.200  0.221955E+00  0.214633E+00  0.211051E+00  0.208889E+00  0.200731E+00
  -652.100  0.245982E+00  0.239763E+00  0.236129E+00  0.233911E+00  0.225454E+00
  -652.000  0.274002E+00  0.268726E+00  0.264998E+00  0.262698E+00  0.253849E+00
  -651.900  0.306771E+00  0.302049E+00  0.298147E+00  0.295721E+00  0.286324E+00
  -651.800  0.345134E+00  0.340311E+00  0.336110E+00  0.333491E+00  0.323317E+00
  -651.700  0.390012E+00  0.384141E+00  0.379464E+00  0.376557E+00  0.365295E+00
  -651.600  0.442385E+00  0.434206E+00  0.428821E+00  0.425502E+00  0.412750E+00
  -651.500  0.503277E+00  0.491201E+00  0.484819E+00  0.480936E+00  0.466198E+00
  -651.400  0.573723E+00  0.555838E+00  0.548111E+00  0.543481E+00  0.526164E+00
  -651.300  0.654739E+00  0.628818E+00  0.619343E+00  0.613752E+00  0.593176E+00
  -651.200  0.747284E+00  0.710812E+00  0.699134E+00  0.692344E+00  0.667743E+00
  -651.100  0.852223E+00  0.802428E+00  0.788049E+00  0.779798E+00  0.750337E+00
  -651.000  0.970278E+00  0.904181E+00  0.886569E+00  0.876578E+00  0.841368E+00
  -650.900  0.110198E+01  0.101646E+01  0.995056E+00  0.983035E+00  0.941154E+00
  -650.800  0.124763E+01  0.113948E+01  0.111372E+01  0.109938E+01  0.104989E+01
  -650.700  0.140724E+01  0.127326E+01  0.124260E+01  0.122564E+01  0.116763E+01
  -650.600  0.158049E+01  0.141760E+01  0.138149E+01  0.136163E+01  0.129423E+01
  -650.500  0.176672E+01  0.157201E+01  0.152997E+01  0.150696E+01  0.142935E+01
  -650.400  0.196484E+01  0.173576E+01  0.168734E+01  0.166096E+01  0.157243E+01
  -650.300  0.217338E+01  0.190780E+01  0.185265E+01  0.182270E+01  0.172268E+01
  -650.200  0.239044E+01  0.208679E+01  0.202465E+01  0.199100E+01  0.187906E+01
  -650.100  0.261370E+01  0.227115E+01  0.220186E+01  0.216444E+01  0.204033E+01
  -650.000  0.284051E+01  0.245901E+01  0.238256E+01  0.234135E+01  0.220503E+01
  -649.900  0.306785E+01  0.264833E+01  0.256483E+01  0.251989E+01  0.237155E+01
  -649.800  0.329250E+01  0.283689E+01  0.274662E+01  0.269810E+01  0.253813E+01
  -649.700  0.351107E+01  0.302238E+01  0.292579E+01  0.287389E+01  0.270297E+01
  -649.600  0.372008E+01  0.320247E+01  0.310015E+01  0.304518E+01  0.286422E+01
  -649.500  0.391616E+01  0.337485E+01  0.326757E+01  0.320992E+01  0.302005E+01
  -649.400  0.409607E+01  0.353732E+01  0.342600E+01  0.336613E+01  0.316874E+01
  -649.300  0.425686E+01  0.368783E+01  0.357352E+01  0.351196E+01  0.330864E+01
  -649.200  0.439597E+01  0.382455E+01  0.370841E+01  0.364574E+01  0.343827E+01
  -649.100  0.451127E+01  0.394585E+01  0.382915E+01  0.376602E+01  0.355630E+01
  -649.000  0.460115E+01  0.405039E+01  0.393445E+01  0.387152E+01  0.366156E+01
  -648.900  0.466455E+01  0.413708E+01  0.402325E+01  0.396119E+01  0.375307E+01
  -648.800  0.470094E+01  0.420510E+01  0.409470E+01  0.403421E+01  0.382999E+01
  -648.700  0.471036E+01  0.425388E+01  0.414820E+01  0.408993E+01  0.389164E+01
  -648.600  0.469329E+01  0.428309E+01  0.418332E+01  0.412789E+01  0.393747E+01
  -648.500  0.465070E+01  0.429260E+01  0.419984E+01  0.414782E+01  0.396707E+01
  -648.400  0.458389E+01  0.428251E+01  0.419769E+01  0.414958E+01  0.398015E+01
  -648.300  0.449449E+01  0.425307E+01  0.417698E+01  0.413322E+01  0.397653E+01
  -648.200  0.438436E+01  0.420474E+01  0.413798E+01  0.409892E+01  0.395618E+01
  -648.100  0.425551E+01  0.413814E+01  0.408114E+01  0.404703E+01  0.391922E+01
  -648.000  0.411008E+01  0.405407E+01  0.400707E+01  0.397807E+01  0.386593E+01
  -647.900  0.395026E+01  0.395349E+01  0.391656E+01  0.389276E+01  0.379675E+01
  -647.800  0.377826E+01  0.383754E+01  0.381058E+01  0.379198E+01  0.371234E+01
  -647.700  0.359630E+01  0.370753E+01  0.369027E+01  0.367679E+01  0.361353E+01
  -647.600  0.340652E+01  0.356491E+01  0.355698E+01  0.354847E+01  0.350137E+01
  -647.500  0.321105E+01  0.341130E+01  0.341217E+01  0.340842E+01  0.337707E+01
  -647.400  0.301193E+01  0.324840E+01  0.325748E+01  0.325823E+01  0.324200E+01
  -647.300  0.281111E+01  0.307803E+01  0.309463E+01  0.309955E+01  0.309768E+01
  -647.200  0.261044E+01  0.290205E+01  0.292541E+01  0.293416E+01  0.294571E+01
  -647.100  0.241166E+01  0.272231E+01  0.275165E+01  0.276385E+01  0.278775E+01
  -647.000  0.221639E+01  0.254067E+01  0.257517E+01  0.259040E+01  0.262547E+01
  -646.900  0.202611E+01  0.235891E+01  0.239773E+01  0.241556E+01  0.246052E+01
  -646.800  0.184211E+01  0.217870E+01  0.222100E+01  0.224100E+01  0.229448E+01
  -646.700  0.166557E+01  0.200159E+01  0.204653E+01  0.206827E+01  0.212886E+01
  -646.600  0.149744E+01  0.182899E+01  0.187576E+01  0.189878E+01  0.196506E+01
  -646.500  0.133852E+01  0.166211E+01  0.170993E+01  0.173383E+01  0.180434E+01
  -646.400  0.118943E+01  0.150203E+01  0.155016E+01  0.157450E+01  0.164783E+01
  -646.300  0.105060E+01  0.134960E+01  0.139736E+01  0.142176E+01  0.149654E+01
  -646.200  0.922280E+00  0.120555E+01  0.125229E+01  0.127641E+01  0.135135E+01
  -646.100  0.804562E+00  0.107039E+01  0.111557E+01  0.113906E+01  0.121298E+01
  -646.000  0.697390E+00  0.944487E+00  0.987628E+00  0.101021E+01  0.108205E+01
  -645.900  0.600567E+00  0.828072E+00  0.868772E+00  0.890212E+00  0.959041E+00
  -645.800  0.513783E+00  0.721223E+00  0.759170E+00  0.779270E+00  0.844332E+00
  -645.700  0.436626E+00  0.623897E+00  0.658863E+00  0.677477E+00  0.738171E+00
  -645.600  0.368611E+00  0.535937E+00  0.567780E+00  0.584808E+00  0.640696E+00
  -645.500  0.309188E+00  0.457088E+00  0.485745E+00  0.501132E+00  0.551936E+00
  -645.400  0.257775E+00  0.387008E+00  0.412485E+00  0.426218E+00  0.471810E+00
  -645.300  0.213765E+00  0.325282E+00  0.347650E+00  0.359751E+00  0.400135E+00
  -645.200  0.176554E+00  0.271437E+00  0.290818E+00  0.301341E+00  0.336635E+00
  -645.100  0.145546E+00  0.224958E+00  0.241512E+00  0.250534E+00  0.280952E+00
  -645.000  0.120180E+00  0.185297E+00  0.199213E+00  0.206830E+00  0.232654E+00
  -644.900  0.999296E-01  0.151898E+00  0.163380E+00  0.169697E+00  0.191256E+00
  -644.800  0.843227E-01  0.124204E+00  0.133458E+00  0.138586E+00  0.156235E+00
  -644.700  0.729437E-01  0.101676E+00  0.108903E+00  0.112949E+00  0.127045E+00
  -644.600  0.654398E-01  0.838014E-01  0.891860E-01  0.922512E-01  0.103139E+00
  -644.500  0.615229E-01  0.701096E-01  0.738127E-01  0.759878E-01  0.839796E-01
  -644.400  0.609684E-01  0.601770E-01  0.623307E-01  0.636915E-01  0.690590E-01
  -644.300  0.636113E-01  0.536339E-01  0.543375E-01  0.549433E-01  0.579071E-01
  -644.200  0.693396E-01  0.501672E-01  0.494852E-01  0.493770E-01  0.501014E-01
  -644.100  0.780852E-01  0.495203E-01  0.474820E-01  0.466824E-01  0.452727E-01
  -644.000  0.898122E-01  0.514902E-01  0.480907E-01  0.466041E-01  0.431071E-01
  -643.900  0.104504E+00  0.559221E-01  0.511253E-01  0.489394E-01  0.433458E-01
  -643.800  0.122150E+00  0.627028E-01  0.564452E-01  0.535322E-01  0.457820E-01
  -643.700  0.142731E+00  0.717515E-01  0.639471E-01  0.602668E-01  0.502562E-01
  -643.600  0.166206E+00  0.830111E-01  0.735575E-01  0.690599E-01  0.566496E-01
  -643.500  0.192502E+00  0.964386E-01  0.852234E-01  0.798521E-01  0.648770E-01
  -643.400  0.221505E+00  0.111996E+00  0.989043E-01  0.925998E-01  0.748798E-01
  -643.300  0.253054E+00  0.129643E+00  0.114564E+00  0.107268E+00  0.866185E-01
  -643.200  0.286943E+00  0.149331E+00  0.132164E+00  0.123822E+00  0.100066E+00
  -643.100  0.322917E+00  0.170995E+00  0.151659E+00  0.142224E+00  0.115201E+00
  -643.000  0.360689E+00  0.194555E+00  0.172991E+00  0.162426E+00  0.132002E+00
  -642.900  0.399937E+00  0.219909E+00  0.196085E+00  0.184368E+00  0.150444E+00
  -642.800  0.440327E+00  0.246937E+00  0.220851E+00  0.207972E+00  0.170489E+00
  -642.700  0.481516E+00  0.275494E+00  0.247176E+00  0.233143E+00  0.192085E+00
  -642.600  0.523172E+00  0.305417E+00  0.274927E+00  0.259762E+00  0.215160E+00
  -642.500  0.564975E+00  0.336519E+00  0.303946E+00  0.287686E+00  0.239616E+00
  -642.400  0.606632E+00  0.368593E+00  0.334051E+00  0.316746E+00  0.265325E+00
  -642.300  0.647878E+00  0.401411E+00  0.365034E+00  0.346746E+00  0.292127E+00
  -642.200  0.688478E+00  0.434726E+00  0.396662E+00  0.377461E+00  0.319828E+00
  -642.100  0.728230E+00  0.468277E+00  0.428683E+00  0.408644E+00  0.348200E+00
  -642.000  0.766966E+00  0.501793E+00  0.460827E+00  0.440028E+00  0.376992E+00
  -641.900  0.804552E+00  0.535009E+00  0.492823E+00  0.471340E+00  0.405931E+00
  -641.800  0.840899E+00  0.567673E+00  0.524409E+00  0.502315E+00  0.434747E+00
  -641.700  0.875975E+00  0.599577E+00  0.555358E+00  0.532716E+00  0.463186E+00
  -641.600  0.909818E+00  0.630568E+00  0.585495E+00  0.562360E+00  0.491035E+00
  -641.500  0.942565E+00  0.660586E+00  0.614729E+00  0.591141E+00  0.518154E+00
  -641.400  0.974467E+00  0.689679E+00  0.643078E+00  0.619060E+00  0.544492E+00
  -641.300  0.100592E+01  0.718033E+00  0.670687E+00  0.646242E+00  0.570120E+00
  -641.200  0.103748E+01  0.745985E+00  0.697849E+00  0.672958E+00  0.595242E+00
  -641.100  0.106985E+01  0.774021E+00  0.725007E+00  0.699628E+00  0.620202E+00
  -641.000  0.110391E+01  0.802776E+00  0.752744E+00  0.726810E+00  0.645480E+00
  -640.900  0.114064E+01  0.832998E+00  0.781762E+00  0.755178E+00  0.671669E+00
  -640.800  0.118111E+01  0.865512E+00  0.812837E+00  0.785485E+00  0.699444E+00
  -640.700  0.122637E+01  0.901155E+00  0.846765E+00  0.818504E+00  0.729510E+00
  -640.600  0.127739E+01  0.940707E+00  0.884293E+00  0.854967E+00  0.762540E+00
  -640.500  0.133493E+01  0.984813E+00  0.926047E+00  0.895486E+00  0.799114E+00
  -640.400  0.139948E+01  0.103391E+01  0.972454E+00  0.940488E+00  0.839651E+00
  -640.300  0.147111E+01  0.108813E+01  0.102367E+01  0.990143E+00  0.884346E+00
  -640.200  0.154944E+01  0.114729E+01  0.107955E+01  0.104431E+01  0.933124E+00
  -640.100  0.163355E+01  0.121081E+01  0.113958E+01  0.110252E+01  0.985608E+00
  -640.000  0.172201E+01  0.127775E+01  0.120289E+01  0.116394E+01  0.104111E+01
  -639.900  0.181289E+01  0.134679E+01  0.126827E+01  0.122744E+01  0.109866E+01
  -639.800  0.190381E+01  0.141632E+01  0.133425E+01  0.129157E+01  0.115701E+01
  -639.700  0.199211E+01  0.148450E+01  0.139910E+01  0.135470E+01  0.121474E+01
  -639.600  0.207493E+01  0.154938E+01  0.146102E+01  0.141508E+01  0.127032E+01
  -639.500  0.214942E+01  0.160896E+01  0.151815E+01  0.147094E+01  0.132217E+01
  -639.400  0.221287E+01  0.166139E+01  0.156874E+01  0.152058E+01  0.136881E+01
  -639.300  0.226289E+01  0.170498E+01  0.161123E+01  0.156249E+01  0.140886E+01
  -639.200  0.229754E+01  0.173837E+01  0.164432E+01  0.159542E+01  0.144120E+01
  -639.100  0.231543E+01  0.176054E+01  0.166705E+01  0.161841E+01  0.146495E+01
  -639.000  0.231579E+01  0.177087E+01  0.167881E+01  0.163088E+01  0.147953E+01
  -638.900  0.229847E+01  0.176915E+01  0.167937E+01  0.163259E+01  0.148468E+01
  -638.800  0.226392E+01  0.175554E+01  0.166885E+01  0.162363E+01  0.148042E+01
  -638.700  0.221314E+01  0.173055E+01  0.164768E+01  0.160439E+01  0.146701E+01
  -638.600  0.214757E+01  0.169496E+01  0.161654E+01  0.157550E+01  0.144495E+01
  -638.500  0.206898E+01  0.164974E+01  0.157630E+01  0.153777E+01  0.141488E+01
  -638.400  0.197935E+01  0.159602E+01  0.152794E+01  0.149214E+01  0.137753E+01
  -638.300  0.188078E+01  0.153497E+01  0.147254E+01  0.143960E+01  0.133371E+01
  -638.200  0.177537E+01  0.146778E+01  0.141114E+01  0.138114E+01  0.128423E+01
  -638.100  0.166512E+01  0.139561E+01  0.134478E+01  0.131775E+01  0.122990E+01
  -638.000  0.155190E+01  0.131954E+01  0.127446E+01  0.125035E+01  0.117149E+01
  -637.900  0.143741E+01  0.124060E+01  0.120109E+01  0.117983E+01  0.110975E+01
  -637.800  0.132314E+01  0.115974E+01  0.112554E+01  0.110701E+01  0.104536E+01
  -637.700  0.121040E+01  0.107782E+01  0.104862E+01  0.103267E+01  0.979029E+00
  -637.600  0.110031E+01  0.995649E+00  0.971089E+00  0.957537E+00  0.911403E+00
  -637.500  0.993816E+00  0.914001E+00  0.893682E+00  0.882336E+00  0.843141E+00
  -637.400  0.891702E+00  0.833593E+00  0.817096E+00  0.807749E+00  0.774893E+00
  -637.300  0.794631E+00  0.755105E+00  0.742003E+00  0.734444E+00  0.707307E+00
  -637.200  0.703134E+00  0.679175E+00  0.669043E+00  0.663060E+00  0.641015E+00
  -637.100  0.617627E+00  0.606391E+00  0.598815E+00  0.594201E+00  0.576629E+00
  -637.000  0.538414E+00  0.537280E+00  0.531866E+00  0.528421E+00  0.514722E+00
  -636.900  0.465690E+00  0.472296E+00  0.468673E+00  0.466210E+00  0.455812E+00
  -636.800  0.399540E+00  0.411803E+00  0.409633E+00  0.407978E+00  0.400347E+00
  -636.700  0.339946E+00  0.356072E+00  0.355049E+00  0.354044E+00  0.348689E+00
  -636.600  0.286784E+00  0.305267E+00  0.305122E+00  0.304626E+00  0.301104E+00
  -636.500  0.239839E+00  0.259450E+00  0.259949E+00  0.259839E+00  0.257757E+00
  -636.400  0.198811E+00  0.218578E+00  0.219525E+00  0.219695E+00  0.218713E+00
  -636.300  0.163330E+00  0.182517E+00  0.183748E+00  0.184110E+00  0.183938E+00
  -636.200  0.132971E+00  0.151049E+00  0.152433E+00  0.152917E+00  0.153313E+00
  -636.100  0.107273E+00  0.123889E+00  0.125326E+00  0.125874E+00  0.126643E+00
  -636.000  0.857529E-01  0.100704E+00  0.102118E+00  0.102688E+00  0.103676E+00
  -635.900  0.679254E-01  0.811269E-01  0.824653E-01  0.830248E-01  0.841146E-01
  -635.800  0.533147E-01  0.647732E-01  0.660017E-01  0.665289E-01  0.676346E-01
  -635.700  0.414674E-01  0.512574E-01  0.523564E-01  0.528376E-01  0.538994E-01
  -635.600  0.319621E-01  0.402037E-01  0.411655E-01  0.415932E-01  0.425729E-01
  -635.500  0.244151E-01  0.312570E-01  0.320824E-01  0.324540E-01  0.333297E-01
  -635.400  0.184844E-01  0.240891E-01  0.247849E-01  0.251014E-01  0.258639E-01
  -635.300  0.138711E-01  0.184036E-01  0.189807E-01  0.192454E-01  0.198946E-01
  -635.200  0.103181E-01  0.139384E-01  0.144097E-01  0.146274E-01  0.151691E-01
  -635.100  0.760870E-02  0.104655E-01  0.108448E-01  0.110211E-01  0.114649E-01
  -635.000  0.556239E-02  0.779013E-02  0.809118E-02  0.823184E-02  0.858948E-02
  -634.900  0.403158E-02  0.574864E-02  0.598439E-02  0.609503E-02  0.637870E-02
  -634.800  0.289709E-02  0.420540E-02  0.438761E-02  0.447346E-02  0.469513E-02
  -634.700  0.206409E-02  0.304964E-02  0.318868E-02  0.325442E-02  0.342517E-02
  -634.600  0.145804E-02  0.219209E-02  0.229686E-02  0.234655E-02  0.247627E-02
  -634.500  0.102111E-02  0.156168E-02  0.163967E-02  0.167674E-02  0.177398E-02
  -634.400  0.708933E-03  0.110256E-02  0.115990E-02  0.118722E-02  0.125916E-02
  -634.300  0.487909E-03  0.771315E-03  0.812958E-03  0.832843E-03  0.885376E-03
  -634.200  0.332833E-03  0.534577E-03  0.564459E-03  0.578753E-03  0.616629E-03
  -634.100  0.225016E-03  0.367001E-03  0.388185E-03  0.398335E-03  0.425299E-03
  -634.000  0.150743E-03  0.249531E-03  0.264368E-03  0.271487E-03  0.290443E-03
  -633.900  0.100053E-03  0.167996E-03  0.178262E-03  0.183195E-03  0.196355E-03
  -633.800  0.657828E-04  0.111972E-03  0.118990E-03  0.122365E-03  0.131388E-03
  -633.700  0.428357E-04  0.738695E-04  0.786084E-04  0.808904E-04  0.869997E-04
  -633.600  0.276202E-04  0.482261E-04  0.513872E-04  0.529108E-04  0.569958E-04
  -633.500  0.176314E-04  0.311511E-04  0.332339E-04  0.342386E-04  0.369360E-04
  -633.400  0.000000E+00  0.199046E-04  0.212600E-04  0.219144E-04  0.236732E-04
  -633.300  0.000000E+00  0.000000E+00  0.000000E+00  0.000000E+00  0.150033E-04
  -633.200  0.000000E+00  0.000000E+00  0.000000E+00  0.000000E+00  0.000000E+00
  -633.100  0.000000E+00  0.000000E+00  0.000000E+00  0.000000E+00  0.000000E+00
  -633.000  0.000000E+00  0.000000E+00  0.000000E+00  0.000000E+00  0.000000E+00
  -632.900  0.000000E+00  0.000000E+00  0.000000E+00  0.000000E+00  0.000000E+00
  -632.800  0.000000E+00  0.000000E+00  0.000000E+00  0.000000E+00  0.000000E+00
  -632.700  0.000000E+00  0.000000E+00  0.000000E+00  0.000000E+00  0.000000E+00
  -632.600  0.000000E+00  0.000000E+00  0.000000E+00  0.000000E+00  0.000000E+00
  -632.500  0.000000E+00  0.000000E+00  0.000000E+00  0.000000E+00  0.000000E+00
  -632.400  0.000000E+00  0.000000E+00  0.000000E+00  0.000000E+00  0.000000E+00
  -632.300  0.000000E+00  0.000000E+00  0.000000E+00  0.000000E+00  0.000000E+00
  -632.200  0.000000E+00  0.000000E+00  0.000000E+00  0.000000E+00  0.000000E+00
  -632.100  0.000000E+00  0.000000E+00  0.000000E+00  0.000000E+00  0.000000E+00
  -632.000  0.000000E+00  0.000000E+00  0.000000E+00  0.000000E+00  0.000000E+00
  -631.900  0.000000E+00  0.000000E+00  0.000000E+00  0.000000E+00  0.000000E+00
  -631.800  0.000000E+00  0.000000E+00  0.000000E+00  0.000000E+00  0.000000E+00
  -631.700  0.000000E+00  0.000000E+00  0.000000E+00  0.000000E+00  0.000000E+00
  -631.600  0.000000E+00  0.000000E+00  0.000000E+00  0.000000E+00  0.000000E+00
  -631.500  0.000000E+00  0.000000E+00  0.000000E+00  0.000000E+00  0.000000E+00
  -631.400  0.000000E+00  0.000000E+00  0.000000E+00  0.000000E+00  0.000000E+00
  -631.300  0.000000E+00  0.000000E+00  0.000000E+00  0.000000E+00  0.000000E+00
  -631.200  0.000000E+00  0.000000E+00  0.000000E+00  0.000000E+00  0.000000E+00
  -631.100  0.000000E+00  0.000000E+00  0.000000E+00  0.000000E+00  0.000000E+00
  -631.000  0.000000E+00  0.000000E+00  0.000000E+00  0.000000E+00  0.000000E+00
  -630.900  0.000000E+00  0.000000E+00  0.000000E+00  0.000000E+00  0.000000E+00
  -630.800  0.000000E+00  0.000000E+00  0.000000E+00  0.000000E+00  0.000000E+00
  -630.700  0.000000E+00  0.000000E+00  0.000000E+00  0.000000E+00  0.000000E+00
  -630.600  0.000000E+00  0.000000E+00  0.000000E+00  0.000000E+00  0.000000E+00
  -630.500  0.000000E+00  0.000000E+00  0.000000E+00  0.000000E+00  0.000000E+00
  -630.400  0.000000E+00  0.000000E+00  0.000000E+00  0.000000E+00  0.000000E+00
  -630.300  0.000000E+00  0.000000E+00  0.000000E+00  0.000000E+00  0.000000E+00
  -630.200  0.000000E+00  0.000000E+00  0.000000E+00  0.000000E+00  0.000000E+00
  -630.100  0.000000E+00  0.000000E+00  0.000000E+00  0.000000E+00  0.000000E+00
  -630.000  0.000000E+00  0.000000E+00  0.000000E+00  0.000000E+00  0.000000E+00
  -629.900  0.000000E+00  0.000000E+00  0.000000E+00  0.000000E+00  0.000000E+00
  -629.800  0.000000E+00  0.000000E+00  0.000000E+00  0.000000E+00  0.000000E+00
  -629.700  0.000000E+00  0.000000E+00  0.000000E+00  0.000000E+00  0.000000E+00
  -629.600  0.000000E+00  0.000000E+00  0.000000E+00  0.000000E+00  0.000000E+00
  -629.500  0.000000E+00  0.000000E+00  0.000000E+00  0.000000E+00  0.000000E+00
  -629.400  0.000000E+00  0.000000E+00  0.000000E+00  0.000000E+00  0.000000E+00
  -629.300  0.000000E+00  0.000000E+00  0.000000E+00  0.000000E+00  0.000000E+00
  -629.200  0.000000E+00  0.000000E+00  0.000000E+00  0.000000E+00  0.000000E+00
  -629.100  0.000000E+00  0.000000E+00  0.000000E+00  0.000000E+00  0.000000E+00
  -629.000  0.000000E+00  0.000000E+00  0.000000E+00  0.000000E+00  0.000000E+00
  -628.900  0.000000E+00  0.000000E+00  0.000000E+00  0.000000E+00  0.000000E+00
  -628.800  0.000000E+00  0.000000E+00  0.000000E+00  0.000000E+00  0.000000E+00
  -628.700  0.000000E+00  0.000000E+00  0.000000E+00  0.000000E+00  0.000000E+00
  -628.600  0.000000E+00  0.000000E+00  0.000000E+00  0.000000E+00  0.000000E+00
  -628.500  0.000000E+00  0.000000E+00  0.000000E+00  0.000000E+00  0.000000E+00
  -628.400  0.000000E+00  0.000000E+00  0.000000E+00  0.000000E+00  0.000000E+00
  -628.300  0.000000E+00  0.000000E+00  0.000000E+00  0.000000E+00  0.000000E+00
  -628.200  0.000000E+00  0.000000E+00  0.000000E+00  0.000000E+00  0.000000E+00
  -628.100  0.000000E+00  0.000000E+00  0.000000E+00  0.000000E+00  0.000000E+00
  -628.000  0.000000E+00  0.000000E+00  0.000000E+00  0.000000E+00  0.000000E+00
  -627.900  0.000000E+00  0.000000E+00  0.000000E+00  0.000000E+00  0.000000E+00
  -627.800  0.000000E+00  0.000000E+00  0.000000E+00  0.000000E+00  0.000000E+00
  -627.700  0.000000E+00  0.000000E+00  0.000000E+00  0.000000E+00  0.000000E+00
  -627.600  0.000000E+00  0.000000E+00  0.000000E+00  0.000000E+00  0.000000E+00
  -627.500  0.000000E+00  0.000000E+00  0.000000E+00  0.000000E+00  0.000000E+00
  -627.400  0.000000E+00  0.000000E+00  0.000000E+00  0.000000E+00  0.000000E+00
  -627.300  0.000000E+00  0.000000E+00  0.000000E+00  0.000000E+00  0.000000E+00
  -627.200  0.000000E+00  0.000000E+00  0.000000E+00  0.000000E+00  0.000000E+00
  -627.100  0.000000E+00  0.000000E+00  0.000000E+00  0.000000E+00  0.000000E+00
  -627.000  0.000000E+00  0.000000E+00  0.000000E+00  0.000000E+00  0.000000E+00
  -626.900  0.000000E+00  0.000000E+00  0.000000E+00  0.000000E+00  0.000000E+00
  -626.800  0.000000E+00  0.000000E+00  0.000000E+00  0.000000E+00  0.000000E+00
  -626.700  0.000000E+00  0.000000E+00  0.000000E+00  0.000000E+00  0.000000E+00
  -626.600  0.000000E+00  0.000000E+00  0.000000E+00  0.000000E+00  0.000000E+00
  -626.500  0.000000E+00  0.000000E+00  0.000000E+00  0.000000E+00  0.000000E+00
  -626.400  0.000000E+00  0.000000E+00  0.000000E+00  0.000000E+00  0.000000E+00
  -626.300  0.000000E+00  0.000000E+00  0.000000E+00  0.000000E+00  0.000000E+00
  -626.200  0.000000E+00  0.000000E+00  0.000000E+00  0.000000E+00  0.000000E+00
  -626.100  0.000000E+00  0.000000E+00  0.000000E+00  0.000000E+00  0.000000E+00
  -626.000  0.000000E+00  0.000000E+00  0.000000E+00  0.000000E+00  0.000000E+00
  -625.900  0.000000E+00  0.000000E+00  0.000000E+00  0.000000E+00  0.000000E+00
  -625.800  0.000000E+00  0.000000E+00  0.000000E+00  0.000000E+00  0.000000E+00
  -625.700  0.000000E+00  0.000000E+00  0.000000E+00  0.000000E+00  0.000000E+00
  -625.600  0.000000E+00  0.000000E+00  0.000000E+00  0.000000E+00  0.000000E+00
  -625.500  0.000000E+00  0.000000E+00  0.000000E+00  0.000000E+00  0.000000E+00
  -625.400  0.000000E+00  0.000000E+00  0.000000E+00  0.000000E+00  0.000000E+00
  -625.300  0.000000E+00  0.000000E+00  0.000000E+00  0.000000E+00  0.000000E+00
  -625.200  0.000000E+00  0.000000E+00  0.000000E+00  0.000000E+00  0.000000E+00
  -625.100  0.000000E+00  0.000000E+00  0.000000E+00  0.000000E+00  0.000000E+00
  -625.000  0.000000E+00  0.000000E+00  0.000000E+00  0.000000E+00  0.000000E+00
  -624.900  0.000000E+00  0.000000E+00  0.000000E+00  0.000000E+00  0.000000E+00
  -624.800  0.000000E+00  0.000000E+00  0.000000E+00  0.000000E+00  0.000000E+00
  -624.700  0.000000E+00  0.000000E+00  0.000000E+00  0.000000E+00  0.000000E+00
  -624.600  0.000000E+00  0.000000E+00  0.000000E+00  0.000000E+00  0.000000E+00
  -624.500  0.000000E+00  0.000000E+00  0.000000E+00  0.000000E+00  0.000000E+00
  -624.400  0.000000E+00  0.000000E+00  0.000000E+00  0.000000E+00  0.000000E+00
  -624.300  0.000000E+00  0.000000E+00  0.000000E+00  0.000000E+00  0.000000E+00
  -624.200  0.000000E+00  0.000000E+00  0.000000E+00  0.000000E+00  0.000000E+00
  -624.100  0.000000E+00  0.000000E+00  0.000000E+00  0.000000E+00  0.000000E+00
  -624.000  0.000000E+00  0.000000E+00  0.000000E+00  0.000000E+00  0.000000E+00
  -623.900  0.000000E+00  0.000000E+00  0.000000E+00  0.000000E+00  0.000000E+00
  -623.800  0.000000E+00  0.000000E+00  0.000000E+00  0.000000E+00  0.000000E+00
  -623.700  0.000000E+00  0.000000E+00  0.000000E+00  0.000000E+00  0.000000E+00
  -623.600  0.000000E+00  0.000000E+00  0.000000E+00  0.000000E+00  0.000000E+00
  -623.500  0.000000E+00  0.000000E+00  0.000000E+00  0.000000E+00  0.000000E+00
  -623.400  0.000000E+00  0.000000E+00  0.000000E+00  0.000000E+00  0.000000E+00
  -623.300  0.000000E+00  0.000000E+00  0.000000E+00  0.000000E+00  0.000000E+00
  -623.200  0.000000E+00  0.000000E+00  0.000000E+00  0.000000E+00  0.000000E+00
  -623.100  0.000000E+00  0.000000E+00  0.000000E+00  0.000000E+00  0.000000E+00
  -623.000  0.000000E+00  0.000000E+00  0.000000E+00  0.000000E+00  0.000000E+00
  -622.900  0.000000E+00  0.000000E+00  0.000000E+00  0.000000E+00  0.000000E+00
  -622.800  0.000000E+00  0.000000E+00  0.000000E+00  0.000000E+00  0.000000E+00
  -622.700  0.000000E+00  0.000000E+00  0.000000E+00  0.000000E+00  0.000000E+00
  -622.600  0.000000E+00  0.000000E+00  0.000000E+00  0.000000E+00  0.000000E+00
  -622.500  0.000000E+00  0.000000E+00  0.000000E+00  0.000000E+00  0.000000E+00
  -622.400  0.000000E+00  0.000000E+00  0.000000E+00  0.000000E+00  0.000000E+00
  -622.300  0.000000E+00  0.000000E+00  0.000000E+00  0.000000E+00  0.000000E+00
  -622.200  0.000000E+00  0.000000E+00  0.000000E+00  0.000000E+00  0.000000E+00
  -622.100  0.000000E+00  0.000000E+00  0.000000E+00  0.000000E+00  0.000000E+00
  -622.000  0.000000E+00  0.000000E+00  0.000000E+00  0.000000E+00  0.000000E+00
  -621.900  0.000000E+00  0.000000E+00  0.000000E+00  0.000000E+00  0.000000E+00
  -621.800  0.000000E+00  0.000000E+00  0.000000E+00  0.000000E+00  0.000000E+00
  -621.700  0.000000E+00  0.000000E+00  0.000000E+00  0.000000E+00  0.000000E+00
  -621.600  0.000000E+00  0.000000E+00  0.000000E+00  0.000000E+00  0.000000E+00
  -621.500  0.000000E+00  0.000000E+00  0.000000E+00  0.000000E+00  0.000000E+00
  -621.400  0.000000E+00  0.000000E+00  0.000000E+00  0.000000E+00  0.000000E+00
  -621.300  0.000000E+00  0.000000E+00  0.000000E+00  0.000000E+00  0.000000E+00
  -621.200  0.000000E+00  0.000000E+00  0.000000E+00  0.000000E+00  0.000000E+00
  -621.100  0.000000E+00  0.000000E+00  0.000000E+00  0.000000E+00  0.000000E+00
  -621.000  0.000000E+00  0.000000E+00  0.000000E+00  0.000000E+00  0.000000E+00
  -620.900  0.000000E+00  0.000000E+00  0.000000E+00  0.000000E+00  0.000000E+00
  -620.800  0.000000E+00  0.000000E+00  0.000000E+00  0.000000E+00  0.000000E+00
  -620.700  0.000000E+00  0.000000E+00  0.000000E+00  0.000000E+00  0.000000E+00
  -620.600  0.000000E+00  0.000000E+00  0.000000E+00  0.000000E+00  0.000000E+00
  -620.500  0.000000E+00  0.000000E+00  0.000000E+00  0.000000E+00  0.000000E+00
  -620.400  0.000000E+00  0.000000E+00  0.000000E+00  0.000000E+00  0.000000E+00
  -620.300  0.000000E+00  0.000000E+00  0.000000E+00  0.000000E+00  0.000000E+00
  -620.200  0.000000E+00  0.000000E+00  0.000000E+00  0.000000E+00  0.000000E+00
  -620.100  0.000000E+00  0.000000E+00  0.000000E+00  0.000000E+00  0.000000E+00
  -620.000  0.000000E+00  0.000000E+00  0.000000E+00  0.000000E+00  0.000000E+00
