 x      300.00000000000000        873.00000000000000        1273.0000000000000        1673.0000000000000     
  -680.000  0.000000E+00  0.000000E+00  0.000000E+00  0.000000E+00  0.000000E+00
  -679.900  0.000000E+00  0.000000E+00  0.000000E+00  0.000000E+00  0.000000E+00
  -679.800  0.000000E+00  0.000000E+00  0.000000E+00  0.000000E+00  0.000000E+00
  -679.700  0.000000E+00  0.000000E+00  0.000000E+00  0.000000E+00  0.000000E+00
  -679.600  0.000000E+00  0.000000E+00  0.000000E+00  0.000000E+00  0.000000E+00
  -679.500  0.000000E+00  0.000000E+00  0.000000E+00  0.000000E+00  0.000000E+00
  -679.400  0.000000E+00  0.000000E+00  0.000000E+00  0.000000E+00  0.000000E+00
  -679.300  0.000000E+00  0.000000E+00  0.000000E+00  0.000000E+00  0.000000E+00
  -679.200  0.000000E+00  0.000000E+00  0.000000E+00  0.000000E+00  0.000000E+00
  -679.100  0.000000E+00  0.000000E+00  0.000000E+00  0.000000E+00  0.000000E+00
  -679.000  0.000000E+00  0.000000E+00  0.000000E+00  0.000000E+00  0.000000E+00
  -678.900  0.000000E+00  0.000000E+00  0.000000E+00  0.000000E+00  0.000000E+00
  -678.800  0.000000E+00  0.000000E+00  0.000000E+00  0.000000E+00  0.000000E+00
  -678.700  0.000000E+00  0.000000E+00  0.000000E+00  0.000000E+00  0.000000E+00
  -678.600  0.000000E+00  0.000000E+00  0.000000E+00  0.000000E+00  0.000000E+00
  -678.500  0.000000E+00  0.000000E+00  0.000000E+00  0.000000E+00  0.000000E+00
  -678.400  0.000000E+00  0.000000E+00  0.000000E+00  0.000000E+00  0.000000E+00
  -678.300  0.000000E+00  0.000000E+00  0.000000E+00  0.000000E+00  0.000000E+00
  -678.200  0.000000E+00  0.000000E+00  0.000000E+00  0.000000E+00  0.000000E+00
  -678.100  0.000000E+00  0.000000E+00  0.000000E+00  0.000000E+00  0.000000E+00
  -678.000  0.000000E+00  0.000000E+00  0.000000E+00  0.000000E+00  0.000000E+00
  -677.900  0.000000E+00  0.000000E+00  0.000000E+00  0.000000E+00  0.000000E+00
  -677.800  0.000000E+00  0.000000E+00  0.000000E+00  0.000000E+00  0.000000E+00
  -677.700  0.000000E+00  0.000000E+00  0.000000E+00  0.000000E+00  0.000000E+00
  -677.600  0.000000E+00  0.000000E+00  0.000000E+00  0.000000E+00  0.000000E+00
  -677.500  0.000000E+00  0.000000E+00  0.000000E+00  0.000000E+00  0.000000E+00
  -677.400  0.000000E+00  0.000000E+00  0.000000E+00  0.000000E+00  0.000000E+00
  -677.300  0.000000E+00  0.000000E+00  0.000000E+00  0.000000E+00  0.000000E+00
  -677.200  0.000000E+00  0.000000E+00  0.000000E+00  0.000000E+00  0.000000E+00
  -677.100  0.000000E+00  0.000000E+00  0.000000E+00  0.000000E+00  0.000000E+00
  -677.000  0.000000E+00  0.000000E+00  0.000000E+00  0.000000E+00  0.000000E+00
  -676.900  0.000000E+00  0.000000E+00  0.000000E+00  0.000000E+00  0.000000E+00
  -676.800  0.000000E+00  0.000000E+00  0.000000E+00  0.000000E+00  0.000000E+00
  -676.700  0.000000E+00  0.000000E+00  0.000000E+00  0.000000E+00  0.000000E+00
  -676.600  0.000000E+00  0.000000E+00  0.000000E+00  0.000000E+00  0.000000E+00
  -676.500  0.000000E+00  0.000000E+00  0.000000E+00  0.000000E+00  0.000000E+00
  -676.400  0.000000E+00  0.000000E+00  0.000000E+00  0.000000E+00  0.000000E+00
  -676.300  0.000000E+00  0.000000E+00  0.000000E+00  0.000000E+00  0.000000E+00
  -676.200  0.000000E+00  0.000000E+00  0.000000E+00  0.000000E+00  0.000000E+00
  -676.100  0.000000E+00  0.000000E+00  0.000000E+00  0.000000E+00  0.000000E+00
  -676.000  0.000000E+00  0.000000E+00  0.000000E+00  0.000000E+00  0.000000E+00
  -675.900  0.000000E+00  0.000000E+00  0.000000E+00  0.000000E+00  0.000000E+00
  -675.800  0.000000E+00  0.000000E+00  0.000000E+00  0.000000E+00  0.000000E+00
  -675.700  0.000000E+00  0.000000E+00  0.000000E+00  0.000000E+00  0.000000E+00
  -675.600  0.000000E+00  0.000000E+00  0.000000E+00  0.000000E+00  0.000000E+00
  -675.500  0.000000E+00  0.000000E+00  0.000000E+00  0.000000E+00  0.000000E+00
  -675.400  0.000000E+00  0.000000E+00  0.000000E+00  0.000000E+00  0.000000E+00
  -675.300  0.000000E+00  0.000000E+00  0.000000E+00  0.000000E+00  0.000000E+00
  -675.200  0.000000E+00  0.000000E+00  0.000000E+00  0.000000E+00  0.000000E+00
  -675.100  0.000000E+00  0.000000E+00  0.000000E+00  0.000000E+00  0.000000E+00
  -675.000  0.000000E+00  0.000000E+00  0.000000E+00  0.000000E+00  0.000000E+00
  -674.900  0.000000E+00  0.000000E+00  0.000000E+00  0.000000E+00  0.000000E+00
  -674.800  0.000000E+00  0.000000E+00  0.000000E+00  0.000000E+00  0.000000E+00
  -674.700  0.000000E+00  0.000000E+00  0.000000E+00  0.000000E+00  0.000000E+00
  -674.600  0.000000E+00  0.000000E+00  0.000000E+00  0.000000E+00  0.000000E+00
  -674.500  0.000000E+00  0.000000E+00  0.000000E+00  0.000000E+00  0.000000E+00
  -674.400  0.000000E+00  0.000000E+00  0.000000E+00  0.000000E+00  0.000000E+00
  -674.300  0.000000E+00  0.000000E+00  0.000000E+00  0.000000E+00  0.000000E+00
  -674.200  0.000000E+00  0.000000E+00  0.000000E+00  0.000000E+00  0.000000E+00
  -674.100  0.000000E+00  0.000000E+00  0.000000E+00  0.000000E+00  0.000000E+00
  -674.000  0.000000E+00  0.000000E+00  0.000000E+00  0.000000E+00  0.000000E+00
  -673.900  0.000000E+00  0.000000E+00  0.000000E+00  0.000000E+00  0.000000E+00
  -673.800  0.000000E+00  0.000000E+00  0.000000E+00  0.000000E+00  0.000000E+00
  -673.700  0.000000E+00  0.000000E+00  0.000000E+00  0.000000E+00  0.000000E+00
  -673.600  0.000000E+00  0.000000E+00  0.000000E+00  0.000000E+00  0.000000E+00
  -673.500  0.000000E+00  0.000000E+00  0.000000E+00  0.000000E+00  0.000000E+00
  -673.400  0.000000E+00  0.000000E+00  0.000000E+00  0.000000E+00  0.000000E+00
  -673.300  0.000000E+00  0.000000E+00  0.000000E+00  0.000000E+00  0.000000E+00
  -673.200  0.000000E+00  0.000000E+00  0.000000E+00  0.000000E+00  0.000000E+00
  -673.100  0.000000E+00  0.000000E+00  0.000000E+00  0.000000E+00  0.000000E+00
  -673.000  0.000000E+00  0.000000E+00  0.000000E+00  0.000000E+00  0.000000E+00
  -672.900  0.000000E+00  0.000000E+00  0.000000E+00  0.000000E+00  0.000000E+00
  -672.800  0.000000E+00  0.000000E+00  0.000000E+00  0.000000E+00  0.000000E+00
  -672.700  0.000000E+00  0.000000E+00  0.000000E+00  0.000000E+00  0.000000E+00
  -672.600  0.000000E+00  0.000000E+00  0.000000E+00  0.000000E+00  0.000000E+00
  -672.500  0.000000E+00  0.000000E+00  0.000000E+00  0.000000E+00  0.000000E+00
  -672.400  0.000000E+00  0.000000E+00  0.000000E+00  0.000000E+00  0.000000E+00
  -672.300  0.000000E+00  0.000000E+00  0.000000E+00  0.000000E+00  0.000000E+00
  -672.200  0.000000E+00  0.000000E+00  0.000000E+00  0.000000E+00  0.000000E+00
  -672.100  0.000000E+00  0.000000E+00  0.000000E+00  0.000000E+00  0.000000E+00
  -672.000  0.000000E+00  0.000000E+00  0.000000E+00  0.000000E+00  0.000000E+00
  -671.900  0.000000E+00  0.000000E+00  0.000000E+00  0.000000E+00  0.000000E+00
  -671.800  0.000000E+00  0.000000E+00  0.000000E+00  0.000000E+00  0.000000E+00
  -671.700  0.000000E+00  0.000000E+00  0.000000E+00  0.000000E+00  0.000000E+00
  -671.600  0.000000E+00  0.000000E+00  0.000000E+00  0.000000E+00  0.000000E+00
  -671.500  0.000000E+00  0.000000E+00  0.000000E+00  0.000000E+00  0.000000E+00
  -671.400  0.000000E+00  0.000000E+00  0.000000E+00  0.000000E+00  0.000000E+00
  -671.300  0.000000E+00  0.000000E+00  0.000000E+00  0.000000E+00  0.000000E+00
  -671.200  0.000000E+00  0.000000E+00  0.000000E+00  0.000000E+00  0.000000E+00
  -671.100  0.000000E+00  0.000000E+00  0.000000E+00  0.000000E+00  0.000000E+00
  -671.000  0.000000E+00  0.000000E+00  0.000000E+00  0.000000E+00  0.000000E+00
  -670.900  0.000000E+00  0.000000E+00  0.000000E+00  0.000000E+00  0.000000E+00
  -670.800  0.000000E+00  0.000000E+00  0.000000E+00  0.000000E+00  0.000000E+00
  -670.700  0.000000E+00  0.000000E+00  0.000000E+00  0.000000E+00  0.000000E+00
  -670.600  0.000000E+00  0.000000E+00  0.000000E+00  0.000000E+00  0.000000E+00
  -670.500  0.000000E+00  0.000000E+00  0.000000E+00  0.000000E+00  0.000000E+00
  -670.400  0.000000E+00  0.000000E+00  0.000000E+00  0.000000E+00  0.000000E+00
  -670.300  0.000000E+00  0.000000E+00  0.000000E+00  0.000000E+00  0.000000E+00
  -670.200  0.000000E+00  0.000000E+00  0.000000E+00  0.000000E+00  0.000000E+00
  -670.100  0.000000E+00  0.000000E+00  0.000000E+00  0.000000E+00  0.000000E+00
  -670.000  0.000000E+00  0.000000E+00  0.000000E+00  0.000000E+00  0.000000E+00
  -669.900  0.000000E+00  0.000000E+00  0.000000E+00  0.000000E+00  0.000000E+00
  -669.800  0.000000E+00  0.000000E+00  0.000000E+00  0.000000E+00  0.000000E+00
  -669.700  0.000000E+00  0.000000E+00  0.000000E+00  0.000000E+00  0.000000E+00
  -669.600  0.000000E+00  0.000000E+00  0.000000E+00  0.000000E+00  0.000000E+00
  -669.500  0.000000E+00  0.000000E+00  0.000000E+00  0.000000E+00  0.000000E+00
  -669.400  0.000000E+00  0.000000E+00  0.000000E+00  0.000000E+00  0.000000E+00
  -669.300  0.000000E+00  0.000000E+00  0.000000E+00  0.000000E+00  0.000000E+00
  -669.200  0.000000E+00  0.000000E+00  0.000000E+00  0.000000E+00  0.000000E+00
  -669.100  0.000000E+00  0.000000E+00  0.000000E+00  0.000000E+00  0.000000E+00
  -669.000  0.000000E+00  0.000000E+00  0.000000E+00  0.000000E+00  0.000000E+00
  -668.900  0.000000E+00  0.000000E+00  0.000000E+00  0.000000E+00  0.000000E+00
  -668.800  0.000000E+00  0.000000E+00  0.000000E+00  0.000000E+00  0.000000E+00
  -668.700  0.000000E+00  0.000000E+00  0.000000E+00  0.000000E+00  0.000000E+00
  -668.600  0.000000E+00  0.000000E+00  0.000000E+00  0.000000E+00  0.000000E+00
  -668.500  0.000000E+00  0.000000E+00  0.000000E+00  0.000000E+00  0.000000E+00
  -668.400  0.000000E+00  0.000000E+00  0.000000E+00  0.000000E+00  0.000000E+00
  -668.300  0.000000E+00  0.000000E+00  0.000000E+00  0.000000E+00  0.000000E+00
  -668.200  0.000000E+00  0.000000E+00  0.000000E+00  0.000000E+00  0.000000E+00
  -668.100  0.000000E+00  0.000000E+00  0.000000E+00  0.000000E+00  0.000000E+00
  -668.000  0.000000E+00  0.000000E+00  0.000000E+00  0.000000E+00  0.000000E+00
  -667.900  0.000000E+00  0.000000E+00  0.000000E+00  0.000000E+00  0.000000E+00
  -667.800  0.000000E+00  0.000000E+00  0.000000E+00  0.000000E+00  0.000000E+00
  -667.700  0.000000E+00  0.000000E+00  0.000000E+00  0.000000E+00  0.000000E+00
  -667.600  0.000000E+00  0.000000E+00  0.000000E+00  0.000000E+00  0.000000E+00
  -667.500  0.000000E+00  0.000000E+00  0.000000E+00  0.000000E+00  0.000000E+00
  -667.400  0.000000E+00  0.000000E+00  0.000000E+00  0.000000E+00  0.000000E+00
  -667.300  0.000000E+00  0.000000E+00  0.000000E+00  0.000000E+00  0.000000E+00
  -667.200  0.000000E+00  0.000000E+00  0.000000E+00  0.000000E+00  0.000000E+00
  -667.100  0.000000E+00  0.000000E+00  0.000000E+00  0.000000E+00  0.000000E+00
  -667.000  0.000000E+00  0.000000E+00  0.000000E+00  0.000000E+00  0.000000E+00
  -666.900  0.000000E+00  0.000000E+00  0.000000E+00  0.000000E+00  0.000000E+00
  -666.800  0.000000E+00  0.000000E+00  0.000000E+00  0.000000E+00  0.000000E+00
  -666.700  0.000000E+00  0.000000E+00  0.000000E+00  0.000000E+00  0.000000E+00
  -666.600  0.000000E+00  0.000000E+00  0.000000E+00  0.000000E+00  0.000000E+00
  -666.500  0.000000E+00  0.000000E+00  0.000000E+00  0.000000E+00  0.000000E+00
  -666.400  0.000000E+00  0.000000E+00  0.000000E+00  0.000000E+00  0.000000E+00
  -666.300  0.000000E+00  0.000000E+00  0.000000E+00  0.000000E+00  0.000000E+00
  -666.200  0.000000E+00  0.000000E+00  0.000000E+00  0.000000E+00  0.000000E+00
  -666.100  0.000000E+00  0.000000E+00  0.000000E+00  0.000000E+00  0.000000E+00
  -666.000  0.000000E+00  0.000000E+00  0.000000E+00  0.000000E+00  0.000000E+00
  -665.900  0.000000E+00  0.000000E+00  0.000000E+00  0.000000E+00  0.000000E+00
  -665.800  0.000000E+00  0.000000E+00  0.000000E+00  0.000000E+00  0.000000E+00
  -665.700  0.000000E+00  0.000000E+00  0.000000E+00  0.000000E+00  0.000000E+00
  -665.600  0.000000E+00  0.000000E+00  0.000000E+00  0.000000E+00  0.000000E+00
  -665.500  0.000000E+00  0.000000E+00  0.000000E+00  0.000000E+00  0.000000E+00
  -665.400  0.000000E+00  0.000000E+00  0.000000E+00  0.000000E+00  0.000000E+00
  -665.300  0.000000E+00  0.000000E+00  0.000000E+00  0.000000E+00  0.000000E+00
  -665.200  0.000000E+00  0.000000E+00  0.000000E+00  0.000000E+00  0.000000E+00
  -665.100  0.000000E+00  0.000000E+00  0.000000E+00  0.000000E+00  0.000000E+00
  -665.000  0.000000E+00  0.000000E+00  0.000000E+00  0.000000E+00  0.000000E+00
  -664.900  0.000000E+00  0.000000E+00  0.000000E+00  0.000000E+00  0.000000E+00
  -664.800  0.000000E+00  0.000000E+00  0.000000E+00  0.000000E+00  0.000000E+00
  -664.700  0.000000E+00  0.000000E+00  0.000000E+00  0.000000E+00  0.000000E+00
  -664.600  0.000000E+00  0.000000E+00  0.000000E+00  0.000000E+00  0.000000E+00
  -664.500  0.000000E+00  0.000000E+00  0.000000E+00  0.000000E+00  0.000000E+00
  -664.400  0.000000E+00  0.000000E+00  0.000000E+00  0.000000E+00  0.000000E+00
  -664.300  0.000000E+00  0.000000E+00  0.000000E+00  0.000000E+00  0.000000E+00
  -664.200  0.000000E+00  0.000000E+00  0.000000E+00  0.000000E+00  0.000000E+00
  -664.100  0.000000E+00  0.829797E-05  0.868198E-05  0.885079E-05  0.923077E-05
  -664.000  0.724436E-05  0.119864E-04  0.125541E-04  0.128069E-04  0.133950E-04
  -663.900  0.117144E-04  0.196938E-04  0.207047E-04  0.211645E-04  0.222788E-04
  -663.800  0.181720E-04  0.302258E-04  0.317056E-04  0.323701E-04  0.339387E-04
  -663.700  0.290779E-04  0.467978E-04  0.491566E-04  0.502517E-04  0.530249E-04
  -663.600  0.439468E-04  0.711236E-04  0.746033E-04  0.761936E-04  0.800925E-04
  -663.500  0.650027E-04  0.103978E-03  0.109086E-03  0.111445E-03  0.117363E-03
  -663.400  0.917187E-04  0.148920E-03  0.156393E-03  0.159842E-03  0.168479E-03
  -663.300  0.132545E-03  0.213596E-03  0.224412E-03  0.229444E-03  0.242256E-03
  -663.200  0.192437E-03  0.309675E-03  0.325464E-03  0.332837E-03  0.351741E-03
  -663.100  0.269859E-03  0.432781E-03  0.454886E-03  0.465242E-03  0.491972E-03
  -663.000  0.378892E-03  0.603800E-03  0.634572E-03  0.649032E-03  0.686547E-03
  -662.900  0.518489E-03  0.825473E-03  0.867892E-03  0.887906E-03  0.940254E-03
  -662.800  0.708698E-03  0.112325E-02  0.118127E-02  0.120877E-02  0.128138E-02
  -662.700  0.962342E-03  0.151428E-02  0.159216E-02  0.162921E-02  0.172765E-02
  -662.600  0.129466E-02  0.202837E-02  0.213274E-02  0.218253E-02  0.231547E-02
  -662.500  0.171831E-02  0.267222E-02  0.280926E-02  0.287487E-02  0.305115E-02
  -662.400  0.225732E-02  0.349559E-02  0.367553E-02  0.376205E-02  0.399637E-02
  -662.300  0.294132E-02  0.452933E-02  0.476289E-02  0.487567E-02  0.518349E-02
  -662.200  0.380130E-02  0.581651E-02  0.611599E-02  0.626114E-02  0.665990E-02
  -662.100  0.486705E-02  0.740498E-02  0.778612E-02  0.797157E-02  0.848447E-02
  -662.000  0.619383E-02  0.935711E-02  0.983716E-02  0.100716E-01  0.107243E-01
  -661.900  0.780997E-02  0.117285E-01  0.123296E-01  0.126244E-01  0.134507E-01
  -661.800  0.980557E-02  0.146207E-01  0.153669E-01  0.157342E-01  0.167704E-01
  -661.700  0.122118E-01  0.180869E-01  0.190062E-01  0.194604E-01  0.207498E-01
  -661.600  0.151189E-01  0.222351E-01  0.233599E-01  0.239178E-01  0.255122E-01
  -661.500  0.186011E-01  0.271719E-01  0.285392E-01  0.292197E-01  0.311771E-01
  -661.400  0.227568E-01  0.330088E-01  0.346585E-01  0.354824E-01  0.378666E-01
  -661.300  0.277082E-01  0.399057E-01  0.418850E-01  0.428771E-01  0.457658E-01
  -661.200  0.335524E-01  0.479851E-01  0.503455E-01  0.515324E-01  0.550091E-01
  -661.100  0.403996E-01  0.573901E-01  0.601890E-01  0.616010E-01  0.657610E-01
  -661.000  0.484202E-01  0.683069E-01  0.716047E-01  0.732735E-01  0.782178E-01
  -660.900  0.577410E-01  0.809123E-01  0.847786E-01  0.867409E-01  0.925867E-01
  -660.800  0.685136E-01  0.953806E-01  0.998889E-01  0.102184E+00  0.109055E+00
  -660.700  0.808506E-01  0.111844E+00  0.117072E+00  0.119741E+00  0.127773E+00
  -660.600  0.949406E-01  0.130509E+00  0.136538E+00  0.139624E+00  0.148955E+00
  -660.500  0.110835E+00  0.151463E+00  0.158383E+00  0.161933E+00  0.172719E+00
  -660.400  0.128701E+00  0.174852E+00  0.182747E+00  0.186807E+00  0.199197E+00
  -660.300  0.148584E+00  0.200741E+00  0.209702E+00  0.214320E+00  0.228475E+00
  -660.200  0.170487E+00  0.229120E+00  0.239236E+00  0.244461E+00  0.260542E+00
  -660.100  0.194426E+00  0.259989E+00  0.271348E+00  0.277228E+00  0.295395E+00
  -660.000  0.220304E+00  0.293225E+00  0.305915E+00  0.312496E+00  0.332908E+00
  -659.900  0.247984E+00  0.328653E+00  0.342756E+00  0.350084E+00  0.372896E+00
  -659.800  0.277282E+00  0.366057E+00  0.381651E+00  0.389770E+00  0.415131E+00
  -659.700  0.307948E+00  0.405127E+00  0.422284E+00  0.431234E+00  0.459283E+00
  -659.600  0.339642E+00  0.445500E+00  0.464292E+00  0.474112E+00  0.504987E+00
  -659.500  0.372022E+00  0.486760E+00  0.507246E+00  0.517971E+00  0.551798E+00
  -659.400  0.404693E+00  0.528482E+00  0.550720E+00  0.562383E+00  0.599279E+00
  -659.300  0.437216E+00  0.570174E+00  0.594215E+00  0.606847E+00  0.646923E+00
  -659.200  0.469160E+00  0.611379E+00  0.637273E+00  0.650901E+00  0.694260E+00
  -659.100  0.500085E+00  0.651607E+00  0.679392E+00  0.694042E+00  0.740775E+00
  -659.000  0.529556E+00  0.690400E+00  0.720114E+00  0.735808E+00  0.786001E+00
  -658.900  0.557179E+00  0.727340E+00  0.759017E+00  0.775775E+00  0.829503E+00
  -658.800  0.582624E+00  0.762055E+00  0.795717E+00  0.813555E+00  0.870879E+00
  -658.700  0.605548E+00  0.794180E+00  0.829847E+00  0.848776E+00  0.909743E+00
  -658.600  0.625707E+00  0.823432E+00  0.861111E+00  0.881139E+00  0.945780E+00
  -658.500  0.642926E+00  0.849598E+00  0.889289E+00  0.910418E+00  0.978744E+00
  -658.400  0.657031E+00  0.872459E+00  0.914151E+00  0.936375E+00  0.100838E+01
  -658.300  0.667978E+00  0.891904E+00  0.935568E+00  0.958876E+00  0.103452E+01
  -658.200  0.675706E+00  0.907798E+00  0.953391E+00  0.977760E+00  0.105699E+01
  -658.100  0.680235E+00  0.920090E+00  0.967555E+00  0.992956E+00  0.107569E+01
  -658.000  0.681628E+00  0.928746E+00  0.978005E+00  0.100440E+01  0.109052E+01
  -657.900  0.679995E+00  0.933771E+00  0.984726E+00  0.101207E+01  0.110142E+01
  -657.800  0.675475E+00  0.935187E+00  0.987719E+00  0.101594E+01  0.110837E+01
  -657.700  0.668198E+00  0.933026E+00  0.987001E+00  0.101604E+01  0.111133E+01
  -657.600  0.658386E+00  0.927389E+00  0.982649E+00  0.101243E+01  0.111035E+01
  -657.500  0.646227E+00  0.918356E+00  0.974723E+00  0.100515E+01  0.110544E+01
  -657.400  0.631941E+00  0.906064E+00  0.963344E+00  0.994318E+00  0.109670E+01
  -657.300  0.615757E+00  0.890642E+00  0.948620E+00  0.980034E+00  0.108418E+01
  -657.200  0.597851E+00  0.872207E+00  0.930656E+00  0.962393E+00  0.106796E+01
  -657.100  0.578464E+00  0.850958E+00  0.909632E+00  0.941567E+00  0.104816E+01
  -657.000  0.557790E+00  0.827068E+00  0.885712E+00  0.917711E+00  0.102493E+01
  -656.900  0.535974E+00  0.800689E+00  0.859037E+00  0.890959E+00  0.998364E+00
  -656.800  0.513218E+00  0.772047E+00  0.829823E+00  0.861522E+00  0.968636E+00
  -656.700  0.489645E+00  0.741325E+00  0.798250E+00  0.829576E+00  0.935899E+00
  -656.600  0.465411E+00  0.708752E+00  0.764546E+00  0.795344E+00  0.900354E+00
  -656.500  0.440630E+00  0.674539E+00  0.728926E+00  0.759040E+00  0.862198E+00
  -656.400  0.415420E+00  0.638928E+00  0.691638E+00  0.720914E+00  0.821674E+00
  -656.300  0.389900E+00  0.602170E+00  0.652946E+00  0.681237E+00  0.779055E+00
  -656.200  0.364193E+00  0.564536E+00  0.613141E+00  0.640306E+00  0.734655E+00
  -656.100  0.338470E+00  0.526345E+00  0.572561E+00  0.598469E+00  0.688848E+00
  -656.000  0.312827E+00  0.487872E+00  0.531515E+00  0.556051E+00  0.642006E+00
  -655.900  0.287457E+00  0.449456E+00  0.490371E+00  0.513438E+00  0.594567E+00
  -655.800  0.262529E+00  0.411429E+00  0.449498E+00  0.471016E+00  0.546985E+00
  -655.700  0.238206E+00  0.374114E+00  0.409260E+00  0.429174E+00  0.499728E+00
  -655.600  0.214696E+00  0.337851E+00  0.370034E+00  0.388311E+00  0.453274E+00
  -655.500  0.192151E+00  0.302944E+00  0.332172E+00  0.348805E+00  0.408096E+00
  -655.400  0.170720E+00  0.269649E+00  0.295965E+00  0.310968E+00  0.364593E+00
  -655.300  0.150578E+00  0.238251E+00  0.261738E+00  0.275151E+00  0.323201E+00
  -655.200  0.131789E+00  0.208890E+00  0.229666E+00  0.241547E+00  0.284196E+00
  -655.100  0.114469E+00  0.181745E+00  0.199955E+00  0.210380E+00  0.247869E+00
  -655.000  0.986680E-01  0.156920E+00  0.172734E+00  0.181797E+00  0.214429E+00
  -654.900  0.843860E-01  0.134427E+00  0.148033E+00  0.155835E+00  0.183959E+00
  -654.800  0.716148E-01  0.114268E+00  0.125865E+00  0.132517E+00  0.156513E+00
  -654.700  0.603216E-01  0.963989E-01  0.106190E+00  0.111806E+00  0.132073E+00
  -654.600  0.504382E-01  0.807134E-01  0.889005E-01  0.935959E-01  0.110539E+00
  -654.500  0.418748E-01  0.671053E-01  0.738896E-01  0.777782E-01  0.918032E-01
  -654.400  0.345198E-01  0.553920E-01  0.609608E-01  0.641495E-01  0.756388E-01
  -654.300  0.282984E-01  0.454535E-01  0.499840E-01  0.525744E-01  0.618928E-01
  -654.200  0.230573E-01  0.370801E-01  0.407349E-01  0.428202E-01  0.503040E-01
  -654.100  0.187113E-01  0.301297E-01  0.330565E-01  0.347216E-01  0.406772E-01
  -654.000  0.151547E-01  0.244294E-01  0.267578E-01  0.280774E-01  0.327748E-01
  -653.900  0.122679E-01  0.198157E-01  0.216610E-01  0.227014E-01  0.263801E-01
  -653.800  0.997852E-02  0.161548E-01  0.176163E-01  0.184345E-01  0.213009E-01
  -653.700  0.822275E-02  0.133333E-01  0.144948E-01  0.151391E-01  0.173673E-01
  -653.600  0.689620E-02  0.112158E-01  0.121507E-01  0.126629E-01  0.144029E-01
  -653.500  0.598942E-02  0.975346E-02  0.105233E-01  0.109385E-01  0.123160E-01
  -653.400  0.544491E-02  0.885340E-02  0.950957E-02  0.985709E-02  0.109764E-01
  -653.300  0.523298E-02  0.846196E-02  0.904762E-02  0.935173E-02  0.102986E-01
  -653.200  0.536683E-02  0.858120E-02  0.913482E-02  0.941704E-02  0.102666E-01
  -653.100  0.587637E-02  0.921601E-02  0.976876E-02  0.100464E-01  0.108585E-01
  -653.000  0.678250E-02  0.103633E-01  0.109405E-01  0.112276E-01  0.120504E-01
  -652.900  0.811063E-02  0.120557E-01  0.126813E-01  0.129908E-01  0.138677E-01
  -652.800  0.997421E-02  0.143770E-01  0.150690E-01  0.154106E-01  0.163741E-01
  -652.700  0.124629E-01  0.174173E-01  0.181914E-01  0.185733E-01  0.196499E-01
  -652.600  0.157087E-01  0.212763E-01  0.221415E-01  0.225685E-01  0.237728E-01
  -652.500  0.198541E-01  0.260762E-01  0.270362E-01  0.275100E-01  0.288463E-01
  -652.400  0.251227E-01  0.320025E-01  0.330523E-01  0.335696E-01  0.350259E-01
  -652.300  0.317065E-01  0.392066E-01  0.403311E-01  0.408835E-01  0.424288E-01
  -652.200  0.398976E-01  0.479047E-01  0.490752E-01  0.496467E-01  0.512269E-01
  -652.100  0.499779E-01  0.583160E-01  0.594893E-01  0.600561E-01  0.615904E-01
  -652.000  0.622587E-01  0.706496E-01  0.717630E-01  0.722910E-01  0.736650E-01
  -651.900  0.771274E-01  0.851774E-01  0.861456E-01  0.865887E-01  0.876488E-01
  -651.800  0.949753E-01  0.102166E+00  0.102881E+00  0.103181E+00  0.103734E+00
  -651.700  0.116216E+00  0.121879E+00  0.122203E+00  0.122286E+00  0.122091E+00
  -651.600  0.141254E+00  0.144577E+00  0.144348E+00  0.144127E+00  0.142899E+00
  -651.500  0.170543E+00  0.170540E+00  0.169564E+00  0.168936E+00  0.166339E+00
  -651.400  0.204488E+00  0.200017E+00  0.198074E+00  0.196922E+00  0.192577E+00
  -651.300  0.243495E+00  0.233255E+00  0.230098E+00  0.228290E+00  0.221775E+00
  -651.200  0.287859E+00  0.270438E+00  0.265802E+00  0.263199E+00  0.254062E+00
  -651.100  0.337891E+00  0.311731E+00  0.305329E+00  0.301780E+00  0.289540E+00
  -651.000  0.393723E+00  0.357220E+00  0.348760E+00  0.344112E+00  0.328281E+00
  -650.900  0.455431E+00  0.406940E+00  0.396128E+00  0.390226E+00  0.370313E+00
  -650.800  0.522954E+00  0.460855E+00  0.447406E+00  0.440101E+00  0.415636E+00
  -650.700  0.596053E+00  0.518800E+00  0.502447E+00  0.493599E+00  0.464144E+00
  -650.600  0.674379E+00  0.580562E+00  0.561064E+00  0.550551E+00  0.515718E+00
  -650.500  0.757379E+00  0.645789E+00  0.622948E+00  0.610666E+00  0.570137E+00
  -650.400  0.844332E+00  0.714015E+00  0.687682E+00  0.673554E+00  0.627091E+00
  -650.300  0.934431E+00  0.784722E+00  0.754799E+00  0.738775E+00  0.686232E+00
  -650.200  0.102666E+01  0.857261E+00  0.823717E+00  0.805783E+00  0.747118E+00
  -650.100  0.111992E+01  0.930898E+00  0.893768E+00  0.873943E+00  0.809224E+00
  -650.000  0.121310E+01  0.100492E+01  0.964302E+00  0.942642E+00  0.872046E+00
  -649.900  0.130493E+01  0.107846E+01  0.103454E+01  0.101113E+01  0.934944E+00
  -649.800  0.139424E+01  0.115075E+01  0.110375E+01  0.107872E+01  0.997324E+00
  -649.700  0.147986E+01  0.122101E+01  0.117122E+01  0.114472E+01  0.105860E+01
  -649.600  0.156069E+01  0.128845E+01  0.123623E+01  0.120844E+01  0.111815E+01
  -649.500  0.163579E+01  0.135246E+01  0.129820E+01  0.126932E+01  0.117548E+01
  -649.400  0.170430E+01  0.141242E+01  0.135654E+01  0.132679E+01  0.123007E+01
  -649.300  0.176557E+01  0.146787E+01  0.141083E+01  0.138043E+01  0.128152E+01
  -649.200  0.181909E+01  0.151845E+01  0.146070E+01  0.142990E+01  0.132951E+01
  -649.100  0.186452E+01  0.156390E+01  0.150591E+01  0.147493E+01  0.137378E+01
  -649.000  0.190169E+01  0.160407E+01  0.154629E+01  0.151537E+01  0.141414E+01
  -648.900  0.193057E+01  0.163889E+01  0.158178E+01  0.155114E+01  0.145051E+01
  -648.800  0.195129E+01  0.166837E+01  0.161235E+01  0.158221E+01  0.148281E+01
  -648.700  0.196401E+01  0.169256E+01  0.163805E+01  0.160861E+01  0.151104E+01
  -648.600  0.196901E+01  0.171153E+01  0.165889E+01  0.163034E+01  0.153517E+01
  -648.500  0.196656E+01  0.172532E+01  0.167490E+01  0.164742E+01  0.155517E+01
  -648.400  0.195701E+01  0.173401E+01  0.168613E+01  0.165987E+01  0.157104E+01
  -648.300  0.194063E+01  0.173757E+01  0.169250E+01  0.166762E+01  0.158267E+01
  -648.200  0.191770E+01  0.173596E+01  0.169396E+01  0.167059E+01  0.158995E+01
  -648.100  0.188848E+01  0.172912E+01  0.169041E+01  0.166866E+01  0.159274E+01
  -648.000  0.185315E+01  0.171689E+01  0.168165E+01  0.166163E+01  0.159080E+01
  -647.900  0.181193E+01  0.169912E+01  0.166751E+01  0.164932E+01  0.158393E+01
  -647.800  0.176501E+01  0.167569E+01  0.164783E+01  0.163154E+01  0.157193E+01
  -647.700  0.171255E+01  0.164645E+01  0.162242E+01  0.160810E+01  0.155454E+01
  -647.600  0.165483E+01  0.161134E+01  0.159119E+01  0.157888E+01  0.153163E+01
  -647.500  0.159208E+01  0.157033E+01  0.155407E+01  0.154380E+01  0.150304E+01
  -647.400  0.152466E+01  0.152354E+01  0.151114E+01  0.150292E+01  0.146877E+01
  -647.300  0.145302E+01  0.147117E+01  0.146255E+01  0.145636E+01  0.142889E+01
  -647.200  0.137763E+01  0.141350E+01  0.140855E+01  0.140435E+01  0.138352E+01
  -647.100  0.129915E+01  0.135102E+01  0.134957E+01  0.134730E+01  0.133300E+01
  -647.000  0.121825E+01  0.128427E+01  0.128611E+01  0.128567E+01  0.127769E+01
  -646.900  0.113569E+01  0.121390E+01  0.121880E+01  0.122007E+01  0.121809E+01
  -646.800  0.105225E+01  0.114065E+01  0.114830E+01  0.115115E+01  0.115478E+01
  -646.700  0.968831E+00  0.106534E+01  0.107543E+01  0.107969E+01  0.108844E+01
  -646.600  0.886214E+00  0.988802E+00  0.100098E+01  0.100647E+01  0.101978E+01
  -646.500  0.805232E+00  0.911885E+00  0.925778E+00  0.932305E+00  0.949554E+00
  -646.400  0.726629E+00  0.835426E+00  0.850658E+00  0.858019E+00  0.878541E+00
  -646.300  0.651087E+00  0.760203E+00  0.776396E+00  0.784384E+00  0.807491E+00
  -646.200  0.579212E+00  0.686970E+00  0.703750E+00  0.712161E+00  0.737157E+00
  -646.100  0.511491E+00  0.616396E+00  0.633412E+00  0.642050E+00  0.668260E+00
  -646.000  0.448307E+00  0.549055E+00  0.565980E+00  0.574662E+00  0.601443E+00
  -645.900  0.389916E+00  0.485419E+00  0.501962E+00  0.510521E+00  0.537284E+00
  -645.800  0.336502E+00  0.425891E+00  0.441798E+00  0.450090E+00  0.476310E+00
  -645.700  0.288090E+00  0.370728E+00  0.385791E+00  0.393693E+00  0.418920E+00
  -645.600  0.244651E+00  0.320119E+00  0.334176E+00  0.341592E+00  0.365459E+00
  -645.500  0.206045E+00  0.274143E+00  0.287077E+00  0.293934E+00  0.316161E+00
  -645.400  0.172089E+00  0.232797E+00  0.244535E+00  0.250785E+00  0.271173E+00
  -645.300  0.142532E+00  0.196003E+00  0.206512E+00  0.212129E+00  0.230558E+00
  -645.200  0.117063E+00  0.163591E+00  0.172875E+00  0.177855E+00  0.194275E+00
  -645.100  0.953986E-01  0.135379E+00  0.143469E+00  0.147823E+00  0.162246E+00
  -645.000  0.771342E-01  0.111058E+00  0.118015E+00  0.121771E+00  0.134265E+00
  -644.900  0.620109E-01  0.903989E-01  0.962956E-01  0.994879E-01  0.110152E+00
  -644.800  0.496502E-01  0.730534E-01  0.779770E-01  0.806501E-01  0.896156E-01
  -644.700  0.397625E-01  0.587195E-01  0.627609E-01  0.649616E-01  0.723740E-01
  -644.600  0.320592E-01  0.470759E-01  0.503261E-01  0.521021E-01  0.581130E-01
  -644.500  0.263018E-01  0.378377E-01  0.403830E-01  0.417799E-01  0.465370E-01
  -644.400  0.222950E-01  0.307418E-01  0.326590E-01  0.337178E-01  0.373566E-01
  -644.300  0.198244E-01  0.255036E-01  0.268591E-01  0.276159E-01  0.302574E-01
  -644.200  0.187781E-01  0.219201E-01  0.227657E-01  0.232491E-01  0.249921E-01
  -644.100  0.190658E-01  0.198130E-01  0.201849E-01  0.204153E-01  0.213329E-01
  -644.000  0.205886E-01  0.189990E-01  0.189188E-01  0.189093E-01  0.190516E-01
  -643.900  0.233482E-01  0.193820E-01  0.188537E-01  0.186081E-01  0.179962E-01
  -643.800  0.273085E-01  0.208572E-01  0.198713E-01  0.193862E-01  0.180174E-01
  -643.700  0.324532E-01  0.233208E-01  0.218530E-01  0.211173E-01  0.189657E-01
  -643.600  0.387904E-01  0.267297E-01  0.247451E-01  0.237421E-01  0.207625E-01
  -643.500  0.463176E-01  0.310254E-01  0.284789E-01  0.271864E-01  0.233169E-01
  -643.400  0.550107E-01  0.361513E-01  0.329908E-01  0.313829E-01  0.265484E-01
  -643.300  0.648411E-01  0.420668E-01  0.382366E-01  0.362854E-01  0.304033E-01
  -643.200  0.757537E-01  0.487253E-01  0.441704E-01  0.418482E-01  0.348365E-01
  -643.100  0.876340E-01  0.560394E-01  0.507090E-01  0.479899E-01  0.397713E-01
  -643.000  0.100393E+00  0.639658E-01  0.578139E-01  0.546745E-01  0.451767E-01
  -642.900  0.113847E+00  0.724036E-01  0.653982E-01  0.618216E-01  0.509928E-01
  -642.800  0.127812E+00  0.812493E-01  0.733696E-01  0.693451E-01  0.571497E-01
  -642.700  0.142076E+00  0.903907E-01  0.816320E-01  0.771563E-01  0.635815E-01
  -642.600  0.156397E+00  0.997164E-01  0.900939E-01  0.851739E-01  0.702358E-01
  -642.500  0.170524E+00  0.109093E+00  0.986398E-01  0.932918E-01  0.770336E-01
  -642.400  0.184205E+00  0.118385E+00  0.107154E+00  0.101404E+00  0.838968E-01
  -642.300  0.197170E+00  0.127453E+00  0.115517E+00  0.109400E+00  0.907457E-01
  -642.200  0.209210E+00  0.136171E+00  0.123617E+00  0.117176E+00  0.974967E-01
  -642.100  0.220100E+00  0.144407E+00  0.131337E+00  0.124622E+00  0.104063E+00
  -642.000  0.229673E+00  0.152044E+00  0.138567E+00  0.131635E+00  0.110357E+00
  -641.900  0.237853E+00  0.159022E+00  0.145254E+00  0.138159E+00  0.116328E+00
  -641.800  0.244526E+00  0.165224E+00  0.151279E+00  0.144081E+00  0.121866E+00
  -641.700  0.249730E+00  0.170634E+00  0.156622E+00  0.149375E+00  0.126938E+00
  -641.600  0.253529E+00  0.175246E+00  0.161264E+00  0.154018E+00  0.131507E+00
  -641.500  0.256085E+00  0.179094E+00  0.165223E+00  0.158019E+00  0.135557E+00
  -641.400  0.257569E+00  0.182218E+00  0.168519E+00  0.161389E+00  0.139073E+00
  -641.300  0.258290E+00  0.184762E+00  0.171272E+00  0.164234E+00  0.142124E+00
  -641.200  0.258562E+00  0.186855E+00  0.173582E+00  0.166642E+00  0.144761E+00
  -641.100  0.258791E+00  0.188731E+00  0.175657E+00  0.168806E+00  0.147134E+00
  -641.000  0.259379E+00  0.190593E+00  0.177668E+00  0.170883E+00  0.149355E+00
  -640.900  0.260741E+00  0.192703E+00  0.179853E+00  0.173097E+00  0.151611E+00
  -640.800  0.263343E+00  0.195357E+00  0.182480E+00  0.175703E+00  0.154114E+00
  -640.700  0.267530E+00  0.198813E+00  0.185791E+00  0.178934E+00  0.157074E+00
  -640.600  0.273671E+00  0.203333E+00  0.190030E+00  0.183027E+00  0.160696E+00
  -640.500  0.282060E+00  0.209168E+00  0.195440E+00  0.188217E+00  0.165200E+00
  -640.400  0.292893E+00  0.216523E+00  0.202225E+00  0.194708E+00  0.170789E+00
  -640.300  0.306266E+00  0.225526E+00  0.210516E+00  0.202634E+00  0.177598E+00
  -640.200  0.322127E+00  0.236236E+00  0.220387E+00  0.212076E+00  0.185729E+00
  -640.100  0.340363E+00  0.248655E+00  0.231859E+00  0.223063E+00  0.195237E+00
  -640.000  0.360733E+00  0.262711E+00  0.244884E+00  0.235561E+00  0.206124E+00
  -639.900  0.382869E+00  0.278226E+00  0.259314E+00  0.249436E+00  0.218301E+00
  -639.800  0.406328E+00  0.294967E+00  0.274949E+00  0.264503E+00  0.231633E+00
  -639.700  0.430580E+00  0.312619E+00  0.291511E+00  0.280505E+00  0.245915E+00
  -639.600  0.455028E+00  0.330802E+00  0.308652E+00  0.297111E+00  0.260873E+00
  -639.500  0.479114E+00  0.349154E+00  0.326043E+00  0.314007E+00  0.276242E+00
  -639.400  0.502200E+00  0.367220E+00  0.343262E+00  0.330788E+00  0.291665E+00
  -639.300  0.523687E+00  0.384569E+00  0.359904E+00  0.347063E+00  0.306795E+00
  -639.200  0.543073E+00  0.400800E+00  0.375584E+00  0.362456E+00  0.321285E+00
  -639.100  0.559840E+00  0.415506E+00  0.389916E+00  0.376590E+00  0.334786E+00
  -639.000  0.573603E+00  0.428340E+00  0.402560E+00  0.389130E+00  0.346979E+00
  -638.900  0.584043E+00  0.438998E+00  0.413214E+00  0.399775E+00  0.357566E+00
  -638.800  0.590925E+00  0.447240E+00  0.421637E+00  0.408284E+00  0.366306E+00
  -638.700  0.594121E+00  0.452904E+00  0.427663E+00  0.414488E+00  0.373023E+00
  -638.600  0.593582E+00  0.455866E+00  0.431155E+00  0.418245E+00  0.377559E+00
  -638.500  0.589286E+00  0.456042E+00  0.432021E+00  0.419457E+00  0.379799E+00
  -638.400  0.581355E+00  0.453455E+00  0.430267E+00  0.418122E+00  0.379721E+00
  -638.300  0.569946E+00  0.448156E+00  0.425929E+00  0.414269E+00  0.377325E+00
  -638.200  0.555243E+00  0.440223E+00  0.419069E+00  0.407951E+00  0.372644E+00
  -638.100  0.537524E+00  0.429821E+00  0.409832E+00  0.399305E+00  0.365785E+00
  -638.000  0.517079E+00  0.417114E+00  0.398368E+00  0.388472E+00  0.356864E+00
  -637.900  0.494190E+00  0.402276E+00  0.384831E+00  0.375598E+00  0.346003E+00
  -637.800  0.469235E+00  0.385564E+00  0.369462E+00  0.360914E+00  0.333407E+00
  -637.700  0.442556E+00  0.367185E+00  0.352448E+00  0.344598E+00  0.319226E+00
  -637.600  0.414551E+00  0.347417E+00  0.334051E+00  0.326903E+00  0.303684E+00
  -637.500  0.385605E+00  0.326536E+00  0.314527E+00  0.308078E+00  0.287006E+00
  -637.400  0.356093E+00  0.304820E+00  0.294141E+00  0.288377E+00  0.269424E+00
  -637.300  0.326405E+00  0.282541E+00  0.273145E+00  0.268045E+00  0.251153E+00
  -637.200  0.296921E+00  0.259999E+00  0.251826E+00  0.247362E+00  0.232454E+00
  -637.100  0.267997E+00  0.237478E+00  0.230456E+00  0.226591E+00  0.213567E+00
  -637.000  0.239960E+00  0.215252E+00  0.209297E+00  0.205992E+00  0.194734E+00
  -636.900  0.213080E+00  0.193558E+00  0.188578E+00  0.185787E+00  0.176165E+00
  -636.800  0.187633E+00  0.172655E+00  0.168553E+00  0.166228E+00  0.158101E+00
  -636.700  0.163804E+00  0.152731E+00  0.149409E+00  0.147500E+00  0.140721E+00
  -636.600  0.141753E+00  0.133961E+00  0.131319E+00  0.129776E+00  0.124193E+00
  -636.500  0.121588E+00  0.116494E+00  0.114437E+00  0.113211E+00  0.108676E+00
  -636.400  0.103360E+00  0.100421E+00  0.988550E-01  0.978987E-01  0.942679E-01
  -636.300  0.870546E-01  0.857867E-01  0.846288E-01  0.838985E-01  0.810369E-01
  -636.200  0.726608E-01  0.726340E-01  0.718056E-01  0.712608E-01  0.690411E-01
  -636.100  0.600625E-01  0.609205E-01  0.603542E-01  0.599595E-01  0.582694E-01
  -636.000  0.492005E-01  0.506397E-01  0.502753E-01  0.499986E-01  0.487355E-01
  -635.900  0.399248E-01  0.417099E-01  0.414988E-01  0.413139E-01  0.403925E-01
  -635.800  0.320818E-01  0.340246E-01  0.339244E-01  0.338084E-01  0.331526E-01
  -635.700  0.255414E-01  0.274938E-01  0.274700E-01  0.274039E-01  0.269501E-01
  -635.600  0.201488E-01  0.220223E-01  0.220498E-01  0.220194E-01  0.217180E-01
  -635.500  0.157437E-01  0.174650E-01  0.175226E-01  0.175157E-01  0.173242E-01
  -635.400  0.121793E-01  0.137219E-01  0.137959E-01  0.138044E-01  0.136921E-01
  -635.300  0.933387E-02  0.106789E-01  0.107585E-01  0.107757E-01  0.107175E-01
  -635.200  0.708311E-02  0.822889E-02  0.830697E-02  0.832836E-02  0.830568E-02
  -635.100  0.531850E-02  0.627875E-02  0.635174E-02  0.637457E-02  0.637527E-02
  -635.000  0.396933E-02  0.475182E-02  0.481554E-02  0.483687E-02  0.484831E-02
  -634.900  0.292376E-02  0.355309E-02  0.360753E-02  0.362675E-02  0.364414E-02
  -634.800  0.213426E-02  0.263943E-02  0.268577E-02  0.270292E-02  0.272384E-02
  -634.700  0.154314E-02  0.193360E-02  0.197097E-02  0.198521E-02  0.200523E-02
  -634.600  0.111672E-02  0.141216E-02  0.144095E-02  0.145204E-02  0.146839E-02
  -634.500  0.785536E-03  0.101265E-02  0.103568E-02  0.104479E-02  0.105966E-02
  -634.400  0.560116E-03  0.727562E-03  0.744789E-03  0.751652E-03  0.763169E-03
  -634.300  0.380143E-03  0.509389E-03  0.523160E-03  0.528783E-03  0.539063E-03
  -634.200  0.260294E-03  0.355172E-03  0.365580E-03  0.369898E-03  0.378184E-03
  -634.100  0.176780E-03  0.242110E-03  0.249387E-03  0.252420E-03  0.258323E-03
  -634.000  0.121749E-03  0.164070E-03  0.168732E-03  0.170654E-03  0.174274E-03
  -633.900  0.771557E-04  0.111858E-03  0.115847E-03  0.117544E-03  0.121041E-03
  -633.800  0.554101E-04  0.794695E-04  0.822336E-04  0.834119E-04  0.858531E-04
  -633.700  0.300469E-04  0.459982E-04  0.480003E-04  0.488893E-04  0.509427E-04
  -633.600  0.202453E-04  0.299963E-04  0.311179E-04  0.315918E-04  0.325506E-04
  -633.500  0.129740E-04  0.199541E-04  0.208277E-04  0.212115E-04  0.220706E-04
  -633.400  0.763506E-05  0.117948E-04  0.122965E-04  0.125133E-04  0.129786E-04
  -633.300  0.000000E+00  0.747637E-05  0.775585E-05  0.787487E-05  0.812030E-05
  -633.200  0.000000E+00  0.000000E+00  0.000000E+00  0.000000E+00  0.582996E-05
  -633.100  0.000000E+00  0.000000E+00  0.000000E+00  0.000000E+00  0.000000E+00
  -633.000  0.000000E+00  0.000000E+00  0.000000E+00  0.000000E+00  0.000000E+00
  -632.900  0.000000E+00  0.000000E+00  0.000000E+00  0.000000E+00  0.000000E+00
  -632.800  0.000000E+00  0.000000E+00  0.000000E+00  0.000000E+00  0.000000E+00
  -632.700  0.000000E+00  0.000000E+00  0.000000E+00  0.000000E+00  0.000000E+00
  -632.600  0.000000E+00  0.000000E+00  0.000000E+00  0.000000E+00  0.000000E+00
  -632.500  0.000000E+00  0.000000E+00  0.000000E+00  0.000000E+00  0.000000E+00
  -632.400  0.000000E+00  0.000000E+00  0.000000E+00  0.000000E+00  0.000000E+00
  -632.300  0.000000E+00  0.000000E+00  0.000000E+00  0.000000E+00  0.000000E+00
  -632.200  0.000000E+00  0.000000E+00  0.000000E+00  0.000000E+00  0.000000E+00
  -632.100  0.000000E+00  0.000000E+00  0.000000E+00  0.000000E+00  0.000000E+00
  -632.000  0.000000E+00  0.000000E+00  0.000000E+00  0.000000E+00  0.000000E+00
  -631.900  0.000000E+00  0.000000E+00  0.000000E+00  0.000000E+00  0.000000E+00
  -631.800  0.000000E+00  0.000000E+00  0.000000E+00  0.000000E+00  0.000000E+00
  -631.700  0.000000E+00  0.000000E+00  0.000000E+00  0.000000E+00  0.000000E+00
  -631.600  0.000000E+00  0.000000E+00  0.000000E+00  0.000000E+00  0.000000E+00
  -631.500  0.000000E+00  0.000000E+00  0.000000E+00  0.000000E+00  0.000000E+00
  -631.400  0.000000E+00  0.000000E+00  0.000000E+00  0.000000E+00  0.000000E+00
  -631.300  0.000000E+00  0.000000E+00  0.000000E+00  0.000000E+00  0.000000E+00
  -631.200  0.000000E+00  0.000000E+00  0.000000E+00  0.000000E+00  0.000000E+00
  -631.100  0.000000E+00  0.000000E+00  0.000000E+00  0.000000E+00  0.000000E+00
  -631.000  0.000000E+00  0.000000E+00  0.000000E+00  0.000000E+00  0.000000E+00
  -630.900  0.000000E+00  0.000000E+00  0.000000E+00  0.000000E+00  0.000000E+00
  -630.800  0.000000E+00  0.000000E+00  0.000000E+00  0.000000E+00  0.000000E+00
  -630.700  0.000000E+00  0.000000E+00  0.000000E+00  0.000000E+00  0.000000E+00
  -630.600  0.000000E+00  0.000000E+00  0.000000E+00  0.000000E+00  0.000000E+00
  -630.500  0.000000E+00  0.000000E+00  0.000000E+00  0.000000E+00  0.000000E+00
  -630.400  0.000000E+00  0.000000E+00  0.000000E+00  0.000000E+00  0.000000E+00
  -630.300  0.000000E+00  0.000000E+00  0.000000E+00  0.000000E+00  0.000000E+00
  -630.200  0.000000E+00  0.000000E+00  0.000000E+00  0.000000E+00  0.000000E+00
  -630.100  0.000000E+00  0.000000E+00  0.000000E+00  0.000000E+00  0.000000E+00
  -630.000  0.000000E+00  0.000000E+00  0.000000E+00  0.000000E+00  0.000000E+00
  -629.900  0.000000E+00  0.000000E+00  0.000000E+00  0.000000E+00  0.000000E+00
  -629.800  0.000000E+00  0.000000E+00  0.000000E+00  0.000000E+00  0.000000E+00
  -629.700  0.000000E+00  0.000000E+00  0.000000E+00  0.000000E+00  0.000000E+00
  -629.600  0.000000E+00  0.000000E+00  0.000000E+00  0.000000E+00  0.000000E+00
  -629.500  0.000000E+00  0.000000E+00  0.000000E+00  0.000000E+00  0.000000E+00
  -629.400  0.000000E+00  0.000000E+00  0.000000E+00  0.000000E+00  0.000000E+00
  -629.300  0.000000E+00  0.000000E+00  0.000000E+00  0.000000E+00  0.000000E+00
  -629.200  0.000000E+00  0.000000E+00  0.000000E+00  0.000000E+00  0.000000E+00
  -629.100  0.000000E+00  0.000000E+00  0.000000E+00  0.000000E+00  0.000000E+00
  -629.000  0.000000E+00  0.000000E+00  0.000000E+00  0.000000E+00  0.000000E+00
  -628.900  0.000000E+00  0.000000E+00  0.000000E+00  0.000000E+00  0.000000E+00
  -628.800  0.000000E+00  0.000000E+00  0.000000E+00  0.000000E+00  0.000000E+00
  -628.700  0.000000E+00  0.000000E+00  0.000000E+00  0.000000E+00  0.000000E+00
  -628.600  0.000000E+00  0.000000E+00  0.000000E+00  0.000000E+00  0.000000E+00
  -628.500  0.000000E+00  0.000000E+00  0.000000E+00  0.000000E+00  0.000000E+00
  -628.400  0.000000E+00  0.000000E+00  0.000000E+00  0.000000E+00  0.000000E+00
  -628.300  0.000000E+00  0.000000E+00  0.000000E+00  0.000000E+00  0.000000E+00
  -628.200  0.000000E+00  0.000000E+00  0.000000E+00  0.000000E+00  0.000000E+00
  -628.100  0.000000E+00  0.000000E+00  0.000000E+00  0.000000E+00  0.000000E+00
  -628.000  0.000000E+00  0.000000E+00  0.000000E+00  0.000000E+00  0.000000E+00
  -627.900  0.000000E+00  0.000000E+00  0.000000E+00  0.000000E+00  0.000000E+00
  -627.800  0.000000E+00  0.000000E+00  0.000000E+00  0.000000E+00  0.000000E+00
  -627.700  0.000000E+00  0.000000E+00  0.000000E+00  0.000000E+00  0.000000E+00
  -627.600  0.000000E+00  0.000000E+00  0.000000E+00  0.000000E+00  0.000000E+00
  -627.500  0.000000E+00  0.000000E+00  0.000000E+00  0.000000E+00  0.000000E+00
  -627.400  0.000000E+00  0.000000E+00  0.000000E+00  0.000000E+00  0.000000E+00
  -627.300  0.000000E+00  0.000000E+00  0.000000E+00  0.000000E+00  0.000000E+00
  -627.200  0.000000E+00  0.000000E+00  0.000000E+00  0.000000E+00  0.000000E+00
  -627.100  0.000000E+00  0.000000E+00  0.000000E+00  0.000000E+00  0.000000E+00
  -627.000  0.000000E+00  0.000000E+00  0.000000E+00  0.000000E+00  0.000000E+00
  -626.900  0.000000E+00  0.000000E+00  0.000000E+00  0.000000E+00  0.000000E+00
  -626.800  0.000000E+00  0.000000E+00  0.000000E+00  0.000000E+00  0.000000E+00
  -626.700  0.000000E+00  0.000000E+00  0.000000E+00  0.000000E+00  0.000000E+00
  -626.600  0.000000E+00  0.000000E+00  0.000000E+00  0.000000E+00  0.000000E+00
  -626.500  0.000000E+00  0.000000E+00  0.000000E+00  0.000000E+00  0.000000E+00
  -626.400  0.000000E+00  0.000000E+00  0.000000E+00  0.000000E+00  0.000000E+00
  -626.300  0.000000E+00  0.000000E+00  0.000000E+00  0.000000E+00  0.000000E+00
  -626.200  0.000000E+00  0.000000E+00  0.000000E+00  0.000000E+00  0.000000E+00
  -626.100  0.000000E+00  0.000000E+00  0.000000E+00  0.000000E+00  0.000000E+00
  -626.000  0.000000E+00  0.000000E+00  0.000000E+00  0.000000E+00  0.000000E+00
  -625.900  0.000000E+00  0.000000E+00  0.000000E+00  0.000000E+00  0.000000E+00
  -625.800  0.000000E+00  0.000000E+00  0.000000E+00  0.000000E+00  0.000000E+00
  -625.700  0.000000E+00  0.000000E+00  0.000000E+00  0.000000E+00  0.000000E+00
  -625.600  0.000000E+00  0.000000E+00  0.000000E+00  0.000000E+00  0.000000E+00
  -625.500  0.000000E+00  0.000000E+00  0.000000E+00  0.000000E+00  0.000000E+00
  -625.400  0.000000E+00  0.000000E+00  0.000000E+00  0.000000E+00  0.000000E+00
  -625.300  0.000000E+00  0.000000E+00  0.000000E+00  0.000000E+00  0.000000E+00
  -625.200  0.000000E+00  0.000000E+00  0.000000E+00  0.000000E+00  0.000000E+00
  -625.100  0.000000E+00  0.000000E+00  0.000000E+00  0.000000E+00  0.000000E+00
  -625.000  0.000000E+00  0.000000E+00  0.000000E+00  0.000000E+00  0.000000E+00
  -624.900  0.000000E+00  0.000000E+00  0.000000E+00  0.000000E+00  0.000000E+00
  -624.800  0.000000E+00  0.000000E+00  0.000000E+00  0.000000E+00  0.000000E+00
  -624.700  0.000000E+00  0.000000E+00  0.000000E+00  0.000000E+00  0.000000E+00
  -624.600  0.000000E+00  0.000000E+00  0.000000E+00  0.000000E+00  0.000000E+00
  -624.500  0.000000E+00  0.000000E+00  0.000000E+00  0.000000E+00  0.000000E+00
  -624.400  0.000000E+00  0.000000E+00  0.000000E+00  0.000000E+00  0.000000E+00
  -624.300  0.000000E+00  0.000000E+00  0.000000E+00  0.000000E+00  0.000000E+00
  -624.200  0.000000E+00  0.000000E+00  0.000000E+00  0.000000E+00  0.000000E+00
  -624.100  0.000000E+00  0.000000E+00  0.000000E+00  0.000000E+00  0.000000E+00
  -624.000  0.000000E+00  0.000000E+00  0.000000E+00  0.000000E+00  0.000000E+00
  -623.900  0.000000E+00  0.000000E+00  0.000000E+00  0.000000E+00  0.000000E+00
  -623.800  0.000000E+00  0.000000E+00  0.000000E+00  0.000000E+00  0.000000E+00
  -623.700  0.000000E+00  0.000000E+00  0.000000E+00  0.000000E+00  0.000000E+00
  -623.600  0.000000E+00  0.000000E+00  0.000000E+00  0.000000E+00  0.000000E+00
  -623.500  0.000000E+00  0.000000E+00  0.000000E+00  0.000000E+00  0.000000E+00
  -623.400  0.000000E+00  0.000000E+00  0.000000E+00  0.000000E+00  0.000000E+00
  -623.300  0.000000E+00  0.000000E+00  0.000000E+00  0.000000E+00  0.000000E+00
  -623.200  0.000000E+00  0.000000E+00  0.000000E+00  0.000000E+00  0.000000E+00
  -623.100  0.000000E+00  0.000000E+00  0.000000E+00  0.000000E+00  0.000000E+00
  -623.000  0.000000E+00  0.000000E+00  0.000000E+00  0.000000E+00  0.000000E+00
  -622.900  0.000000E+00  0.000000E+00  0.000000E+00  0.000000E+00  0.000000E+00
  -622.800  0.000000E+00  0.000000E+00  0.000000E+00  0.000000E+00  0.000000E+00
  -622.700  0.000000E+00  0.000000E+00  0.000000E+00  0.000000E+00  0.000000E+00
  -622.600  0.000000E+00  0.000000E+00  0.000000E+00  0.000000E+00  0.000000E+00
  -622.500  0.000000E+00  0.000000E+00  0.000000E+00  0.000000E+00  0.000000E+00
  -622.400  0.000000E+00  0.000000E+00  0.000000E+00  0.000000E+00  0.000000E+00
  -622.300  0.000000E+00  0.000000E+00  0.000000E+00  0.000000E+00  0.000000E+00
  -622.200  0.000000E+00  0.000000E+00  0.000000E+00  0.000000E+00  0.000000E+00
  -622.100  0.000000E+00  0.000000E+00  0.000000E+00  0.000000E+00  0.000000E+00
  -622.000  0.000000E+00  0.000000E+00  0.000000E+00  0.000000E+00  0.000000E+00
  -621.900  0.000000E+00  0.000000E+00  0.000000E+00  0.000000E+00  0.000000E+00
  -621.800  0.000000E+00  0.000000E+00  0.000000E+00  0.000000E+00  0.000000E+00
  -621.700  0.000000E+00  0.000000E+00  0.000000E+00  0.000000E+00  0.000000E+00
  -621.600  0.000000E+00  0.000000E+00  0.000000E+00  0.000000E+00  0.000000E+00
  -621.500  0.000000E+00  0.000000E+00  0.000000E+00  0.000000E+00  0.000000E+00
  -621.400  0.000000E+00  0.000000E+00  0.000000E+00  0.000000E+00  0.000000E+00
  -621.300  0.000000E+00  0.000000E+00  0.000000E+00  0.000000E+00  0.000000E+00
  -621.200  0.000000E+00  0.000000E+00  0.000000E+00  0.000000E+00  0.000000E+00
  -621.100  0.000000E+00  0.000000E+00  0.000000E+00  0.000000E+00  0.000000E+00
  -621.000  0.000000E+00  0.000000E+00  0.000000E+00  0.000000E+00  0.000000E+00
  -620.900  0.000000E+00  0.000000E+00  0.000000E+00  0.000000E+00  0.000000E+00
  -620.800  0.000000E+00  0.000000E+00  0.000000E+00  0.000000E+00  0.000000E+00
  -620.700  0.000000E+00  0.000000E+00  0.000000E+00  0.000000E+00  0.000000E+00
  -620.600  0.000000E+00  0.000000E+00  0.000000E+00  0.000000E+00  0.000000E+00
  -620.500  0.000000E+00  0.000000E+00  0.000000E+00  0.000000E+00  0.000000E+00
  -620.400  0.000000E+00  0.000000E+00  0.000000E+00  0.000000E+00  0.000000E+00
  -620.300  0.000000E+00  0.000000E+00  0.000000E+00  0.000000E+00  0.000000E+00
  -620.200  0.000000E+00  0.000000E+00  0.000000E+00  0.000000E+00  0.000000E+00
  -620.100  0.000000E+00  0.000000E+00  0.000000E+00  0.000000E+00  0.000000E+00
  -620.000  0.000000E+00  0.000000E+00  0.000000E+00  0.000000E+00  0.000000E+00
