  x           300.0          873.0         1273.0         1673.0      Infinity
  -680.000  0.000000E+00  0.000000E+00  0.000000E+00  0.000000E+00  0.000000E+00
  -679.900  0.000000E+00  0.000000E+00  0.000000E+00  0.000000E+00  0.000000E+00
  -679.800  0.000000E+00  0.000000E+00  0.000000E+00  0.000000E+00  0.000000E+00
  -679.700  0.000000E+00  0.000000E+00  0.000000E+00  0.000000E+00  0.000000E+00
  -679.600  0.000000E+00  0.000000E+00  0.000000E+00  0.000000E+00  0.000000E+00
  -679.500  0.000000E+00  0.000000E+00  0.000000E+00  0.000000E+00  0.000000E+00
  -679.400  0.000000E+00  0.000000E+00  0.000000E+00  0.000000E+00  0.000000E+00
  -679.300  0.000000E+00  0.000000E+00  0.000000E+00  0.000000E+00  0.000000E+00
  -679.200  0.000000E+00  0.000000E+00  0.000000E+00  0.000000E+00  0.000000E+00
  -679.100  0.000000E+00  0.000000E+00  0.000000E+00  0.000000E+00  0.000000E+00
  -679.000  0.000000E+00  0.000000E+00  0.000000E+00  0.000000E+00  0.000000E+00
  -678.900  0.000000E+00  0.000000E+00  0.000000E+00  0.000000E+00  0.000000E+00
  -678.800  0.000000E+00  0.000000E+00  0.000000E+00  0.000000E+00  0.000000E+00
  -678.700  0.000000E+00  0.000000E+00  0.000000E+00  0.000000E+00  0.000000E+00
  -678.600  0.000000E+00  0.000000E+00  0.000000E+00  0.000000E+00  0.000000E+00
  -678.500  0.000000E+00  0.000000E+00  0.000000E+00  0.000000E+00  0.000000E+00
  -678.400  0.000000E+00  0.000000E+00  0.000000E+00  0.000000E+00  0.000000E+00
  -678.300  0.000000E+00  0.000000E+00  0.000000E+00  0.000000E+00  0.000000E+00
  -678.200  0.000000E+00  0.000000E+00  0.000000E+00  0.000000E+00  0.000000E+00
  -678.100  0.000000E+00  0.000000E+00  0.000000E+00  0.000000E+00  0.000000E+00
  -678.000  0.000000E+00  0.000000E+00  0.000000E+00  0.000000E+00  0.000000E+00
  -677.900  0.000000E+00  0.000000E+00  0.000000E+00  0.000000E+00  0.000000E+00
  -677.800  0.000000E+00  0.000000E+00  0.000000E+00  0.000000E+00  0.000000E+00
  -677.700  0.000000E+00  0.000000E+00  0.000000E+00  0.000000E+00  0.000000E+00
  -677.600  0.000000E+00  0.000000E+00  0.000000E+00  0.000000E+00  0.000000E+00
  -677.500  0.000000E+00  0.000000E+00  0.000000E+00  0.000000E+00  0.000000E+00
  -677.400  0.000000E+00  0.000000E+00  0.000000E+00  0.000000E+00  0.000000E+00
  -677.300  0.000000E+00  0.000000E+00  0.000000E+00  0.000000E+00  0.000000E+00
  -677.200  0.000000E+00  0.000000E+00  0.000000E+00  0.000000E+00  0.000000E+00
  -677.100  0.000000E+00  0.000000E+00  0.000000E+00  0.000000E+00  0.000000E+00
  -677.000  0.000000E+00  0.000000E+00  0.000000E+00  0.000000E+00  0.000000E+00
  -676.900  0.000000E+00  0.000000E+00  0.000000E+00  0.000000E+00  0.000000E+00
  -676.800  0.000000E+00  0.000000E+00  0.000000E+00  0.000000E+00  0.000000E+00
  -676.700  0.000000E+00  0.000000E+00  0.000000E+00  0.000000E+00  0.000000E+00
  -676.600  0.000000E+00  0.000000E+00  0.000000E+00  0.000000E+00  0.000000E+00
  -676.500  0.000000E+00  0.000000E+00  0.000000E+00  0.000000E+00  0.000000E+00
  -676.400  0.000000E+00  0.000000E+00  0.000000E+00  0.000000E+00  0.000000E+00
  -676.300  0.000000E+00  0.000000E+00  0.000000E+00  0.000000E+00  0.000000E+00
  -676.200  0.000000E+00  0.000000E+00  0.000000E+00  0.000000E+00  0.000000E+00
  -676.100  0.000000E+00  0.000000E+00  0.000000E+00  0.000000E+00  0.000000E+00
  -676.000  0.000000E+00  0.000000E+00  0.000000E+00  0.000000E+00  0.000000E+00
  -675.900  0.000000E+00  0.000000E+00  0.000000E+00  0.000000E+00  0.000000E+00
  -675.800  0.000000E+00  0.000000E+00  0.000000E+00  0.000000E+00  0.000000E+00
  -675.700  0.000000E+00  0.000000E+00  0.000000E+00  0.000000E+00  0.000000E+00
  -675.600  0.000000E+00  0.000000E+00  0.000000E+00  0.000000E+00  0.000000E+00
  -675.500  0.000000E+00  0.000000E+00  0.000000E+00  0.000000E+00  0.000000E+00
  -675.400  0.000000E+00  0.000000E+00  0.000000E+00  0.000000E+00  0.000000E+00
  -675.300  0.000000E+00  0.000000E+00  0.000000E+00  0.000000E+00  0.000000E+00
  -675.200  0.000000E+00  0.000000E+00  0.000000E+00  0.000000E+00  0.000000E+00
  -675.100  0.000000E+00  0.000000E+00  0.000000E+00  0.000000E+00  0.000000E+00
  -675.000  0.000000E+00  0.000000E+00  0.000000E+00  0.000000E+00  0.000000E+00
  -674.900  0.000000E+00  0.000000E+00  0.000000E+00  0.000000E+00  0.000000E+00
  -674.800  0.000000E+00  0.000000E+00  0.000000E+00  0.000000E+00  0.000000E+00
  -674.700  0.000000E+00  0.000000E+00  0.000000E+00  0.000000E+00  0.000000E+00
  -674.600  0.000000E+00  0.000000E+00  0.000000E+00  0.000000E+00  0.000000E+00
  -674.500  0.000000E+00  0.000000E+00  0.000000E+00  0.000000E+00  0.000000E+00
  -674.400  0.000000E+00  0.000000E+00  0.000000E+00  0.000000E+00  0.000000E+00
  -674.300  0.000000E+00  0.000000E+00  0.000000E+00  0.000000E+00  0.000000E+00
  -674.200  0.000000E+00  0.000000E+00  0.000000E+00  0.000000E+00  0.000000E+00
  -674.100  0.000000E+00  0.000000E+00  0.000000E+00  0.000000E+00  0.000000E+00
  -674.000  0.000000E+00  0.000000E+00  0.000000E+00  0.000000E+00  0.000000E+00
  -673.900  0.000000E+00  0.000000E+00  0.000000E+00  0.000000E+00  0.000000E+00
  -673.800  0.000000E+00  0.000000E+00  0.000000E+00  0.000000E+00  0.000000E+00
  -673.700  0.000000E+00  0.000000E+00  0.000000E+00  0.000000E+00  0.000000E+00
  -673.600  0.000000E+00  0.000000E+00  0.000000E+00  0.000000E+00  0.000000E+00
  -673.500  0.000000E+00  0.000000E+00  0.000000E+00  0.000000E+00  0.000000E+00
  -673.400  0.000000E+00  0.000000E+00  0.000000E+00  0.000000E+00  0.000000E+00
  -673.300  0.000000E+00  0.000000E+00  0.000000E+00  0.000000E+00  0.000000E+00
  -673.200  0.000000E+00  0.000000E+00  0.000000E+00  0.000000E+00  0.000000E+00
  -673.100  0.000000E+00  0.000000E+00  0.000000E+00  0.000000E+00  0.000000E+00
  -673.000  0.000000E+00  0.000000E+00  0.000000E+00  0.000000E+00  0.000000E+00
  -672.900  0.000000E+00  0.000000E+00  0.000000E+00  0.000000E+00  0.000000E+00
  -672.800  0.000000E+00  0.000000E+00  0.000000E+00  0.000000E+00  0.000000E+00
  -672.700  0.000000E+00  0.000000E+00  0.000000E+00  0.000000E+00  0.000000E+00
  -672.600  0.000000E+00  0.000000E+00  0.000000E+00  0.000000E+00  0.000000E+00
  -672.500  0.000000E+00  0.000000E+00  0.000000E+00  0.000000E+00  0.000000E+00
  -672.400  0.000000E+00  0.000000E+00  0.000000E+00  0.000000E+00  0.000000E+00
  -672.300  0.000000E+00  0.000000E+00  0.000000E+00  0.000000E+00  0.000000E+00
  -672.200  0.000000E+00  0.000000E+00  0.000000E+00  0.000000E+00  0.000000E+00
  -672.100  0.000000E+00  0.000000E+00  0.000000E+00  0.000000E+00  0.000000E+00
  -672.000  0.000000E+00  0.000000E+00  0.000000E+00  0.000000E+00  0.000000E+00
  -671.900  0.000000E+00  0.000000E+00  0.000000E+00  0.000000E+00  0.000000E+00
  -671.800  0.000000E+00  0.000000E+00  0.000000E+00  0.000000E+00  0.000000E+00
  -671.700  0.000000E+00  0.000000E+00  0.000000E+00  0.000000E+00  0.000000E+00
  -671.600  0.000000E+00  0.000000E+00  0.000000E+00  0.000000E+00  0.000000E+00
  -671.500  0.000000E+00  0.000000E+00  0.000000E+00  0.000000E+00  0.000000E+00
  -671.400  0.000000E+00  0.000000E+00  0.000000E+00  0.000000E+00  0.000000E+00
  -671.300  0.000000E+00  0.000000E+00  0.000000E+00  0.000000E+00  0.000000E+00
  -671.200  0.000000E+00  0.000000E+00  0.000000E+00  0.000000E+00  0.000000E+00
  -671.100  0.000000E+00  0.000000E+00  0.000000E+00  0.000000E+00  0.000000E+00
  -671.000  0.000000E+00  0.000000E+00  0.000000E+00  0.000000E+00  0.000000E+00
  -670.900  0.000000E+00  0.000000E+00  0.000000E+00  0.000000E+00  0.000000E+00
  -670.800  0.000000E+00  0.000000E+00  0.000000E+00  0.000000E+00  0.000000E+00
  -670.700  0.000000E+00  0.000000E+00  0.000000E+00  0.000000E+00  0.000000E+00
  -670.600  0.000000E+00  0.000000E+00  0.000000E+00  0.000000E+00  0.000000E+00
  -670.500  0.000000E+00  0.000000E+00  0.000000E+00  0.000000E+00  0.000000E+00
  -670.400  0.000000E+00  0.000000E+00  0.000000E+00  0.000000E+00  0.000000E+00
  -670.300  0.000000E+00  0.000000E+00  0.000000E+00  0.000000E+00  0.000000E+00
  -670.200  0.000000E+00  0.000000E+00  0.000000E+00  0.000000E+00  0.000000E+00
  -670.100  0.000000E+00  0.000000E+00  0.000000E+00  0.000000E+00  0.000000E+00
  -670.000  0.000000E+00  0.000000E+00  0.000000E+00  0.000000E+00  0.000000E+00
  -669.900  0.000000E+00  0.000000E+00  0.000000E+00  0.000000E+00  0.000000E+00
  -669.800  0.000000E+00  0.000000E+00  0.000000E+00  0.000000E+00  0.000000E+00
  -669.700  0.000000E+00  0.000000E+00  0.000000E+00  0.000000E+00  0.000000E+00
  -669.600  0.000000E+00  0.000000E+00  0.000000E+00  0.000000E+00  0.000000E+00
  -669.500  0.000000E+00  0.000000E+00  0.000000E+00  0.000000E+00  0.000000E+00
  -669.400  0.000000E+00  0.000000E+00  0.000000E+00  0.000000E+00  0.000000E+00
  -669.300  0.000000E+00  0.000000E+00  0.000000E+00  0.000000E+00  0.000000E+00
  -669.200  0.000000E+00  0.000000E+00  0.000000E+00  0.000000E+00  0.000000E+00
  -669.100  0.000000E+00  0.000000E+00  0.000000E+00  0.000000E+00  0.000000E+00
  -669.000  0.000000E+00  0.000000E+00  0.000000E+00  0.000000E+00  0.000000E+00
  -668.900  0.000000E+00  0.000000E+00  0.000000E+00  0.000000E+00  0.000000E+00
  -668.800  0.000000E+00  0.000000E+00  0.000000E+00  0.000000E+00  0.000000E+00
  -668.700  0.000000E+00  0.000000E+00  0.000000E+00  0.000000E+00  0.000000E+00
  -668.600  0.000000E+00  0.000000E+00  0.000000E+00  0.000000E+00  0.000000E+00
  -668.500  0.000000E+00  0.000000E+00  0.000000E+00  0.000000E+00  0.000000E+00
  -668.400  0.000000E+00  0.000000E+00  0.000000E+00  0.000000E+00  0.000000E+00
  -668.300  0.000000E+00  0.000000E+00  0.000000E+00  0.000000E+00  0.000000E+00
  -668.200  0.000000E+00  0.000000E+00  0.000000E+00  0.000000E+00  0.000000E+00
  -668.100  0.000000E+00  0.000000E+00  0.000000E+00  0.000000E+00  0.000000E+00
  -668.000  0.000000E+00  0.000000E+00  0.000000E+00  0.000000E+00  0.000000E+00
  -667.900  0.000000E+00  0.000000E+00  0.000000E+00  0.000000E+00  0.000000E+00
  -667.800  0.000000E+00  0.000000E+00  0.000000E+00  0.000000E+00  0.000000E+00
  -667.700  0.000000E+00  0.000000E+00  0.000000E+00  0.000000E+00  0.000000E+00
  -667.600  0.000000E+00  0.000000E+00  0.000000E+00  0.000000E+00  0.000000E+00
  -667.500  0.000000E+00  0.000000E+00  0.000000E+00  0.000000E+00  0.000000E+00
  -667.400  0.000000E+00  0.000000E+00  0.000000E+00  0.000000E+00  0.000000E+00
  -667.300  0.000000E+00  0.000000E+00  0.000000E+00  0.000000E+00  0.000000E+00
  -667.200  0.000000E+00  0.000000E+00  0.000000E+00  0.000000E+00  0.000000E+00
  -667.100  0.000000E+00  0.000000E+00  0.000000E+00  0.000000E+00  0.000000E+00
  -667.000  0.000000E+00  0.000000E+00  0.000000E+00  0.000000E+00  0.000000E+00
  -666.900  0.000000E+00  0.000000E+00  0.000000E+00  0.000000E+00  0.000000E+00
  -666.800  0.000000E+00  0.000000E+00  0.000000E+00  0.000000E+00  0.000000E+00
  -666.700  0.000000E+00  0.000000E+00  0.000000E+00  0.000000E+00  0.000000E+00
  -666.600  0.149772E-04  0.000000E+00  0.000000E+00  0.000000E+00  0.000000E+00
  -666.500  0.226383E-04  0.000000E+00  0.000000E+00  0.000000E+00  0.000000E+00
  -666.400  0.339312E-04  0.158489E-04  0.000000E+00  0.000000E+00  0.000000E+00
  -666.300  0.504231E-04  0.237761E-04  0.198931E-04  0.180219E-04  0.000000E+00
  -666.200  0.742776E-04  0.353555E-04  0.296634E-04  0.269157E-04  0.192953E-04
  -666.100  0.108443E-03  0.521037E-04  0.438346E-04  0.398366E-04  0.287191E-04
  -666.000  0.156883E-03  0.760847E-04  0.641824E-04  0.584188E-04  0.423504E-04
  -665.900  0.224853E-03  0.110071E-03  0.931002E-04  0.848696E-04  0.618660E-04
  -665.800  0.319221E-03  0.157735E-03  0.133771E-03  0.122131E-03  0.895177E-04
  -665.700  0.448830E-03  0.223880E-03  0.190371E-03  0.174071E-03  0.128290E-03
  -665.600  0.624896E-03  0.314695E-03  0.268308E-03  0.245710E-03  0.182089E-03
  -665.500  0.861419E-03  0.438050E-03  0.374487E-03  0.343477E-03  0.255961E-03
  -665.400  0.117560E-02  0.603813E-03  0.517610E-03  0.475493E-03  0.356344E-03
  -665.300  0.158823E-02  0.824186E-03  0.708496E-03  0.651887E-03  0.491351E-03
  -665.200  0.212400E-02  0.111405E-02  0.960419E-03  0.885129E-03  0.671082E-03
  -665.100  0.281177E-02  0.149131E-02  0.128945E-02  0.119037E-02  0.907964E-03
  -665.000  0.368466E-02  0.197723E-02  0.171483E-02  0.158583E-02  0.121712E-02
  -664.900  0.477998E-02  0.259674E-02  0.225928E-02  0.209308E-02  0.161675E-02
  -664.800  0.613900E-02  0.337869E-02  0.294934E-02  0.273750E-02  0.212855E-02
  -664.700  0.780653E-02  0.435610E-02  0.381570E-02  0.354853E-02  0.277812E-02
  -664.600  0.983025E-02  0.556637E-02  0.489344E-02  0.456005E-02  0.359546E-02
  -664.500  0.122599E-01  0.705139E-02  0.622237E-02  0.581070E-02  0.461537E-02
  -664.400  0.151462E-01  0.885765E-02  0.784720E-02  0.734419E-02  0.587802E-02
  -664.300  0.185399E-01  0.110364E-01  0.981786E-02  0.920963E-02  0.742940E-02
  -664.200  0.224905E-01  0.136436E-01  0.121897E-01  0.114618E-01  0.932192E-02
  -664.100  0.270451E-01  0.167401E-01  0.150237E-01  0.141617E-01  0.116150E-01
  -664.000  0.322476E-01  0.203916E-01  0.183868E-01  0.173763E-01  0.143754E-01
  -663.900  0.381372E-01  0.246688E-01  0.223518E-01  0.211796E-01  0.176783E-01
  -663.800  0.447484E-01  0.296470E-01  0.269980E-01  0.256520E-01  0.216072E-01
  -663.700  0.521099E-01  0.354064E-01  0.324105E-01  0.308812E-01  0.262546E-01
  -663.600  0.602445E-01  0.420315E-01  0.386808E-01  0.369615E-01  0.317222E-01
  -663.500  0.691687E-01  0.496107E-01  0.459056E-01  0.439937E-01  0.381210E-01
  -663.400  0.788929E-01  0.582356E-01  0.541869E-01  0.520844E-01  0.455705E-01
  -663.300  0.894215E-01  0.679996E-01  0.636302E-01  0.613450E-01  0.541982E-01
  -663.200  0.100753E+00  0.789965E-01  0.743432E-01  0.718903E-01  0.641384E-01
  -663.100  0.112878E+00  0.913186E-01  0.864342E-01  0.838363E-01  0.755302E-01
  -663.000  0.125785E+00  0.105055E+00  0.100009E+00  0.972978E-01  0.885153E-01
  -662.900  0.139454E+00  0.120287E+00  0.115169E+00  0.112386E+00  0.103235E+00
  -662.800  0.153861E+00  0.137088E+00  0.132008E+00  0.129204E+00  0.119826E+00
  -662.700  0.168977E+00  0.155521E+00  0.150608E+00  0.147848E+00  0.138420E+00
  -662.600  0.184769E+00  0.175634E+00  0.171038E+00  0.168396E+00  0.159136E+00
  -662.500  0.201204E+00  0.197459E+00  0.193353E+00  0.190915E+00  0.182079E+00
  -662.400  0.218250E+00  0.221014E+00  0.217588E+00  0.215452E+00  0.207335E+00
  -662.300  0.235879E+00  0.246299E+00  0.243762E+00  0.242036E+00  0.234973E+00
  -662.200  0.254071E+00  0.273302E+00  0.271877E+00  0.270678E+00  0.265039E+00
  -662.100  0.272824E+00  0.301999E+00  0.301920E+00  0.301373E+00  0.297558E+00
  -662.000  0.292150E+00  0.332361E+00  0.333868E+00  0.334102E+00  0.332535E+00
  -661.900  0.312091E+00  0.364357E+00  0.367690E+00  0.368838E+00  0.369958E+00
  -661.800  0.332716E+00  0.397964E+00  0.403358E+00  0.405550E+00  0.409803E+00
  -661.700  0.354129E+00  0.433171E+00  0.440851E+00  0.444212E+00  0.452039E+00
  -661.600  0.376473E+00  0.469989E+00  0.480161E+00  0.484811E+00  0.496634E+00
  -661.500  0.399924E+00  0.508455E+00  0.521303E+00  0.527351E+00  0.543567E+00
  -661.400  0.424694E+00  0.548639E+00  0.564322E+00  0.571862E+00  0.592829E+00
  -661.300  0.451022E+00  0.590647E+00  0.609293E+00  0.618406E+00  0.644436E+00
  -661.200  0.479165E+00  0.634623E+00  0.656331E+00  0.667080E+00  0.698433E+00
  -661.100  0.509384E+00  0.680742E+00  0.705582E+00  0.718014E+00  0.754896E+00
  -661.000  0.541932E+00  0.729211E+00  0.757227E+00  0.771375E+00  0.813939E+00
  -660.900  0.577033E+00  0.780253E+00  0.811470E+00  0.827355E+00  0.875705E+00
  -660.800  0.614868E+00  0.834100E+00  0.868532E+00  0.886165E+00  0.940368E+00
  -660.700  0.655553E+00  0.890973E+00  0.928632E+00  0.948021E+00  0.100812E+01
  -660.600  0.699125E+00  0.951068E+00  0.991975E+00  0.101313E+01  0.107915E+01
  -660.500  0.745528E+00  0.101453E+01  0.105873E+01  0.108167E+01  0.115366E+01
  -660.400  0.794603E+00  0.108145E+01  0.112900E+01  0.115375E+01  0.123178E+01
  -660.300  0.846082E+00  0.115182E+01  0.120284E+01  0.122945E+01  0.131363E+01
  -660.200  0.899589E+00  0.122553E+01  0.128017E+01  0.130872E+01  0.139922E+01
  -660.100  0.954644E+00  0.130235E+01  0.136083E+01  0.139140E+01  0.148848E+01
  -660.000  0.101067E+01  0.138193E+01  0.144449E+01  0.147722E+01  0.158121E+01
  -659.900  0.106702E+01  0.146378E+01  0.153073E+01  0.156576E+01  0.167708E+01
  -659.800  0.112297E+01  0.154726E+01  0.161896E+01  0.165646E+01  0.177560E+01
  -659.700  0.117777E+01  0.163163E+01  0.170843E+01  0.174860E+01  0.187614E+01
  -659.600  0.123064E+01  0.171599E+01  0.179830E+01  0.184134E+01  0.197788E+01
  -659.500  0.128084E+01  0.179939E+01  0.188758E+01  0.193369E+01  0.207989E+01
  -659.400  0.132762E+01  0.188076E+01  0.197521E+01  0.202458E+01  0.218107E+01
  -659.300  0.137031E+01  0.195902E+01  0.206003E+01  0.211285E+01  0.228025E+01
  -659.200  0.140830E+01  0.203305E+01  0.214089E+01  0.219730E+01  0.237614E+01
  -659.100  0.144108E+01  0.210177E+01  0.221660E+01  0.227673E+01  0.246745E+01
  -659.000  0.146825E+01  0.216414E+01  0.228606E+01  0.234995E+01  0.255284E+01
  -658.900  0.148950E+01  0.221924E+01  0.234820E+01  0.241587E+01  0.263107E+01
  -658.800  0.150467E+01  0.226624E+01  0.240209E+01  0.247349E+01  0.270094E+01
  -658.700  0.151370E+01  0.230449E+01  0.244696E+01  0.252197E+01  0.276141E+01
  -658.600  0.151665E+01  0.233351E+01  0.248219E+01  0.256062E+01  0.281159E+01
  -658.500  0.151369E+01  0.235298E+01  0.250738E+01  0.258898E+01  0.285080E+01
  -658.400  0.150510E+01  0.236280E+01  0.252230E+01  0.260678E+01  0.287858E+01
  -658.300  0.149122E+01  0.236305E+01  0.252696E+01  0.261397E+01  0.289470E+01
  -658.200  0.147248E+01  0.235402E+01  0.252157E+01  0.261070E+01  0.289918E+01
  -658.100  0.144936E+01  0.233612E+01  0.250650E+01  0.259734E+01  0.289225E+01
  -658.000  0.142236E+01  0.230993E+01  0.248231E+01  0.257442E+01  0.287439E+01
  -657.900  0.139201E+01  0.227614E+01  0.244968E+01  0.254262E+01  0.284624E+01
  -657.800  0.135884E+01  0.223553E+01  0.240942E+01  0.250275E+01  0.280859E+01
  -657.700  0.132335E+01  0.218891E+01  0.236236E+01  0.245566E+01  0.276235E+01
  -657.600  0.128602E+01  0.213712E+01  0.230940E+01  0.240228E+01  0.270849E+01
  -657.500  0.124729E+01  0.208097E+01  0.225142E+01  0.234350E+01  0.264801E+01
  -657.400  0.120755E+01  0.202125E+01  0.218926E+01  0.228021E+01  0.258188E+01
  -657.300  0.116712E+01  0.195866E+01  0.212369E+01  0.221322E+01  0.251104E+01
  -657.200  0.112629E+01  0.189385E+01  0.205543E+01  0.214327E+01  0.243633E+01
  -657.100  0.108528E+01  0.182736E+01  0.198508E+01  0.207100E+01  0.235847E+01
  -657.000  0.104426E+01  0.175965E+01  0.191315E+01  0.199694E+01  0.227811E+01
  -656.900  0.100336E+01  0.169109E+01  0.184005E+01  0.192153E+01  0.219575E+01
  -656.800  0.962668E+00  0.162198E+01  0.176612E+01  0.184513E+01  0.211178E+01
  -656.700  0.922251E+00  0.155255E+01  0.169161E+01  0.176800E+01  0.202653E+01
  -656.600  0.882157E+00  0.148299E+01  0.161674E+01  0.169036E+01  0.194024E+01
  -656.500  0.842431E+00  0.141347E+01  0.154169E+01  0.161240E+01  0.185310E+01
  -656.400  0.803119E+00  0.134415E+01  0.146662E+01  0.153430E+01  0.176531E+01
  -656.300  0.764285E+00  0.127519E+01  0.139172E+01  0.145624E+01  0.167706E+01
  -656.200  0.726009E+00  0.120678E+01  0.131719E+01  0.137844E+01  0.158858E+01
  -656.100  0.688397E+00  0.113913E+01  0.124328E+01  0.130115E+01  0.150017E+01
  -656.000  0.651583E+00  0.107251E+01  0.117027E+01  0.122467E+01  0.141217E+01
  -655.900  0.615724E+00  0.100720E+01  0.109849E+01  0.114936E+01  0.132501E+01
  -655.800  0.581003E+00  0.943538E+00  0.102832E+01  0.107561E+01  0.123917E+01
  -655.700  0.547618E+00  0.881864E+00  0.960148E+00  0.100385E+01  0.115519E+01
  -655.600  0.515780E+00  0.822541E+00  0.894398E+00  0.934528E+00  0.107363E+01
  -655.500  0.485700E+00  0.765926E+00  0.831484E+00  0.868101E+00  0.995064E+00
  -655.400  0.457587E+00  0.712361E+00  0.771806E+00  0.804998E+00  0.920066E+00
  -655.300  0.431630E+00  0.662154E+00  0.715725E+00  0.745616E+00  0.849154E+00
  -655.200  0.407997E+00  0.615570E+00  0.663554E+00  0.690297E+00  0.782787E+00
  -655.100  0.386826E+00  0.572816E+00  0.615541E+00  0.639313E+00  0.721341E+00
  -655.000  0.368216E+00  0.534037E+00  0.571861E+00  0.592859E+00  0.665092E+00
  -654.900  0.352225E+00  0.499311E+00  0.532609E+00  0.551045E+00  0.614209E+00
  -654.800  0.338866E+00  0.468645E+00  0.497802E+00  0.513893E+00  0.568750E+00
  -654.700  0.328104E+00  0.441982E+00  0.467380E+00  0.481344E+00  0.528667E+00
  -654.600  0.319862E+00  0.419202E+00  0.441210E+00  0.453260E+00  0.493813E+00
  -654.500  0.314018E+00  0.400135E+00  0.419104E+00  0.429441E+00  0.463953E+00
  -654.400  0.310411E+00  0.384565E+00  0.400818E+00  0.409632E+00  0.438788E+00
  -654.300  0.308845E+00  0.372243E+00  0.386078E+00  0.393539E+00  0.417964E+00
  -654.200  0.309098E+00  0.362900E+00  0.374581E+00  0.380842E+00  0.401097E+00
  -654.100  0.310925E+00  0.356252E+00  0.366015E+00  0.371212E+00  0.387789E+00
  -654.000  0.314068E+00  0.352013E+00  0.360069E+00  0.364320E+00  0.377646E+00
  -653.900  0.318265E+00  0.349906E+00  0.356439E+00  0.359848E+00  0.370287E+00
  -653.800  0.323253E+00  0.349661E+00  0.354841E+00  0.357499E+00  0.365364E+00
  -653.700  0.328779E+00  0.351032E+00  0.355013E+00  0.357000E+00  0.362561E+00
  -653.600  0.334607E+00  0.353790E+00  0.356720E+00  0.358112E+00  0.361604E+00
  -653.500  0.340525E+00  0.357734E+00  0.359756E+00  0.360625E+00  0.362263E+00
  -653.400  0.346348E+00  0.362686E+00  0.363946E+00  0.364362E+00  0.364347E+00
  -653.300  0.351928E+00  0.368498E+00  0.369144E+00  0.369177E+00  0.367706E+00
  -653.200  0.357157E+00  0.375044E+00  0.375229E+00  0.374952E+00  0.372226E+00
  -653.100  0.361969E+00  0.382226E+00  0.382107E+00  0.381596E+00  0.377819E+00
  -653.000  0.366350E+00  0.389969E+00  0.389705E+00  0.389039E+00  0.384422E+00
  -652.900  0.370338E+00  0.398222E+00  0.397974E+00  0.397229E+00  0.391988E+00
  -652.800  0.374028E+00  0.406960E+00  0.406880E+00  0.406133E+00  0.400483E+00
  -652.700  0.377574E+00  0.416178E+00  0.416409E+00  0.415732E+00  0.409880E+00
  -652.600  0.381195E+00  0.425900E+00  0.426563E+00  0.426019E+00  0.420155E+00
  -652.500  0.385176E+00  0.436175E+00  0.437364E+00  0.437004E+00  0.431286E+00
  -652.400  0.389870E+00  0.447081E+00  0.448854E+00  0.448712E+00  0.443255E+00
  -652.300  0.395703E+00  0.458731E+00  0.461098E+00  0.461187E+00  0.456048E+00
  -652.200  0.403168E+00  0.471272E+00  0.474191E+00  0.474496E+00  0.469659E+00
  -652.100  0.412831E+00  0.484896E+00  0.488262E+00  0.488737E+00  0.484098E+00
  -652.000  0.425324E+00  0.499839E+00  0.503476E+00  0.504042E+00  0.499396E+00
  -651.900  0.441341E+00  0.516387E+00  0.520045E+00  0.520583E+00  0.515615E+00
  -651.800  0.461629E+00  0.534879E+00  0.538229E+00  0.538582E+00  0.532856E+00
  -651.700  0.486974E+00  0.555705E+00  0.558340E+00  0.558308E+00  0.551265E+00
  -651.600  0.518191E+00  0.579309E+00  0.580742E+00  0.580087E+00  0.571043E+00
  -651.500  0.556097E+00  0.606175E+00  0.605851E+00  0.604294E+00  0.592446E+00
  -651.400  0.601491E+00  0.636824E+00  0.634120E+00  0.631350E+00  0.615786E+00
  -651.300  0.655125E+00  0.671798E+00  0.666039E+00  0.661714E+00  0.641426E+00
  -651.200  0.717669E+00  0.711637E+00  0.702110E+00  0.695866E+00  0.669771E+00
  -651.100  0.789683E+00  0.756860E+00  0.742827E+00  0.734289E+00  0.701251E+00
  -651.000  0.871575E+00  0.807936E+00  0.788656E+00  0.777442E+00  0.736305E+00
  -650.900  0.963568E+00  0.865252E+00  0.840004E+00  0.825740E+00  0.775356E+00
  -650.800  0.106567E+01  0.929088E+00  0.897187E+00  0.879516E+00  0.818780E+00
  -650.700  0.117762E+01  0.999584E+00  0.960406E+00  0.939001E+00  0.866885E+00
  -650.600  0.129892E+01  0.107671E+01  0.102972E+01  0.100429E+01  0.919880E+00
  -650.500  0.142876E+01  0.116026E+01  0.110501E+01  0.107532E+01  0.977850E+00
  -650.400  0.156604E+01  0.124981E+01  0.118598E+01  0.115187E+01  0.104074E+01
  -650.300  0.170937E+01  0.134475E+01  0.127216E+01  0.123350E+01  0.110832E+01
  -650.200  0.185710E+01  0.144424E+01  0.136285E+01  0.131962E+01  0.118022E+01
  -650.100  0.200736E+01  0.154728E+01  0.145722E+01  0.140945E+01  0.125590E+01
  -650.000  0.215808E+01  0.165270E+01  0.155423E+01  0.150206E+01  0.133465E+01
  -649.900  0.230706E+01  0.175919E+01  0.165274E+01  0.159637E+01  0.141565E+01
  -649.800  0.245206E+01  0.186537E+01  0.175152E+01  0.169123E+01  0.149797E+01
  -649.700  0.259083E+01  0.196982E+01  0.184927E+01  0.178540E+01  0.158060E+01
  -649.600  0.272122E+01  0.207111E+01  0.194469E+01  0.187766E+01  0.166248E+01
  -649.500  0.284124E+01  0.216789E+01  0.203651E+01  0.196679E+01  0.174257E+01
  -649.400  0.294912E+01  0.225888E+01  0.212356E+01  0.205163E+01  0.181983E+01
  -649.300  0.304337E+01  0.234297E+01  0.220475E+01  0.213115E+01  0.189332E+01
  -649.200  0.312281E+01  0.241918E+01  0.227915E+01  0.220441E+01  0.196216E+01
  -649.100  0.318660E+01  0.248671E+01  0.234595E+01  0.227063E+01  0.202558E+01
  -649.000  0.323423E+01  0.254497E+01  0.240453E+01  0.232917E+01  0.208294E+01
  -648.900  0.326554E+01  0.259351E+01  0.245443E+01  0.237954E+01  0.213369E+01
  -648.800  0.328065E+01  0.263207E+01  0.249531E+01  0.242139E+01  0.217744E+01
  -648.700  0.327995E+01  0.266052E+01  0.252700E+01  0.245451E+01  0.221389E+01
  -648.600  0.326404E+01  0.267886E+01  0.254939E+01  0.247877E+01  0.224281E+01
  -648.500  0.323370E+01  0.268717E+01  0.256251E+01  0.249414E+01  0.226409E+01
  -648.400  0.318980E+01  0.268561E+01  0.256642E+01  0.250066E+01  0.227766E+01
  -648.300  0.313331E+01  0.267439E+01  0.256124E+01  0.249840E+01  0.228350E+01
  -648.200  0.306520E+01  0.265372E+01  0.254713E+01  0.248749E+01  0.228164E+01
  -648.100  0.298647E+01  0.262386E+01  0.252424E+01  0.246804E+01  0.227211E+01
  -648.000  0.289810E+01  0.258507E+01  0.249276E+01  0.244021E+01  0.225497E+01
  -647.900  0.280104E+01  0.253763E+01  0.245290E+01  0.240417E+01  0.223031E+01
  -647.800  0.269624E+01  0.248183E+01  0.240488E+01  0.236011E+01  0.219821E+01
  -647.700  0.258461E+01  0.241801E+01  0.234896E+01  0.230825E+01  0.215880E+01
  -647.600  0.246709E+01  0.234653E+01  0.228544E+01  0.224886E+01  0.211225E+01
  -647.500  0.234458E+01  0.226785E+01  0.221469E+01  0.218226E+01  0.205874E+01
  -647.400  0.221806E+01  0.218246E+01  0.213712E+01  0.210883E+01  0.199853E+01
  -647.300  0.208848E+01  0.209094E+01  0.205325E+01  0.202904E+01  0.193196E+01
  -647.200  0.195685E+01  0.199398E+01  0.196366E+01  0.194343E+01  0.185941E+01
  -647.100  0.182421E+01  0.189233E+01  0.186904E+01  0.185265E+01  0.178138E+01
  -647.000  0.169160E+01  0.178682E+01  0.177015E+01  0.175740E+01  0.169841E+01
  -646.900  0.156007E+01  0.167837E+01  0.166782E+01  0.165848E+01  0.161118E+01
  -646.800  0.143066E+01  0.156794E+01  0.156296E+01  0.155677E+01  0.152039E+01
  -646.700  0.130438E+01  0.145652E+01  0.145652E+01  0.145318E+01  0.142687E+01
  -646.600  0.118217E+01  0.134516E+01  0.134948E+01  0.134866E+01  0.133145E+01
  -646.500  0.106491E+01  0.123484E+01  0.124283E+01  0.124420E+01  0.123504E+01
  -646.400  0.953391E+00  0.112657E+01  0.113755E+01  0.114075E+01  0.113855E+01
  -646.300  0.848273E+00  0.102127E+01  0.103458E+01  0.103926E+01  0.104292E+01
  -646.200  0.750113E+00  0.919793E+00  0.934796E+00  0.940615E+00  0.949024E+00
  -646.100  0.659340E+00  0.822917E+00  0.839002E+00  0.845634E+00  0.857727E+00
  -646.000  0.576256E+00  0.731301E+00  0.747908E+00  0.755047E+00  0.769815E+00
  -645.900  0.501041E+00  0.645491E+00  0.662116E+00  0.669484E+00  0.685995E+00
  -645.800  0.433760E+00  0.565911E+00  0.582109E+00  0.589460E+00  0.606872E+00
  -645.700  0.374374E+00  0.492859E+00  0.508250E+00  0.515370E+00  0.532944E+00
  -645.600  0.322752E+00  0.426512E+00  0.440781E+00  0.447489E+00  0.464590E+00
  -645.500  0.278685E+00  0.366930E+00  0.379823E+00  0.385972E+00  0.402069E+00
  -645.400  0.241899E+00  0.314068E+00  0.325386E+00  0.330859E+00  0.345522E+00
  -645.300  0.212073E+00  0.267783E+00  0.277378E+00  0.282087E+00  0.294976E+00
  -645.200  0.188846E+00  0.227852E+00  0.235620E+00  0.239498E+00  0.250356E+00
  -645.100  0.171830E+00  0.193990E+00  0.199859E+00  0.202860E+00  0.211497E+00
  -645.000  0.160621E+00  0.165859E+00  0.169783E+00  0.171878E+00  0.178160E+00
  -644.900  0.154806E+00  0.143089E+00  0.145043E+00  0.146212E+00  0.150044E+00
  -644.800  0.153966E+00  0.125292E+00  0.125261E+00  0.125492E+00  0.126811E+00
  -644.700  0.157685E+00  0.112076E+00  0.110052E+00  0.109336E+00  0.108094E+00
  -644.600  0.165552E+00  0.103055E+00  0.990294E-01  0.973613E-01  0.935179E-01
  -644.500  0.177161E+00  0.978618E-01  0.918247E-01  0.891958E-01  0.827116E-01
  -644.400  0.192121E+00  0.961514E-01  0.880890E-01  0.844891E-01  0.753178E-01
  -644.300  0.210048E+00  0.976081E-01  0.875014E-01  0.829172E-01  0.710020E-01
  -644.200  0.230575E+00  0.101946E+00  0.897709E-01  0.841859E-01  0.694580E-01
  -644.100  0.253349E+00  0.108908E+00  0.946370E-01  0.880312E-01  0.704095E-01
  -644.000  0.278029E+00  0.118263E+00  0.101866E+00  0.942176E-01  0.736100E-01
  -643.900  0.304292E+00  0.129799E+00  0.111247E+00  0.102532E+00  0.788390E-01
  -643.800  0.331821E+00  0.143318E+00  0.122583E+00  0.112780E+00  0.858972E-01
  -643.700  0.360311E+00  0.158624E+00  0.135686E+00  0.124772E+00  0.945993E-01
  -643.600  0.389458E+00  0.175517E+00  0.150365E+00  0.138323E+00  0.104766E+00
  -643.500  0.418959E+00  0.193783E+00  0.166417E+00  0.153237E+00  0.116217E+00
  -643.400  0.448502E+00  0.213186E+00  0.183624E+00  0.169301E+00  0.128763E+00
  -643.300  0.477768E+00  0.233462E+00  0.201740E+00  0.186280E+00  0.142199E+00
  -643.200  0.506424E+00  0.254318E+00  0.220493E+00  0.203916E+00  0.156303E+00
  -643.100  0.534124E+00  0.275427E+00  0.239583E+00  0.221919E+00  0.170830E+00
  -643.000  0.560517E+00  0.296438E+00  0.258684E+00  0.239979E+00  0.185516E+00
  -642.900  0.585247E+00  0.316976E+00  0.277447E+00  0.257764E+00  0.200085E+00
  -642.800  0.607968E+00  0.336659E+00  0.295517E+00  0.274932E+00  0.214246E+00
  -642.700  0.628353E+00  0.355103E+00  0.312535E+00  0.291141E+00  0.227712E+00
  -642.600  0.646110E+00  0.371944E+00  0.328158E+00  0.306061E+00  0.240202E+00
  -642.500  0.660997E+00  0.386848E+00  0.342072E+00  0.319389E+00  0.251458E+00
  -642.400  0.672835E+00  0.399527E+00  0.354003E+00  0.330861E+00  0.261250E+00
  -642.300  0.681518E+00  0.409757E+00  0.363731E+00  0.340262E+00  0.269391E+00
  -642.200  0.687027E+00  0.417381E+00  0.371102E+00  0.347441E+00  0.275744E+00
  -642.100  0.689431E+00  0.422325E+00  0.376034E+00  0.352315E+00  0.280225E+00
  -642.000  0.688890E+00  0.424600E+00  0.378523E+00  0.354872E+00  0.282813E+00
  -641.900  0.685658E+00  0.424303E+00  0.378646E+00  0.355180E+00  0.283547E+00
  -641.800  0.680072E+00  0.421615E+00  0.376555E+00  0.353379E+00  0.282528E+00
  -641.700  0.672552E+00  0.416799E+00  0.372480E+00  0.349678E+00  0.279916E+00
  -641.600  0.663592E+00  0.410189E+00  0.366715E+00  0.344353E+00  0.275922E+00
  -641.500  0.653752E+00  0.402187E+00  0.359616E+00  0.337735E+00  0.270807E+00
  -641.400  0.643649E+00  0.393245E+00  0.351588E+00  0.330205E+00  0.264870E+00
  -641.300  0.633952E+00  0.383858E+00  0.343075E+00  0.322180E+00  0.258443E+00
  -641.200  0.625363E+00  0.374551E+00  0.334548E+00  0.314101E+00  0.251878E+00
  -641.100  0.618611E+00  0.365858E+00  0.326490E+00  0.306424E+00  0.245541E+00
  -641.000  0.614429E+00  0.358316E+00  0.319383E+00  0.299602E+00  0.239798E+00
  -640.900  0.613530E+00  0.352437E+00  0.313692E+00  0.294076E+00  0.235003E+00
  -640.800  0.616582E+00  0.348697E+00  0.309849E+00  0.290252E+00  0.231491E+00
  -640.700  0.624171E+00  0.347513E+00  0.308234E+00  0.288491E+00  0.229558E+00
  -640.600  0.636768E+00  0.349226E+00  0.309159E+00  0.289091E+00  0.229453E+00
  -640.500  0.654686E+00  0.354077E+00  0.312852E+00  0.292273E+00  0.231369E+00
  -640.400  0.678047E+00  0.362200E+00  0.319447E+00  0.298166E+00  0.235427E+00
  -640.300  0.706750E+00  0.373603E+00  0.328964E+00  0.306799E+00  0.241674E+00
  -640.200  0.740451E+00  0.388163E+00  0.341315E+00  0.318099E+00  0.250073E+00
  -640.100  0.778555E+00  0.405627E+00  0.356292E+00  0.331881E+00  0.260509E+00
  -640.000  0.820220E+00  0.425615E+00  0.373582E+00  0.347863E+00  0.272785E+00
  -639.900  0.864386E+00  0.447638E+00  0.392770E+00  0.365669E+00  0.286632E+00
  -639.800  0.909810E+00  0.471112E+00  0.413363E+00  0.384846E+00  0.301721E+00
  -639.700  0.955121E+00  0.495388E+00  0.434804E+00  0.404886E+00  0.317673E+00
  -639.600  0.998887E+00  0.519779E+00  0.456503E+00  0.425245E+00  0.334080E+00
  -639.500  0.103968E+01  0.543591E+00  0.477858E+00  0.445367E+00  0.350517E+00
  -639.400  0.107616E+01  0.566151E+00  0.498285E+00  0.464708E+00  0.366564E+00
  -639.300  0.110711E+01  0.586839E+00  0.517235E+00  0.482759E+00  0.381818E+00
  -639.200  0.113153E+01  0.605104E+00  0.534219E+00  0.499059E+00  0.395906E+00
  -639.100  0.114864E+01  0.620485E+00  0.548819E+00  0.513212E+00  0.408498E+00
  -639.000  0.115794E+01  0.632619E+00  0.560697E+00  0.524893E+00  0.419314E+00
  -638.900  0.115916E+01  0.641244E+00  0.569598E+00  0.533853E+00  0.428123E+00
  -638.800  0.115233E+01  0.646195E+00  0.575348E+00  0.539916E+00  0.434749E+00
  -638.700  0.113768E+01  0.647397E+00  0.577849E+00  0.542972E+00  0.439063E+00
  -638.600  0.111562E+01  0.644852E+00  0.577069E+00  0.542976E+00  0.440983E+00
  -638.500  0.108675E+01  0.638630E+00  0.573032E+00  0.539931E+00  0.440469E+00
  -638.400  0.105176E+01  0.628854E+00  0.565812E+00  0.533890E+00  0.437513E+00
  -638.300  0.101140E+01  0.615687E+00  0.555519E+00  0.524937E+00  0.432144E+00
  -638.200  0.966473E+00  0.599330E+00  0.542297E+00  0.513194E+00  0.424418E+00
  -638.100  0.917773E+00  0.580011E+00  0.526321E+00  0.498810E+00  0.414418E+00
  -638.000  0.866088E+00  0.557984E+00  0.507792E+00  0.481960E+00  0.402258E+00
  -637.900  0.812179E+00  0.533529E+00  0.486939E+00  0.462850E+00  0.388077E+00
  -637.800  0.756773E+00  0.506951E+00  0.464018E+00  0.441714E+00  0.372044E+00
  -637.700  0.700560E+00  0.478579E+00  0.439313E+00  0.418812E+00  0.354358E+00
  -637.600  0.644193E+00  0.448769E+00  0.413135E+00  0.394435E+00  0.335246E+00
  -637.500  0.588287E+00  0.417894E+00  0.385820E+00  0.368898E+00  0.314962E+00
  -637.400  0.533416E+00  0.386348E+00  0.357723E+00  0.342537E+00  0.293782E+00
  -637.300  0.480110E+00  0.354531E+00  0.329211E+00  0.315700E+00  0.271997E+00
  -637.200  0.428852E+00  0.322842E+00  0.300654E+00  0.288742E+00  0.249908E+00
  -637.100  0.380066E+00  0.291669E+00  0.272416E+00  0.262013E+00  0.227817E+00
  -637.000  0.334113E+00  0.261378E+00  0.244840E+00  0.235844E+00  0.206015E+00
  -636.900  0.291283E+00  0.232298E+00  0.218244E+00  0.210544E+00  0.184776E+00
  -636.800  0.251790E+00  0.204715E+00  0.192905E+00  0.186384E+00  0.164346E+00
  -636.700  0.215768E+00  0.178865E+00  0.169056E+00  0.163593E+00  0.144940E+00
  -636.600  0.183271E+00  0.154925E+00  0.146876E+00  0.142353E+00  0.126730E+00
  -636.500  0.154279E+00  0.133015E+00  0.126494E+00  0.122793E+00  0.109849E+00
  -636.400  0.128701E+00  0.113197E+00  0.107984E+00  0.104991E+00  0.943854E-01
  -636.300  0.106387E+00  0.954764E-01  0.913671E-01  0.889783E-01  0.803862E-01
  -636.200  0.871376E-01  0.798133E-01  0.766217E-01  0.747397E-01  0.678588E-01
  -636.100  0.707171E-01  0.661247E-01  0.636845E-01  0.622220E-01  0.567759E-01
  -636.000  0.568647E-01  0.542949E-01  0.524603E-01  0.513398E-01  0.470808E-01
  -635.900  0.453072E-01  0.441836E-01  0.428294E-01  0.419837E-01  0.386934E-01
  -635.800  0.357692E-01  0.356349E-01  0.346551E-01  0.340267E-01  0.315165E-01
  -635.700  0.279826E-01  0.284842E-01  0.277912E-01  0.273321E-01  0.254412E-01
  -635.600  0.216933E-01  0.225660E-01  0.220884E-01  0.217590E-01  0.203530E-01
  -635.500  0.166665E-01  0.177186E-01  0.173995E-01  0.171678E-01  0.161363E-01
  -635.400  0.126902E-01  0.137889E-01  0.135838E-01  0.134243E-01  0.126780E-01
  -635.300  0.957679E-02  0.106354E-01  0.105102E-01  0.104032E-01  0.987081E-02
  -635.200  0.716346E-02  0.813004E-02  0.805926E-02  0.798952E-02  0.761536E-02
  -635.100  0.531120E-02  0.615936E-02  0.612430E-02  0.608048E-02  0.582157E-02
  -635.000  0.390339E-02  0.462449E-02  0.461183E-02  0.458558E-02  0.440932E-02
  -634.900  0.284365E-02  0.344074E-02  0.344125E-02  0.342656E-02  0.330865E-02
  -634.800  0.205349E-02  0.253671E-02  0.254421E-02  0.253685E-02  0.245945E-02
  -634.700  0.146989E-02  0.185303E-02  0.186355E-02  0.186064E-02  0.181087E-02
  -634.600  0.104288E-02  0.134104E-02  0.135218E-02  0.135181E-02  0.132053E-02
  -634.500  0.733360E-03  0.961392E-03  0.971815E-03  0.972738E-03  0.953604E-03
  -634.400  0.511089E-03  0.682658E-03  0.691719E-03  0.693188E-03  0.681848E-03
  -634.300  0.352965E-03  0.480053E-03  0.487541E-03  0.489123E-03  0.482664E-03
  -634.200  0.241531E-03  0.334268E-03  0.340224E-03  0.341691E-03  0.338202E-03
  -634.100  0.163743E-03  0.230437E-03  0.235030E-03  0.236280E-03  0.234539E-03
  -634.000  0.109962E-03  0.157251E-03  0.160700E-03  0.161708E-03  0.160951E-03
  -633.900  0.731373E-04  0.106204E-03  0.108735E-03  0.109516E-03  0.109280E-03
  -633.800  0.481708E-04  0.709790E-04  0.727978E-04  0.733824E-04  0.733991E-04
  -633.700  0.314125E-04  0.469334E-04  0.482154E-04  0.486412E-04  0.487613E-04
  -633.600  0.202777E-04  0.306991E-04  0.315866E-04  0.318893E-04  0.320351E-04
  -633.500  0.000000E+00  0.198605E-04  0.204644E-04  0.206749E-04  0.208102E-04
  -633.400  0.000000E+00  0.000000E+00  0.000000E+00  0.000000E+00  0.000000E+00
  -633.300  0.000000E+00  0.000000E+00  0.000000E+00  0.000000E+00  0.000000E+00
  -633.200  0.000000E+00  0.000000E+00  0.000000E+00  0.000000E+00  0.000000E+00
  -633.100  0.000000E+00  0.000000E+00  0.000000E+00  0.000000E+00  0.000000E+00
  -633.000  0.000000E+00  0.000000E+00  0.000000E+00  0.000000E+00  0.000000E+00
  -632.900  0.000000E+00  0.000000E+00  0.000000E+00  0.000000E+00  0.000000E+00
  -632.800  0.000000E+00  0.000000E+00  0.000000E+00  0.000000E+00  0.000000E+00
  -632.700  0.000000E+00  0.000000E+00  0.000000E+00  0.000000E+00  0.000000E+00
  -632.600  0.000000E+00  0.000000E+00  0.000000E+00  0.000000E+00  0.000000E+00
  -632.500  0.000000E+00  0.000000E+00  0.000000E+00  0.000000E+00  0.000000E+00
  -632.400  0.000000E+00  0.000000E+00  0.000000E+00  0.000000E+00  0.000000E+00
  -632.300  0.000000E+00  0.000000E+00  0.000000E+00  0.000000E+00  0.000000E+00
  -632.200  0.000000E+00  0.000000E+00  0.000000E+00  0.000000E+00  0.000000E+00
  -632.100  0.000000E+00  0.000000E+00  0.000000E+00  0.000000E+00  0.000000E+00
  -632.000  0.000000E+00  0.000000E+00  0.000000E+00  0.000000E+00  0.000000E+00
  -631.900  0.000000E+00  0.000000E+00  0.000000E+00  0.000000E+00  0.000000E+00
  -631.800  0.000000E+00  0.000000E+00  0.000000E+00  0.000000E+00  0.000000E+00
  -631.700  0.000000E+00  0.000000E+00  0.000000E+00  0.000000E+00  0.000000E+00
  -631.600  0.000000E+00  0.000000E+00  0.000000E+00  0.000000E+00  0.000000E+00
  -631.500  0.000000E+00  0.000000E+00  0.000000E+00  0.000000E+00  0.000000E+00
  -631.400  0.000000E+00  0.000000E+00  0.000000E+00  0.000000E+00  0.000000E+00
  -631.300  0.000000E+00  0.000000E+00  0.000000E+00  0.000000E+00  0.000000E+00
  -631.200  0.000000E+00  0.000000E+00  0.000000E+00  0.000000E+00  0.000000E+00
  -631.100  0.000000E+00  0.000000E+00  0.000000E+00  0.000000E+00  0.000000E+00
  -631.000  0.000000E+00  0.000000E+00  0.000000E+00  0.000000E+00  0.000000E+00
  -630.900  0.000000E+00  0.000000E+00  0.000000E+00  0.000000E+00  0.000000E+00
  -630.800  0.000000E+00  0.000000E+00  0.000000E+00  0.000000E+00  0.000000E+00
  -630.700  0.000000E+00  0.000000E+00  0.000000E+00  0.000000E+00  0.000000E+00
  -630.600  0.000000E+00  0.000000E+00  0.000000E+00  0.000000E+00  0.000000E+00
  -630.500  0.000000E+00  0.000000E+00  0.000000E+00  0.000000E+00  0.000000E+00
  -630.400  0.000000E+00  0.000000E+00  0.000000E+00  0.000000E+00  0.000000E+00
  -630.300  0.000000E+00  0.000000E+00  0.000000E+00  0.000000E+00  0.000000E+00
  -630.200  0.000000E+00  0.000000E+00  0.000000E+00  0.000000E+00  0.000000E+00
  -630.100  0.000000E+00  0.000000E+00  0.000000E+00  0.000000E+00  0.000000E+00
  -630.000  0.000000E+00  0.000000E+00  0.000000E+00  0.000000E+00  0.000000E+00
  -629.900  0.000000E+00  0.000000E+00  0.000000E+00  0.000000E+00  0.000000E+00
  -629.800  0.000000E+00  0.000000E+00  0.000000E+00  0.000000E+00  0.000000E+00
  -629.700  0.000000E+00  0.000000E+00  0.000000E+00  0.000000E+00  0.000000E+00
  -629.600  0.000000E+00  0.000000E+00  0.000000E+00  0.000000E+00  0.000000E+00
  -629.500  0.000000E+00  0.000000E+00  0.000000E+00  0.000000E+00  0.000000E+00
  -629.400  0.000000E+00  0.000000E+00  0.000000E+00  0.000000E+00  0.000000E+00
  -629.300  0.000000E+00  0.000000E+00  0.000000E+00  0.000000E+00  0.000000E+00
  -629.200  0.000000E+00  0.000000E+00  0.000000E+00  0.000000E+00  0.000000E+00
  -629.100  0.000000E+00  0.000000E+00  0.000000E+00  0.000000E+00  0.000000E+00
  -629.000  0.000000E+00  0.000000E+00  0.000000E+00  0.000000E+00  0.000000E+00
  -628.900  0.000000E+00  0.000000E+00  0.000000E+00  0.000000E+00  0.000000E+00
  -628.800  0.000000E+00  0.000000E+00  0.000000E+00  0.000000E+00  0.000000E+00
  -628.700  0.000000E+00  0.000000E+00  0.000000E+00  0.000000E+00  0.000000E+00
  -628.600  0.000000E+00  0.000000E+00  0.000000E+00  0.000000E+00  0.000000E+00
  -628.500  0.000000E+00  0.000000E+00  0.000000E+00  0.000000E+00  0.000000E+00
  -628.400  0.000000E+00  0.000000E+00  0.000000E+00  0.000000E+00  0.000000E+00
  -628.300  0.000000E+00  0.000000E+00  0.000000E+00  0.000000E+00  0.000000E+00
  -628.200  0.000000E+00  0.000000E+00  0.000000E+00  0.000000E+00  0.000000E+00
  -628.100  0.000000E+00  0.000000E+00  0.000000E+00  0.000000E+00  0.000000E+00
  -628.000  0.000000E+00  0.000000E+00  0.000000E+00  0.000000E+00  0.000000E+00
  -627.900  0.000000E+00  0.000000E+00  0.000000E+00  0.000000E+00  0.000000E+00
  -627.800  0.000000E+00  0.000000E+00  0.000000E+00  0.000000E+00  0.000000E+00
  -627.700  0.000000E+00  0.000000E+00  0.000000E+00  0.000000E+00  0.000000E+00
  -627.600  0.000000E+00  0.000000E+00  0.000000E+00  0.000000E+00  0.000000E+00
  -627.500  0.000000E+00  0.000000E+00  0.000000E+00  0.000000E+00  0.000000E+00
  -627.400  0.000000E+00  0.000000E+00  0.000000E+00  0.000000E+00  0.000000E+00
  -627.300  0.000000E+00  0.000000E+00  0.000000E+00  0.000000E+00  0.000000E+00
  -627.200  0.000000E+00  0.000000E+00  0.000000E+00  0.000000E+00  0.000000E+00
  -627.100  0.000000E+00  0.000000E+00  0.000000E+00  0.000000E+00  0.000000E+00
  -627.000  0.000000E+00  0.000000E+00  0.000000E+00  0.000000E+00  0.000000E+00
  -626.900  0.000000E+00  0.000000E+00  0.000000E+00  0.000000E+00  0.000000E+00
  -626.800  0.000000E+00  0.000000E+00  0.000000E+00  0.000000E+00  0.000000E+00
  -626.700  0.000000E+00  0.000000E+00  0.000000E+00  0.000000E+00  0.000000E+00
  -626.600  0.000000E+00  0.000000E+00  0.000000E+00  0.000000E+00  0.000000E+00
  -626.500  0.000000E+00  0.000000E+00  0.000000E+00  0.000000E+00  0.000000E+00
  -626.400  0.000000E+00  0.000000E+00  0.000000E+00  0.000000E+00  0.000000E+00
  -626.300  0.000000E+00  0.000000E+00  0.000000E+00  0.000000E+00  0.000000E+00
  -626.200  0.000000E+00  0.000000E+00  0.000000E+00  0.000000E+00  0.000000E+00
  -626.100  0.000000E+00  0.000000E+00  0.000000E+00  0.000000E+00  0.000000E+00
  -626.000  0.000000E+00  0.000000E+00  0.000000E+00  0.000000E+00  0.000000E+00
  -625.900  0.000000E+00  0.000000E+00  0.000000E+00  0.000000E+00  0.000000E+00
  -625.800  0.000000E+00  0.000000E+00  0.000000E+00  0.000000E+00  0.000000E+00
  -625.700  0.000000E+00  0.000000E+00  0.000000E+00  0.000000E+00  0.000000E+00
  -625.600  0.000000E+00  0.000000E+00  0.000000E+00  0.000000E+00  0.000000E+00
  -625.500  0.000000E+00  0.000000E+00  0.000000E+00  0.000000E+00  0.000000E+00
  -625.400  0.000000E+00  0.000000E+00  0.000000E+00  0.000000E+00  0.000000E+00
  -625.300  0.000000E+00  0.000000E+00  0.000000E+00  0.000000E+00  0.000000E+00
  -625.200  0.000000E+00  0.000000E+00  0.000000E+00  0.000000E+00  0.000000E+00
  -625.100  0.000000E+00  0.000000E+00  0.000000E+00  0.000000E+00  0.000000E+00
  -625.000  0.000000E+00  0.000000E+00  0.000000E+00  0.000000E+00  0.000000E+00
  -624.900  0.000000E+00  0.000000E+00  0.000000E+00  0.000000E+00  0.000000E+00
  -624.800  0.000000E+00  0.000000E+00  0.000000E+00  0.000000E+00  0.000000E+00
  -624.700  0.000000E+00  0.000000E+00  0.000000E+00  0.000000E+00  0.000000E+00
  -624.600  0.000000E+00  0.000000E+00  0.000000E+00  0.000000E+00  0.000000E+00
  -624.500  0.000000E+00  0.000000E+00  0.000000E+00  0.000000E+00  0.000000E+00
  -624.400  0.000000E+00  0.000000E+00  0.000000E+00  0.000000E+00  0.000000E+00
  -624.300  0.000000E+00  0.000000E+00  0.000000E+00  0.000000E+00  0.000000E+00
  -624.200  0.000000E+00  0.000000E+00  0.000000E+00  0.000000E+00  0.000000E+00
  -624.100  0.000000E+00  0.000000E+00  0.000000E+00  0.000000E+00  0.000000E+00
  -624.000  0.000000E+00  0.000000E+00  0.000000E+00  0.000000E+00  0.000000E+00
  -623.900  0.000000E+00  0.000000E+00  0.000000E+00  0.000000E+00  0.000000E+00
  -623.800  0.000000E+00  0.000000E+00  0.000000E+00  0.000000E+00  0.000000E+00
  -623.700  0.000000E+00  0.000000E+00  0.000000E+00  0.000000E+00  0.000000E+00
  -623.600  0.000000E+00  0.000000E+00  0.000000E+00  0.000000E+00  0.000000E+00
  -623.500  0.000000E+00  0.000000E+00  0.000000E+00  0.000000E+00  0.000000E+00
  -623.400  0.000000E+00  0.000000E+00  0.000000E+00  0.000000E+00  0.000000E+00
  -623.300  0.000000E+00  0.000000E+00  0.000000E+00  0.000000E+00  0.000000E+00
  -623.200  0.000000E+00  0.000000E+00  0.000000E+00  0.000000E+00  0.000000E+00
  -623.100  0.000000E+00  0.000000E+00  0.000000E+00  0.000000E+00  0.000000E+00
  -623.000  0.000000E+00  0.000000E+00  0.000000E+00  0.000000E+00  0.000000E+00
  -622.900  0.000000E+00  0.000000E+00  0.000000E+00  0.000000E+00  0.000000E+00
  -622.800  0.000000E+00  0.000000E+00  0.000000E+00  0.000000E+00  0.000000E+00
  -622.700  0.000000E+00  0.000000E+00  0.000000E+00  0.000000E+00  0.000000E+00
  -622.600  0.000000E+00  0.000000E+00  0.000000E+00  0.000000E+00  0.000000E+00
  -622.500  0.000000E+00  0.000000E+00  0.000000E+00  0.000000E+00  0.000000E+00
  -622.400  0.000000E+00  0.000000E+00  0.000000E+00  0.000000E+00  0.000000E+00
  -622.300  0.000000E+00  0.000000E+00  0.000000E+00  0.000000E+00  0.000000E+00
  -622.200  0.000000E+00  0.000000E+00  0.000000E+00  0.000000E+00  0.000000E+00
  -622.100  0.000000E+00  0.000000E+00  0.000000E+00  0.000000E+00  0.000000E+00
  -622.000  0.000000E+00  0.000000E+00  0.000000E+00  0.000000E+00  0.000000E+00
  -621.900  0.000000E+00  0.000000E+00  0.000000E+00  0.000000E+00  0.000000E+00
  -621.800  0.000000E+00  0.000000E+00  0.000000E+00  0.000000E+00  0.000000E+00
  -621.700  0.000000E+00  0.000000E+00  0.000000E+00  0.000000E+00  0.000000E+00
  -621.600  0.000000E+00  0.000000E+00  0.000000E+00  0.000000E+00  0.000000E+00
  -621.500  0.000000E+00  0.000000E+00  0.000000E+00  0.000000E+00  0.000000E+00
  -621.400  0.000000E+00  0.000000E+00  0.000000E+00  0.000000E+00  0.000000E+00
  -621.300  0.000000E+00  0.000000E+00  0.000000E+00  0.000000E+00  0.000000E+00
  -621.200  0.000000E+00  0.000000E+00  0.000000E+00  0.000000E+00  0.000000E+00
  -621.100  0.000000E+00  0.000000E+00  0.000000E+00  0.000000E+00  0.000000E+00
  -621.000  0.000000E+00  0.000000E+00  0.000000E+00  0.000000E+00  0.000000E+00
  -620.900  0.000000E+00  0.000000E+00  0.000000E+00  0.000000E+00  0.000000E+00
  -620.800  0.000000E+00  0.000000E+00  0.000000E+00  0.000000E+00  0.000000E+00
  -620.700  0.000000E+00  0.000000E+00  0.000000E+00  0.000000E+00  0.000000E+00
  -620.600  0.000000E+00  0.000000E+00  0.000000E+00  0.000000E+00  0.000000E+00
  -620.500  0.000000E+00  0.000000E+00  0.000000E+00  0.000000E+00  0.000000E+00
  -620.400  0.000000E+00  0.000000E+00  0.000000E+00  0.000000E+00  0.000000E+00
  -620.300  0.000000E+00  0.000000E+00  0.000000E+00  0.000000E+00  0.000000E+00
  -620.200  0.000000E+00  0.000000E+00  0.000000E+00  0.000000E+00  0.000000E+00
  -620.100  0.000000E+00  0.000000E+00  0.000000E+00  0.000000E+00  0.000000E+00
  -620.000  0.000000E+00  0.000000E+00  0.000000E+00  0.000000E+00  0.000000E+00
