-653.2398299951215 
-653.0128794685888 -652.0596659003604 
-652.3658371042652 -652.3677071647885 
-658.0605591030999 -658.0605668786566 
-650.8682741646126 -650.8686171909953 -651.0976122855127 
-650.4130627999034 -650.4126606547393 -650.5490932653333 
-656.5969355738289 -656.5970683516111 -651.0043001132635 
-656.5942478184852 -656.855015050257 -650.6680977408482 
-662.3574623117102 -657.3577531405253 -657.3477339554465 
-657.1928394886991 -657.1924661935855 -663.4762899132529 
-654.4406609172202 -654.4348375427376 -654.4097395209856 
-651.2488228068041 -651.2565389189363 -651.2448567078332 
-650.2151004833813 -650.1511430289993 -650.1521589364174 -650.2148281905238 
-655.4301182334293 -655.5959809023598 -649.5832371766696 -649.7010453600756 
-660.9501200101067 -656.5899397774319 -656.3131840437945 -650.0019841699973 
-661.0221074749916 -650.1584542449891 -656.2297129604267 -656.1375090461024 
-655.818695620479 -656.0627455472309 -656.0624380979984 -656.135179316866 
-655.8933825887152 -655.8929098761487 -655.9619983375833 -655.9621247165214 
-656.1208535381502 -656.1199106144154 -656.1197830567926 -656.1210303014059 
-656.308790399813 -656.3088012057833 -663.3660497812557 -649.957835523659 
-662.0057917218742 -656.141534046657 -663.1106403112399 -656.4756028370025 
-654.2515728134649 -659.2575144192988 -654.2515393011472 -657.573680250649 
-652.9767783794869 -652.9769839606042 -650.2498300109651 -653.6025693597421 
-661.9323869386626 -661.9326486567365 -656.8740650882683 -656.8738757568844 
-656.6022707882448 -649.858896996976 -655.6836824995239 -649.8571190163289 
-661.6797686763139 -656.02448638643 -649.7429800552886 -656.3516329240952 
-656.6358435500706 -661.8839355100863 -656.5147399881225 -649.7775827977584 
-659.7415528688157 -654.1152443930378 -654.2275218993145 -657.1070735550816 
-655.8371527665804 -656.0285046797226 -656.0284706053444 -655.8374671183078 
-662.6674068363 -662.6676108379188 -662.8529636309427 -662.9072802671026 
-649.7668830141483 -649.8450867659367 -649.7668595467594 -649.766449999589 
-649.8917866123784 -649.8881827448577 -649.8919793535179 -649.8805421458128 
-663.3888157419419 -663.3888275199402 -664.3001183464021 -664.3003240108774 
-644.2310632088406 -644.2002643370324 -644.1981822548969 -644.4186091695806 
-660.0075930615831 -655.7247750837887 -655.7375416307655 -649.2883941671143 -648.806401718457 
-660.6029173220008 -655.2927534336886 -655.0086395272656 -655.8292018105467 -655.6020566099824 
-654.8781598667338 -654.8763988846176 -654.8765398962073 -654.8781951986125 -649.2765921982655 
-661.1061290127413 -655.118488333997 -662.6149948755733 -655.5574740868665 -648.7669832900665 
-661.3068989288631 -661.306971302608 -662.9425478719622 -655.8265821004074 -655.8265837257059 
-652.9130506205256 -658.0083307929376 -649.3202746584193 -653.5360413106409 -656.4413755022933 
-659.2800633052329 -659.2801965994872 -656.9961552352752 -654.5161343662594 -656.9962256672743 
-660.7542533529772 -660.7544252488237 -655.3208545661237 -649.4782804954939 -655.3209676066808 
-652.9002768046003 -652.4268811682005 -655.3663339128907 -655.3661825238951 -652.9003562529524 
-661.9757728464947 -661.4384589351826 -655.5587105392751 -662.5101948056799 -655.7631012244397 
-659.429041667715 -653.2035903938099 -655.6237751142589 -663.2518573629036 -653.2033406717728 
-661.2200478644022 -655.6873131609823 -661.2198659593369 -662.8220119797879 -655.6864374356601 
-662.7735617504691 -649.1593644445429 -655.4288917017166 -655.4282031197135 -649.1629818339293 
-655.3605586793178 -654.9649206376089 -655.3604897374803 -654.9645509272191 -648.8179077201867 
-656.3035061651744 -661.293421667378 -656.3035242051274 -661.2934775224685 -649.4061732180417 
-661.953470286725 -661.7767940609829 -655.6367292355944 -648.8595053354506 -655.6892247646642 
-659.6935924472996 -653.075372565524 -652.8699539821805 -649.60934070131 -655.6607928447529 
-659.930832065188 -659.9372481909481 -654.0240275577776 -656.3464077727745 -656.1549290708126 
-653.6675027119231 -658.6006670501756 -653.1383790508762 -656.1201665762014 -649.1546352859459 
-659.2043036499322 -659.4269457562395 -656.7375750779024 -655.7929136909493 -653.8038344807755 
-662.4149362469066 -661.9053101330173 -661.9047852515951 -655.5832564218417 -655.5838215408148 
-657.3603825363402 -654.5517260138631 -654.5511187655657 -653.7500812349035 -653.7509268228596 
-661.162786375894 -655.1552928393958 -655.6439463921042 -655.4171954532553 -655.9454312577445 
-655.6331054761113 -655.4190441802011 -662.0075406275992 -655.8852334008079 -655.6173310521572 
-653.7197316088163 -661.8287301820292 -653.0215773127416 -659.8931259962537 -656.1787415801464 
-660.6757971453826 -663.3746721957605 -660.1884683215371 -663.2489477518266 -654.0821699539902 
-662.4361814611011 -661.7598050015035 -661.7079102253083 -662.0075398049139 -649.5814473759542 
-661.5275235184927 -655.6699610805458 -655.6705557163277 -661.6565927029947 -661.655784730628 
-654.8579012223663 -648.3609775527175 -654.8576009926469 -649.1924014011138 -660.722391617639 
-656.1373137609708 -656.1208270621642 -649.2739681582711 -649.2779488845481 -661.0052408786823 
-662.859446614143 -662.8588541489694 -662.3681202191465 -649.2292472528161 -662.3668247378478 
-662.5878483788638 -659.9684105966317 -654.1675382682852 -660.1951699422275 -663.1428438971989 
-655.5228751116238 -653.4348406915615 -659.3191192980589 -659.3932686501448 -655.9147576384694 
-653.6004776416075 -653.6004938005894 -653.6004388076344 -653.6002291877116 -657.6713665175535 
-643.6029032396941 -649.6665878364283 -643.7874155869467 -656.838758347461 -643.8526725735101 
-659.4418936898992 -659.4416106722306 -654.6773899920245 -654.8097568815692 -654.8100369385838 -654.6773195317483 
-660.4274128057582 -660.4274596232567 -662.6564389566934 -655.2614436072981 -655.2615082162829 -648.3094611007855 
-657.6926716356811 -657.6927280836917 -655.8107840627522 -649.2230440385692 -653.7880863661121 -655.8108780526572 
-652.8054731868046 -657.2441812674911 -655.0180938062599 -655.0180760171361 -652.8055669773689 -655.9231130688345 
-659.2088507622134 -658.0553520495482 -655.4289486920115 -662.5292478010279 -653.2371648591989 -655.8724027067074 
-661.0673560223522 -660.4456476420219 -660.7348727444842 -662.4625851538763 -655.1516640084828 -654.8321961849465 
-658.7078260808989 -652.3143505798466 -661.053832740457 -663.3240726367308 -655.5544868502893 -652.9704685338393 
-652.6319333126066 -652.6322521073726 -652.6323532564438 -652.631981594895 -652.62433995122 -652.6245400531352 
-661.5820250916322 -661.5826667988658 -661.5828430291676 -661.5819987183359 -662.239913695315 -662.2397662756666 
-661.6052547799527 -659.7063290049077 -654.7965438100373 -660.500258855518 -654.42837504606 -648.0598989799082 
-654.5190253891192 -659.6922750297704 -654.0868654545238 -654.4392481000123 -659.6920263299589 -654.5187605726242 
-656.200245256332 -658.660302659745 -658.6613195021 -656.1998033245236 -658.6647823273661 -656.1997371166617 
-659.4106080578381 -658.1859540109117 -652.4952090670458 -655.8669676343047 -648.8162097594532 -654.7505492542327 
-659.578854265897 -658.362109518167 -662.0595554848855 -655.4350449055196 -655.6326380139626 -652.8104086562485 
-657.3240098313522 -659.7406892617068 -653.4309934891253 -652.822679900366 -656.0809196339969 -653.3824923614739 
-661.0463074739323 -654.717280874459 -661.6474978572151 -655.0475255488122 -654.9032072813507 -654.7188905984221 
-659.042987468807 -660.6072197192043 -652.4791423143597 -659.0724852828398 -654.837387321495 -654.9398869823799 
-659.6082282496095 -655.1107338087345 -659.6327162392809 -659.6016560672142 -655.2193779232944 -655.1794086949894 
-653.4396000533679 -661.0754971725719 -658.8612505807778 -659.7628321185639 -656.194543092277 -655.9185018285543 
-653.1849474551154 -653.463184607524 -655.8535603271589 -648.8015064661517 -653.2795197782261 -653.4309566887441 
-659.9367900311181 -660.03899020991 -657.4651068883977 -663.1788997192011 -653.9525373323554 -654.2483581868919 
-659.8918754502429 -661.8903766384192 -658.3365600795278 -661.4932586960217 -649.3456682823462 -652.5440911427149 
-662.2279032625429 -658.8262884335809 -659.1552483410283 -662.2687479195247 -649.2140046845361 -653.6146642606445 
-658.7470806496926 -653.9318836955513 -656.7211313671755 -656.3823607804816 -652.8228484021379 -654.3364194735127 
-661.8745380662781 -652.6752147752395 -658.4686747117084 -662.0221043392603 -655.5600465790026 -652.9389776280836 
-659.8126479063449 -659.7922778356292 -660.6668656293841 -653.2866444164811 -660.8579300123511 -653.3657727657719 
-659.6382660968407 -661.729343044768 -662.2300425385856 -659.3798573010008 -660.3240280583827 -655.9205102598553 
-661.4159638111341 -661.0481444881052 -654.6938952615928 -661.5071421528783 -654.731362596005 -661.4512686822836 
-655.062570207434 -652.115470903123 -654.987089761582 -658.8464696735259 -652.746196077172 -655.3674705223088 
-653.1839439506557 -656.1012743276801 -660.8994833574916 -658.3033307599253 -659.4313981668329 -655.5299067797105 
-659.30839266145 -661.8583775431716 -656.4763967023023 -659.2024749824609 -662.9171066188137 -660.8338555704013 
-661.4139706443448 -655.5488989778914 -652.8335233066309 -659.4750644011287 -661.385561773795 -652.531688826969 
-661.8990439289187 -662.0202315800234 -655.1154323566352 -655.1782866057993 -655.1783329143905 -655.1153569816593 
-661.4517913136092 -662.232848006769 -661.9406793064454 -661.7438620776074 -654.8382489237588 -655.0809956362291 
-662.087740470311 -662.424858433691 -662.0578402187502 -662.0576158548774 -661.818812114253 -661.8193291512684 
-661.370918401678 -655.0202857217241 -660.732792419356 -661.9076951070192 -660.7138063894581 -655.3918696910714 
-660.1218847926007 -655.1634559053268 -655.2952046166356 -655.2860273825054 -660.1175040945291 -655.1443515760852 
-654.939542109908 -654.8136431552766 -655.0639090376712 -654.9639646520773 -660.3062174191105 -660.4386399320151 
-655.21504167685 -654.8135955295525 -660.551786935046 -649.4889844219279 -660.8039686702318 -660.9543323329526 
-648.2382102711908 -661.5708652291087 -654.5562524682673 -654.5560610584866 -660.878249726738 -660.8785425811834 
-660.4012418655184 -648.2827776088734 -660.3999094092478 -648.7743769819094 -661.7100468466533 -661.7890497718336 
-654.7652713253624 -655.6587188233962 -652.4364340163966 -648.9370530823826 -659.4109550766698 -658.0109195052478 
-662.8788584196568 -662.8788161804669 -661.5311645426682 -648.7987294248651 -648.7989080792495 -661.5308313950968 
-655.2603137724182 -662.0176071936339 -660.748657887128 -655.4374179478887 -648.3860033169676 -660.8855647587529 
-662.847692586497 -659.9792330442974 -653.0290985810129 -659.2756876156427 -649.0335841696733 -661.8445386287394 
-662.5130533647698 -660.1057836530099 -659.2936872319933 -659.8282260733972 -655.6910921151498 -662.5971364654033 
-655.5375591186398 -653.3692785450021 -657.9723890648452 -658.1778811489394 -655.6807927499826 -649.0503275942224 
-655.1013233908952 -659.0434023011944 -658.5717392242368 -655.8946262552163 -655.3320500183881 -658.887283752294 
-662.562669695224 -657.4088686369464 -654.3701118356603 -654.3687316522646 -660.1968825635431 -660.2007031888879 
-655.5162970616943 -655.5185859314506 -661.0948590415865 -661.0941335461366 -655.518031174051 -655.5168960093006 
-659.9604802385074 -659.960701098325 -653.8960916221331 -653.8963410403039 -658.0916142272881 -663.3685288538009 
-653.3832702576215 -653.1321742610025 -659.1528797745568 -652.6924363159906 -656.9407238571339 -655.3501661194414 
-662.2922585208157 -653.2763119039623 -660.437930354808 -657.118758042021 -653.582562131945 -660.6962868731403 
-660.251249609496 -660.2515132387871 -660.6169053558724 -660.6171098879531 -660.6457672315059 -660.6459926915022 
-655.4476697733603 -661.5996984637763 -659.3958901444507 -658.8241357528896 -655.4126392752783 -652.9535360159148 
-653.3803827907777 -659.5961022234305 -659.5959384091288 -663.1538730636071 -653.380151307676 -658.1311963246112 
-661.8391588762347 -661.839495947339 -661.839045577789 -661.8394421642879 -661.8396828727846 -661.8390516327227 
-662.2620178324282 -662.2614618075131 -654.9250291369071 -662.6005868514067 -655.1400870408011 -662.6005165479542 
-652.3985260098652 -652.3985133240822 -649.1521687731392 -652.3983331191539 -652.3981951054297 -657.5889557662103 
-643.5028457163926 -649.1207744214535 -649.1208781689984 -656.2326909528256 -656.2332296535019 -643.727328831304 
-649.4936403117072 -649.3699512310859 -643.2343184475658 -656.0247236636656 -656.493453626797 -643.3709875062523 
-643.4709228220668 -643.4707916444322 -647.7812856685941 -653.9263540831171 -653.9265164680228 -644.0724718791398 
-650.0687236191252 -643.5441721116035 -649.9604762668018 -662.3847812434428 -662.7619247673001 -643.5673834918703 
-650.1369027994238 -650.1369342587586 -643.7742004418064 -663.2339847760386 -663.2342225022876 -643.9321556304744 
-659.5227498329723 -659.5226128645882 -653.4866192454183 -659.5226566370302 -653.4869778438015 -659.522822957596 
-659.0136589334725 -658.5684864970144 -660.6597326260144 -662.8330174929815 -655.120713724119 -653.3687535910317 -655.5153030580323 
-658.634568460916 -652.4406401148403 -658.6353519653185 -652.439536533916 -652.4402380428191 -652.4402066097928 -663.1729076877536 
-661.2082635118236 -659.5706340845954 -659.5708705270717 -661.2084873266012 -662.2730967365469 -653.1338126228034 -662.2735809750443 
-661.2354611068431 -659.8644979107062 -659.8797939071114 -653.9449829340938 -660.2694438435838 -660.26711130271 -653.9445591940839 
-661.6114573772716 -660.6454903590525 -660.6446443555665 -661.6110996688108 -660.6447103813134 -660.6458419803657 -647.4018495421383 
-662.2212605958384 -658.6111386320381 -658.6109927811794 -654.7824654936608 -654.0866404435956 -659.395776281568 -654.7822466753851 
-657.7361125175903 -658.8827767575704 -658.8828134911155 -652.4665851826512 -654.4491481058026 -654.449049270153 -652.4667416398506 
-659.3223987568044 -660.1292451874533 -658.2036953442325 -659.0276952052309 -654.4587803501563 -654.2919368903849 -654.2035117698756 
-659.6996743478244 -659.2735391389278 -656.1367753293612 -661.4488148723317 -647.7529172476839 -652.980147278809 -652.542218947653 
-659.2649343614971 -652.8084274289481 -655.6981363716341 -661.702170149355 -654.6409588085926 -652.3984115884773 -653.6959364218742 
-657.1778722470822 -660.0867553759108 -657.6829749833023 -652.9025890006606 -659.9992800072064 -652.587453798862 -653.4219589852487 
-657.3817060674132 -661.5010920708501 -659.1642973499597 -659.2817552430151 -659.3850584960178 -654.3339079584484 -652.1347323479758 
-659.7738698320018 -659.2857591363436 -659.4715961597776 -658.6837063957519 -660.5876778173292 -654.9947520635283 -652.8281545936075 
-660.7263813608461 -657.9923141357667 -653.794792563905 -658.8248853656269 -652.2222008414901 -654.1348165688978 -661.2915487393848 
-660.0660704419361 -662.3673416668298 -660.8333020609716 -659.2037386766578 -659.4181057267556 -654.8837816771029 -661.2617649598242 
-652.6171376133912 -652.7286779383717 -660.553024158803 -656.4366449196004 -659.7253998576098 -652.7824762587384 -654.6094496223386 
-659.1151684397473 -661.3111948027517 -653.1098449582564 -656.9740277543565 -662.0480808814809 -652.1122840605794 -660.6574677011918 
-659.2600838878288 -659.128522456936 -655.1649264854914 -658.4802039862816 -660.3274342771033 -652.1939030802237 -660.5871166086308 
-661.1251947919955 -652.1473457993616 -652.1517910776543 -658.6952503643333 -658.6968928853994 -652.4138367231462 -652.4141208960546 
-657.7574854936679 -662.0027672592346 -662.0031017689225 -659.9715011073313 -659.9706053000564 -659.6327484312224 -659.6331964649307 
-659.0123130143975 -661.4450055492707 -658.5073412187735 -652.3209364623908 -661.1079734445461 -654.0317557253766 -654.3123533798844 
-659.0856695968537 -661.5802598761711 -658.505293672245 -661.8131928430539 -661.1543888695442 -660.8894221038931 -652.6052680414518 
-660.7210660852852 -660.9518113491913 -660.5551683513072 -660.5371039730426 -653.7886081978859 -660.5760398989132 -653.8047211449139 
-660.2945633083946 -661.6114739856694 -654.0751676826071 -661.3589672134785 -660.7263391173292 -660.2206118708614 -654.0989821925205 
-658.4413516144937 -654.1918339669146 -660.5668431917147 -651.5709047131545 -659.4411344543059 -660.1346124238016 -654.1033607469303 
-652.4004673255217 -661.2660778823788 -660.9722066076292 -658.4579335343819 -659.1738733615093 -661.280113665558 -661.4206495082772 
-658.8447995380466 -655.4201802449616 -660.0389844528468 -657.1334970243215 -662.6480412968722 -658.6222777395806 -653.4022086424479 
-661.387423728358 -661.7596505508536 -658.902649427434 -659.0282124845116 -661.678663406839 -654.2671244632566 -659.5508480051321 
-657.8245014707727 -655.1683573185855 -653.4768307393888 -656.1972023471149 -654.9580449035466 -657.8756823318536 -653.580859299947 
-653.5936730262301 -660.6914508695245 -660.6270695074127 -653.9383896458103 -660.735332770098 -660.3870759527044 -659.713876266796 
-660.3356971657572 -653.8002642863462 -660.3587523012493 -653.8007371755648 -660.9137892185604 -659.4821214703197 -660.8802576897233 
-660.2040216833511 -654.7676482599654 -658.5492854019994 -647.644178891177 -659.9796563729174 -657.9035788485826 -661.7105086086722 
-653.9101872620131 -661.792837246323 -651.9616876229029 -654.207831422761 -658.6205553707491 -659.0153064771762 -660.7027140130085 
-658.5376533145932 -647.3005190722774 -660.8082617927898 -653.7407720353472 -658.6566673513657 -659.3432406775519 -661.2763271853264 
-652.1508124669972 -653.9229239118572 -654.7787441362616 -660.6639577387932 -657.5678917204295 -659.1166839836237 -660.3118246145527 
-652.2086033211035 -655.3143696000488 -653.712055435316 -654.548173465415 -657.8156377218161 -660.0808303303597 -658.707017098086 
-662.083234867699 -660.1325243907286 -657.997940545838 -658.3455763046777 -654.4615480312268 -647.3116413923417 -660.6090626448959 
-654.3463247300733 -660.4269932403522 -658.6234151128219 -661.4482683501501 -654.630398283598 -654.6900677713816 -658.9965746812732 
-661.6597467693218 -657.6828501089003 -659.3181171274477 -653.7104924035339 -658.7846724249512 -654.4608968372686 -659.1056650030241 
-661.1066256300855 -661.1069775145825 -660.2702662994316 -660.2701862961453 -654.0697668870735 -654.0694273200179 -660.7343741511759 
-659.7834724188706 -659.5263045660809 -659.0506559278288 -652.4207445330421 -657.320134460464 -654.1443575241915 -661.3568963697817 
-653.2121776571785 -653.2125542551294 -658.8826131949509 -658.8829149943458 -658.0176704835262 -655.1591378546409 -655.1593848857915 
-661.7774404045372 -652.8015733257853 -659.3953610944054 -656.8219891993076 -647.5448250519994 -653.110269083455 -659.6507249922488 
-659.9335378584183 -659.9337507656719 -658.2936776602737 -658.2938293271918 -660.3271729296657 -652.5808208563994 -660.3278038459403 
-659.9056316419474 -659.9054759001137 -659.4165035741275 -659.4167046213033 -658.4803010289324 -647.7652346665941 -658.4808547502066 
-661.3128041151208 -659.1155610685555 -660.2279544608496 -656.6216122241985 -655.3351563746596 -652.2070597264569 -660.4775845387358 
-654.4544447246462 -661.4912269642646 -658.1873818282597 -658.025212819055 -660.6039707070504 -654.6425902884675 -652.6444125797725 
-659.890940381616 -657.4292246261475 -660.6587821531753 -661.1853247425033 -653.5931748532198 -657.8392251977912 -660.1043639129684 
-652.8688527814629 -659.637232664104 -657.3684736300797 -660.421568427967 -652.6649966583354 -658.3636222546929 -652.6011978980105 
-652.5406801610507 -659.2762391753595 -658.3199849858238 -662.0986227767762 -658.3356617385889 -657.4891627302404 -654.6061315427396 
-659.4327568924487 -659.4334643211673 -659.4330726596318 -662.9293266069672 -659.4336179506854 -662.9290473843585 -658.9511956833117 
-661.487323204693 -661.4876095959016 -661.1559065753313 -659.1491304665515 -659.1492720345213 -661.1560218322734 -652.1114534184999 
-661.7803223977239 -661.7811331960747 -660.9929389517729 -661.1215734890957 -654.2005702616402 -654.2008248438487 -661.121472401966 
-661.3163011321749 -658.9484471570395 -653.8583336173006 -652.6283510008261 -658.9922845355923 -653.8256947695536 -661.2913014180103 
-661.3184050861282 -659.0756867030868 -654.4371777018032 -659.2741949822002 -659.7619809436378 -660.6695265946237 -661.7716733486432 
-653.9548042508973 -658.5426478525001 -654.1671236747329 -658.6350318725886 -654.9839347136094 -660.6506802161584 -659.0729565252022 
-646.6606113850448 -661.3530680108665 -660.9120971468274 -660.3522026203837 -660.3519339936147 -661.3791192864192 -661.3797318118468 
-661.1024457805611 -656.1701293446199 -647.4973231027861 -653.147870767607 -653.1477188476001 -659.8332331392121 -659.833823031895 
-658.451887476449 -658.4525911448104 -647.3993006750129 -652.3309808544336 -652.3313362636118 -657.9215834846254 -662.2376836626036 
-652.1590854355195 -652.2563870874251 -654.329048794898 -658.5148069633933 -651.5236835909795 -657.2445149386667 -660.8985101938324 
-651.750572455217 -658.2911178769477 -647.8128556235438 -658.2907311020263 -662.0002831035908 -651.7504821447105 -658.0125439012272 
-660.4980363194018 -660.4984009119844 -648.0991910063362 -660.4997733036544 -660.4980158430308 -660.5002348026424 -660.4977473305767 
-650.2517955237718 -649.5625247452331 -649.5622942570171 -655.4700806577816 -654.9578716701903 -654.9575432031265 -643.7394280033732 
-643.6839383906972 -649.5480717423338 -648.0039948458416 -652.9336461096873 -653.5757571442259 -655.4267906699079 -644.3932381335371 
-649.9646187700682 -649.2166950808037 -649.8022995533538 -661.4967080844467 -661.7770341425035 -655.0716181357548 -642.9046202050213 
-649.6594620421292 -642.9315632135344 -648.0951269735642 -659.4583268322003 -662.725164863472 -653.356923205868 -643.4553107380539 
-643.34467871791 -649.4205125162471 -649.228478621365 -661.8471453550928 -655.4680813297118 -662.2511835325508 -650.3106200911534 
-649.5565167680525 -643.5029961209484 -649.4794171896442 -655.151539694757 -655.1095085049051 -654.7722216589314 -649.7208558955499 
-643.43430424704 -643.4341921124815 -648.0304109041622 -655.6766812531914 -653.0659710040686 -653.0658130201709 -650.520761096207 
-650.3253357999602 -649.6981099560235 -649.4963132370135 -662.1153935687371 -655.0763727167755 -662.4982991764555 -643.7894881598049 
-647.7735030329322 -649.8187319970198 -643.9793877939915 -659.8025023330283 -653.6975877009863 -662.6714187293978 -643.5493004122686 
-659.3744675719217 -659.3745156981395 -657.0027985251008 -661.5314058685572 -652.2256212544435 -652.2257279495147 -661.531342395866 
-648.0205191233945 -643.0434504532832 -650.1288934588133 -653.1568574862868 -662.0439682989945 -659.9942202427187 -643.2640370082117 
-657.2903086572314 -659.6392384264159 -660.1536739332723 -659.5336376444388 -661.3058875099332 -660.6480041439277 -661.8328120427923 
-649.6823956114904 -649.6827176997967 -642.9748535304616 -659.9373199065258 -660.5777740271146 -659.9371264476094 -651.160873916067 
-659.3592686922939 -658.6759482037805 -659.3219744010707 -658.4087424024947 -653.3819068712746 -654.3196440998045 -659.4317821586733 
-656.5934979919384 -658.8938189077144 -653.511179786306 -656.5935208089536 -653.5114127296556 -655.1973675475174 -658.8941391360322 
-659.1511843639692 -656.6911569228087 -659.252662790268 -654.2109025170244 -654.1760348234375 -652.1642920791487 -652.3207195791142 
-656.8665997729422 -656.8662872765376 -653.1220909745671 -659.1695993439789 -653.1215348469191 -659.1702201248272 -653.3463335246961 
-657.7376058601471 -659.4241656084478 -661.7393417241778 -659.4234025067394 -660.0209180771467 -661.6573392477858 -660.021982247833 
-643.8083205353041 -649.1387885482882 -655.6668622658344 -649.1388991456838 -654.9440762318645 -654.9441222002479 -649.4758322493813 
-638.6509350001047 -643.6315948136703 -643.6313970351557 -643.6316186723334 -643.6314655014712 -643.7657358293327 -643.7659161235965 
-657.5378219530921 -657.5384356539253 -657.5384727893479 -657.5381670641159 -662.2296738682944 -652.1108076507985 -652.1102872496276 -662.2294435142285 
-660.8896406533659 -657.5301383159381 -657.2925217168904 -659.3425814960701 -660.8899429638195 -659.3424752974806 -657.5301030285418 -653.8515460919475 
-656.8799943675963 -658.4776452338219 -656.215484634843 -658.4089619088804 -659.3760296352898 -654.7000597208407 -652.3398553022753 -652.0570771171388 
-658.5595803652009 -657.4896399416712 -659.4783408595149 -656.4531662288573 -658.6367070746633 -652.2083978120345 -654.0886251642978 -660.5307247282744 
-658.6403446239083 -657.9578626881807 -652.0670374661818 -655.8246203302697 -659.233725825773 -652.1227577773052 -652.0664859749686 -660.7543719211117 
-657.2413728859788 -661.0378426852712 -658.6550074005058 -657.3043117826505 -658.7602751926656 -659.180533389188 -651.7870635965437 -659.3686703661274 
-656.3303423131929 -661.0949317674949 -658.4966281314546 -658.4964925695795 -651.406636937324 -660.1146181519503 -660.1150679962602 -651.4069056909557 
-657.980288375682 -660.9098299225584 -659.4805116323532 -657.8343823806472 -659.3237368958698 -659.9847247653374 -659.9174467671965 -653.8004749866827 
-658.5472263543861 -661.4066633616962 -658.4079115825984 -655.9435037145904 -661.1016832890127 -654.0578940533828 -658.495883281119 -652.0030325618945 
-658.029922063014 -661.3356363251146 -652.6172376350132 -655.570345269703 -661.6153414955834 -660.5935534367159 -658.0121634335355 -652.3596912034914 
-655.7284233995215 -654.8161450173934 -659.1004186655273 -657.186842294589 -652.0728398739443 -659.7471961359761 -657.5196939249104 -652.5881949061386 
-658.5341825763239 -661.638120599674 -658.3750626079814 -659.1405847426113 -658.1042520743226 -660.3010168051255 -660.6219624411588 -658.7033208063508 
-660.4616227827951 -660.3679039265853 -659.3584048869684 -659.3584781096342 -659.6051359395751 -659.5625882914678 -659.5627081066477 -659.6054814132053 
-660.0919907828684 -661.4404243689787 -657.7205004899988 -653.7706210835577 -658.9450746658158 -658.260360439499 -659.774455453402 -660.8733165214053 
-658.6137506270125 -653.4213206734858 -660.167797709013 -659.1773095134045 -657.1975169109983 -658.4761228345351 -658.9120317541215 -660.1836629878649 
-657.9059639274728 -654.1971899300934 -658.2668993382499 -653.7196295758449 -657.1187806191383 -658.869045733094 -656.8302944742927 -661.2598202354743 
-651.6286605661162 -661.3767282309882 -651.929851661152 -659.8400442502661 -655.557793262898 -659.2566553824245 -657.9684183468535 -660.5706445669139 
-657.3242821074159 -654.1211584789826 -659.8798373558111 -652.375726306454 -655.765854911916 -660.9345146245623 -656.3828164306537 -660.1169579078373 
-657.992334848841 -654.2521502380705 -657.6116956402848 -654.2239317984095 -657.0576687883231 -659.6282955849338 -657.0625511829248 -659.8606201294378 
-659.7749875089353 -662.6976164494531 -651.4336133220036 -651.4339491907685 -658.1023545606058 -658.1017480741643 -657.8178003785588 -657.8181847233168 
-656.4706312050148 -646.5939506164009 -660.4935782208468 -660.4938217922513 -658.4314334540768 -658.4309480449547 -659.3563756473059 -659.3561795063315 
-660.3974335259463 -656.613390610958 -658.7961751703142 -658.3006315506641 -651.081374104423 -654.0901411923951 -660.6781043900187 -658.3558143941791 
-661.7942807659851 -656.4800213542903 -659.6344619040428 -657.9470711930526 -652.8545583759969 -658.9685051686347 -658.8774579207184 -659.3605955390517 
-653.9867284067723 -658.3875463718387 -658.5215591188089 -658.4899589950492 -658.5902600272634 -659.3423987101573 -654.1359642481566 -658.6389679649546 
-652.2365372399413 -656.8468330737192 -656.861450896301 -652.3072235891827 -656.9160002607932 -652.2880947950648 -652.4222548415619 -657.0820238560282 
-660.1724354825283 -660.173133162456 -658.6839025747913 -651.5875742112125 -658.6869078955015 -658.5528991029564 -651.587043379966 -658.5537834094589 
-659.7345110787674 -659.7317328451459 -659.7665298134884 -659.7410312979787 -659.7313704728449 -659.7381214542347 -659.7634219024749 -659.7350867919536 
-661.3766708784892 -657.6500011342341 -658.319598671394 -658.3193498264791 -657.8713900613361 -653.589432126757 -653.5897961347455 -657.8718387172116 
-659.2336266730435 -659.2339592080361 -657.897854333683 -657.8980441278054 -656.8728923111639 -654.240682918858 -654.2407929117007 -660.6415160860097 
-659.5775729471252 -659.5776835017468 -656.6663362658301 -656.6665063667256 -658.6870395941123 -647.6192747596742 -652.4689115171873 -658.6873422782382 
-660.3519729184691 -658.3888626420153 -658.5701686849916 -655.3439637568094 -660.904084272082 -654.2072109075289 -651.7562675641525 -658.7265999789697 
-658.8413735914846 -656.6670879744429 -657.710616230861 -658.0860420106383 -652.6183821266304 -657.4498010782986 -651.9243356182724 -659.6938123633981 
-659.0440690933224 -657.0231910994512 -658.7407818913289 -659.6535322528994 -658.6409666246814 -656.6911483936083 -654.3056576898616 -658.6530060728746 
-651.8142705756431 -659.1062015833154 -655.7555335956204 -658.7327646264598 -657.7498874109892 -657.3567308636248 -654.4432108071014 -652.2260462026416 
-658.8035763744588 -658.7334584488049 -658.4351223022595 -660.1524888602085 -656.6696670627152 -662.1693177846 -651.8886414884964 -659.0740574105521 
-660.875706416793 -660.8760506238232 -658.4364771265568 -658.4367914659915 -658.4371442183638 -658.4366736461452 -652.0502027909638 -652.0533818661215 
-657.075307242043 -657.076001683622 -660.1243119141141 -660.1266902757343 -660.1249793846882 -660.1266419587719 -658.119800839846 -658.1187325457245 
-660.8793879308882 -658.7930595034686 -660.5008022433149 -657.9063779143326 -657.9973192683801 -660.3814305522642 -653.3777144260671 -660.6522655458184 
-653.5425396749333 -658.500520816423 -660.321897431274 -657.8068914787377 -660.6005707759005 -660.5236862247611 -660.1302561572793 -657.6567614962728 
-660.572271897674 -655.9862745963051 -653.726982360336 -658.8763071466087 -651.7694990942068 -658.5589822635584 -659.7589224017174 -658.8025222788074 
-660.3776221568742 -660.3781100517754 -660.8563623428217 -660.6727007480149 -660.6725521311632 -660.3774024077084 -660.3782629271564 -660.854306738041 
-658.2706364796695 -658.3329773171436 -653.7998560117176 -658.1914685877618 -651.1186684526215 -657.4419974389803 -659.6796530053794 -661.5580827365093 
-651.810094355601 -651.8101366677579 -660.7771393839757 -657.6902493473426 -657.6901158937253 -657.0140932147656 -660.9751859840562 -660.9757150463274 
-658.0716196039575 -658.0715675021961 -654.2540055455497 -657.1997573299741 -657.1998541541598 -659.7072757258352 -657.7110869614908 -659.7074930995832 
-658.6247764461859 -658.6245897724289 -653.3543600078187 -658.5727225070023 -658.5734034029515 -658.7666401258903 -653.7987482448061 -658.7673737060923 
-659.7812205576593 -657.0980386826723 -654.236774967701 -659.5582729555422 -655.9409998025199 -654.3666037053436 -657.2539460850394 -659.6041160203727 
-657.889622953247 -655.5535663734822 -647.0908761793321 -658.975524968766 -659.623543981942 -652.0691349589142 -657.6775617348608 -659.8604476586706 
-650.8887331050278 -658.0573405671848 -654.3595103968105 -656.069770585922 -659.48588122198 -651.0532616399187 -657.8353920827008 -657.7940859521436 
-651.618330139032 -657.7154253293093 -653.4766767760066 -656.9065053971863 -660.7917464664474 -657.4995323419707 -657.9005323874512 -659.6984910775045 
-657.6255535897271 -657.6259625137873 -646.6314834348022 -657.6268976296124 -661.7357773823178 -657.6277489851909 -661.7352198118838 -659.4763238473188 
-660.0620882375492 -660.0626832271514 -653.8803683882834 -659.6977701003652 -658.4357192147445 -658.435808910961 -659.6977679212105 -657.2342353954914 
-648.8778611804428 -647.8087959891486 -647.0744023622537 -657.8768967979277 -661.3382578303349 -652.867647625284 -655.0708725816921 -642.3719660476281 
-648.372937687288 -648.5665200210397 -648.2378390485387 -660.3085417575435 -654.1067039839763 -654.4922107607631 -660.9721724337833 -649.4384959413192 
-642.0307163010821 -648.5561312334735 -646.8559770767415 -661.1971532723292 -651.492044340042 -652.0989363792264 -661.2174377795691 -650.0619727156077 
-648.8706583803141 -648.9489658980874 -649.0393990163352 -660.561005804333 -660.5348489075072 -660.6099030664172 -660.6283364784081 -649.2550180017233 
-648.4984669670212 -641.8522326578386 -648.1690439075765 -654.5415789240687 -657.8731822765417 -660.915560643044 -652.0993246621601 -648.8164850837038 
-647.3827830726527 -648.497797647482 -649.2289567129455 -658.4888896932216 -652.1005690475295 -654.7049255666311 -661.6781403280525 -642.1908241104411 
-648.9007415336528 -648.900831761975 -647.0102611677557 -661.7599143684579 -651.9348269145789 -651.934882816503 -661.7600291149156 -642.8865805005912 
-647.8379258493633 -649.0915201981534 -649.6182498779708 -659.4537833269765 -660.659687912866 -659.426748497468 -661.7169948229111 -642.2904080803837 
-647.2522849940901 -642.2200072186984 -647.5989256880125 -652.3941519943614 -658.8670063460681 -659.6086468954359 -652.4065589837369 -642.4120050799261 
-657.0144022324148 -658.7919662138793 -657.4090623259963 -658.7319091284653 -658.2560891047137 -660.4249201697148 -651.8635031127296 -661.4589479055239 
-649.4095864692872 -648.6107601746489 -648.6098888481533 -658.6395880153223 -659.174223016661 -655.0511990992591 -659.646148990932 -651.0655406531405 
-647.4270085793432 -649.1032669443043 -643.0356742788185 -656.9911551585587 -659.8386947601739 -653.5295332641836 -659.5138623541966 -650.4466617204389 
-656.2817870294148 -657.9227167788176 -659.0244861527235 -655.2868926367928 -652.3151322149765 -652.8222624492555 -654.1069414411354 -658.6185831856901 
-658.3117844433982 -658.3117594980754 -657.7179378478895 -658.4825181695041 -651.8655316601885 -651.4354233828649 -651.4355109069038 -658.4827014237526 
-647.9116671021129 -642.5799688061597 -649.5479032457324 -659.2987860494522 -661.790093870251 -661.2922974333424 -659.6634951658816 -649.143296174741 
-656.4543810700598 -658.6938234782756 -660.0834549567935 -656.6911570415714 -652.764859045672 -660.7311127798926 -660.9527234076804 -658.0992633886162 
-658.6036478913984 -657.3972736250425 -658.7356007976878 -660.2626142466415 -660.5818138396148 -660.4161541602075 -651.4523138683771 -651.2498571791048 
-658.2676443206055 -656.7899742739 -658.3401485009208 -660.7190785273315 -653.7054007732618 -653.9892712990268 -657.9416135162637 -658.220432225191 
-656.7943609820559 -656.5476879423977 -658.7126805378621 -657.5823309485149 -651.5408432004851 -653.971863222615 -658.6002848160415 -651.5421947767454 
-658.8270948712161 -658.8271133878679 -659.8651261991236 -658.4098928889725 -660.6818670507218 -659.8626713064568 -660.6821688228661 -658.4104350715074 
-656.5596754454232 -656.5595914733995 -652.966004694028 -656.5072522265855 -660.8111112343172 -652.9656888185264 -656.5071498425673 -660.632941351907 
-648.7101657822018 -647.2259302145612 -659.6728085551908 -649.224222898546 -654.7402733760546 -661.0990485785783 -652.1945954528173 -642.3837581779662 
-648.978277605836 -648.9782024218257 -662.3741805981081 -648.6737953682127 -659.0493505228569 -662.374450633582 -659.0496727197988 -642.8984014254456 
-646.4256899635193 -646.4259081253949 -652.6718880920644 -643.5926302643074 -658.9167638430022 -652.6716315304338 -658.9171477722712 -642.6323871278164 
-655.5094117815242 -655.5094039861083 -653.2892852428131 -653.573931236167 -655.50965700087 -653.5742055859787 -653.2892403426899 -655.5097308392305 
-659.2206935091972 -658.0355588777284 -659.2208201385256 -658.0348831526499 -657.8239818889651 -654.271754564692 -654.2760057552241 -657.8236116001822 
-659.308405349997 -658.6075753194559 -659.3082884013902 -658.6078151577804 -660.7040196046796 -647.1164522406016 -660.7752771017813 -656.6242823060111 
-657.4812380969847 -657.6282956060659 -661.4472840552053 -657.6272250004545 -658.2508283735201 -647.0313244930526 -661.5042432741388 -658.2493392747183 
-656.6731395692582 -659.0925361365571 -658.2504055767959 -659.0803479487458 -651.5680190601593 -657.0393439976324 -661.0117498451814 -659.1127225257651 
-659.1876477870155 -660.8462624989897 -651.5737253807865 -658.1219299957038 -658.1390263270023 -656.7268309877372 -654.2018990292463 -661.7106707689154 
-657.1436915620588 -659.8369833433985 -659.0727623804642 -657.7412317960948 -658.6388250290738 -660.2838078296827 -659.432504102022 -658.6210868637982 
-649.6850761145452 -648.2101093498331 -662.124334458189 -648.2096849415693 -661.10032120196 -654.1794373637122 -654.1795111546649 -648.6485696150039 
-642.1480474686387 -648.1336050151886 -661.6127415444093 -647.1921743251005 -658.6840540585104 -652.8306664037223 -655.1983186631583 -649.3783730039536 
-649.0231544223807 -642.4278815227344 -659.260434097001 -648.4610569962942 -657.4566079304432 -659.9867687136193 -652.9087235985821 -649.6586293868868 
-649.0225333868511 -642.7979105239788 -659.284175353997 -648.3453301959707 -652.0442372664761 -661.3325911835282 -654.5595546545101 -647.20855556677 
-647.5890848450686 -649.0585799945893 -661.6811262945371 -643.540332732256 -659.0862536559007 -659.1585115520784 -661.682474532488 -649.3489044407488 
-649.3235903581203 -649.4208184214567 -661.3078306622951 -649.3080099125395 -661.7556364854781 -661.3157276032862 -661.9003152669061 -649.870542772052 
-647.2572973085025 -642.7722738400089 -659.5551694500518 -650.4278421291069 -653.1586782982863 -659.6688962016683 -657.4787573907979 -649.4936498994794 
-656.7792994373021 -651.7649930388957 -651.7232555751443 -656.9109183736159 -651.6145982407261 -656.8313707285979 -658.1205612238527 -651.6461345525549 
-647.2158462420493 -643.1354982385647 -659.368203689573 -642.5923191861434 -659.6681981861234 -659.6310692924394 -659.8638700026413 -648.1805380836081 
-638.9182974302071 -643.0135282665769 -649.3106541943971 -643.0131168998732 -649.3108196999265 -642.9769887474172 -662.5351337623538 -642.977056433208 
-638.5567993057684 -642.4722631805066 -642.7065318327041 -648.9756082239487 -642.702304862285 -661.2652692381466 -649.1874081972073 -642.3878826914092 
-661.420976872636 -661.4217743329582 -661.4209986809556 -661.421312171627 -661.4210602862308 -661.4209797704857 -661.4209856484736 -661.4218213429917 
-652.5932802111652 -656.0705075963979 -652.5935557134194 -656.0704356925316 -652.5930507534567 -652.593197582984 -656.4350264318923 -656.4361948991586 
-642.0201731369898 -659.4183383037907 -659.4181226227975 -642.020248033466 -659.4336086481317 -648.0242113806376 -659.4334335094654 -648.9242682490885 
-650.0113393358788 -650.1269008570725 -650.0113856218481 -650.1267515371965 -650.0111868186223 -650.0115733074103 -650.3296655279028 -650.3298327140687 
-660.5988423492945 -657.6256465709585 -657.6256068065022 -657.6254166790382 -657.6248018261886 -660.5987149931061 -657.6258384151943 -657.6259018961314 -660.5986852812562 
-657.0545075370992 -658.6647300213854 -658.6650151314552 -657.0587083206883 -657.057973445174 -660.0813524418081 -651.7509234993531 -651.7502940982522 -660.0864833551873 
-656.2391995091584 -660.8269867371873 -659.2300948640304 -656.5902676571836 -657.9595755324553 -659.2307862549214 -659.5742322450542 -658.0868806216104 -651.4056181787291 
-658.5405515403286 -660.2644888332175 -658.5271075151154 -658.9250172907809 -656.5106512364791 -658.6167292670907 -657.9015590700528 -659.2450435712849 -660.0458303522691 
-657.8214997536388 -661.2437170041758 -658.1414183601719 -652.0697737237497 -655.6653995540055 -659.6660560227847 -658.1642630034785 -657.7942721722497 -660.0034018447418 
-656.3548500958213 -653.7255107504325 -660.1724806841712 -658.9728358798584 -657.3930156949182 -658.245468707235 -659.349535400906 -657.137636632543 -659.0913258751384 
-660.2160879442845 -656.6651111677502 -658.6837023173648 -656.9304455027004 -658.4022821761114 -658.511266039478 -652.6467013311758 -658.653994641104 -658.5399605845555 
-657.9020815576296 -657.1778435305023 -656.7311203198824 -658.2765209444933 -656.2541664226119 -650.9108500684993 -651.6240467219627 -661.0537958723962 -658.0031054623596 
-658.6326638601358 -658.632826764232 -656.2705524775774 -651.4877370303507 -656.2709853093124 -659.1351779612469 -651.4875643428004 -659.1356918091838 -658.6862628714916 
-659.0587536744838 -657.4183015762574 -658.5759450173477 -659.1829405940734 -657.5470759171922 -658.9843086701749 -658.9985025819633 -658.6390280871765 -657.8436781879218 
-659.3941249058148 -658.0643297827874 -658.458099275379 -658.0803169460887 -659.2073054722418 -656.4595012175969 -659.7077644775068 -650.9322421305019 -658.2344508169381 
-658.1011144873264 -658.1040258732205 -658.114763456269 -659.2977856739899 -658.2351045272494 -658.1122796092022 -659.2978483389643 -658.2407290451092 -659.3392412528892 
-659.3105726389108 -659.3110998432339 -659.3867117194204 -657.067455968308 -659.6789144814497 -657.0679714819103 -659.386665145682 -659.6788923442796 -656.4056606254408 
-659.0059383601761 -657.2599101906944 -657.0758320640434 -657.6141156632561 -658.092146087226 -657.1327069500703 -653.2522612298235 -651.2825028020993 -658.3282869651503 
-659.2024488097604 -659.2029966011951 -656.6745395370463 -660.0203639264118 -656.6742449636813 -660.0203505429013 -651.4340117920674 -651.4337005894895 -658.9122518035265 
-657.2975373026288 -657.2979046695718 -659.8625483218611 -658.0783689452937 -658.0786820631592 -659.8627461371921 -657.4718850479667 -650.7527403158065 -657.472452229958 
-660.1582293675419 -657.0514318912401 -660.2654159488916 -659.6099023543102 -659.6096646694928 -658.2508632392291 -659.7730173669875 -659.7733491720928 -658.251404083534 
-658.6162136539929 -658.6166715957452 -660.3404483524023 -658.5258380409791 -658.5259567811222 -657.2411037249294 -659.9788677473134 -659.9793623646815 -660.166681445754 
-658.6949174717911 -658.6949882574804 -660.5477348074373 -657.1289044062551 -657.129009181655 -658.6946846046112 -652.9149171468812 -658.3837582678989 -658.6951806019488 
-659.6715569407534 -658.0129790470974 -660.693265860139 -659.3669383392494 -655.6280398744657 -660.0724195433195 -659.8415371262122 -658.2437325603328 -659.303210008954 
-657.8829672016445 -655.9176004463097 -653.3898273716036 -658.1703799184429 -658.1302537708825 -651.1856645949247 -657.7759717452823 -657.1727696601756 -659.3702598743421 
-657.9670215711776 -655.9022876664599 -652.3831790690488 -658.5368702917986 -659.3455237606536 -658.156531402175 -656.8578847927511 -658.9202222085787 -658.4950701213106 
-650.5833451106114 -658.1032421384766 -660.463568247159 -655.5723354504985 -659.1281469666174 -657.5314565667372 -657.202627055643 -660.0716925476627 -658.2982596510624 
-658.2256277522438 -657.7521710408673 -653.2787705932196 -657.41136134731 -660.4484115615701 -656.3595385581511 -661.4027012842616 -657.2165419778521 -658.5394456394979 
-659.8492852383456 -659.8496343717375 -661.4007341876477 -658.6880752200059 -658.6860986322654 -658.6881481205437 -658.6858122877074 -658.3985284443529 -658.3989126222077 
-655.8860738512822 -655.8867151012046 -645.8163603433622 -659.32968158105 -659.3294952162832 -659.3302270598588 -659.3297408704539 -657.6348653320256 -657.635796814363 
-648.8326923829463 -648.800613483203 -647.3509878290342 -660.4304404855061 -658.2189016382899 -661.3303530253934 -651.8997665637926 -660.6314987669498 -649.7679455827306 
-647.283325312415 -648.5456995997201 -647.6564119358018 -658.5401003024976 -658.322634982801 -660.1513226125167 -651.6526511004117 -661.2190108900259 -642.5755073545597 
-647.6445249662479 -648.9719950740978 -649.3158254532791 -656.7455652972162 -659.7698871306197 -652.6838137812133 -654.0110973540914 -659.7706396155368 -650.8571139932255 
-648.8509310311056 -648.8512255641249 -647.0626645069169 -659.0423946274068 -660.218211361972 -651.3845908483472 -651.3847130386976 -659.0422823880854 -651.6478622426484 
-647.1699777984959 -649.0402741642351 -649.3057341861017 -657.2717655244687 -660.0733263383536 -660.4791860324212 -659.595518519086 -658.5128265440444 -649.900708586245 
-647.7031214178796 -641.5238678520773 -647.6661673445556 -658.3983103400224 -661.0634742992852 -658.523207793176 -659.6822835240719 -651.2515450051014 -649.0786442021922 
-656.3089064674782 -657.713624393884 -658.1282368645543 -655.9640450563984 -652.4451561385713 -657.9588018250738 -661.0433677043093 -650.9550743267114 -658.3096053571371 
-658.241471905264 -658.2537036967351 -658.3585031362563 -661.7727152959187 -660.7230455554254 -659.685898530367 -659.7783859107885 -657.5391681990404 -657.5267704840171 
-657.1205547291934 -657.1192175765473 -659.0932292877201 -658.1435792039006 -660.4163345774245 -659.0949677604613 -660.4163673447106 -658.1439997695852 -651.0172758605909 
-656.9669437572784 -656.2456639696716 -658.8488728866719 -655.4526306235366 -660.5337958141799 -651.5682284858117 -652.8916720732532 -656.7870900431913 -658.9689612619677 
-658.2600920851269 -658.2594718086493 -659.6360219387034 -655.7455684232095 -652.0410590877673 -659.8766048135813 -659.635781832073 -659.87655004104 -655.7459469347677 
-649.112572668862 -647.1597900541938 -659.9496973813489 -648.2332634092545 -658.9592899056474 -661.5503147467107 -659.2422657294605 -651.0122978363229 -642.3222552783236 
-648.3947551276283 -648.3805056832252 -659.4868995393208 -650.5374393162792 -660.9482242272043 -653.6792605470227 -660.3992001500501 -658.5850812601234 -649.1083570928326 
-649.1929746109777 -649.1927112798944 -661.5642212401199 -649.009539070752 -653.5115051831717 -658.9086004945889 -661.5643404966477 -658.908571110328 -649.1919015763906 
-647.2405220509172 -647.838735852783 -659.7386248279508 -651.205016968358 -658.6011077540297 -652.18424566147 -660.6619108060436 -658.8850710843358 -642.2227382218225 
-656.7201709594647 -656.7201760241728 -660.9316317783132 -658.7384850725739 -657.9513482980592 -658.9098234361227 -660.9316575534281 -658.909721365636 -657.951396687216 
-646.3044176802823 -646.3044201533548 -652.6249099218508 -642.7504289813241 -656.2652669001827 -660.4195401439683 -652.6245215403587 -656.2651635852503 -650.2874691562247 
-656.1063533718889 -655.5482946783422 -660.2988610236093 -660.3027757477994 -654.9474851214541 -652.632087060821 -652.5030114492074 -659.7808259563726 -655.9630747545834 
-658.1742113813298 -659.002245348297 -656.6366498694788 -659.0606060411842 -658.2470349729092 -656.8576713342081 -652.7646137506927 -659.7910360512665 -655.9675363475662 
-657.3485206588916 -658.3775283707746 -658.8277420024183 -657.9716193388917 -658.4995679560066 -656.956432859547 -652.8462015939813 -660.5602544801095 -658.529995357273 
-657.5833454860185 -658.1671381678952 -659.050034641723 -656.619737213066 -658.1818428207171 -658.5828279485622 -645.8320724168643 -659.0421682097776 -657.5744657719861 
-656.0849103240503 -659.39170475638 -656.0989006079644 -657.656381919116 -659.3790141216609 -651.77570656241 -656.9198862545845 -658.1661774728746 -658.0805089458827 
-658.690684327129 -660.1805659420661 -658.6125390448115 -656.2700479471296 -660.2702225423945 -658.7518780082901 -658.1498563964615 -652.8615183078264 -659.1535157360895 
-649.7332431201894 -648.3551160297284 -659.5926771306304 -648.1717978351239 -657.3033083892929 -658.9583826045669 -651.7975250035811 -653.8400852977607 -649.1394802088953 
-649.5054217826414 -650.5518983241209 -659.5643233832143 -648.7012371356227 -658.7973222466471 -660.9109147397367 -653.4155377172028 -660.9815503476912 -648.2870286610714 
-641.9737279907745 -649.0523814235439 -659.3881786360662 -647.2291138129071 -658.8819610353339 -658.8864274318894 -651.9013505911475 -661.184338781617 -648.0529154550295 
-649.2306009473496 -642.3480081360603 -656.8078411190395 -648.1424307138104 -652.252667997303 -657.7310326321308 -659.7315107101531 -651.4112184049441 -647.2563215370969 
-647.9846866811413 -648.487848495467 -660.869865500963 -649.5561960463438 -657.9505183663605 -658.3957148744935 -653.1290717722982 -660.7210843676885 -648.962437991243 
-649.3737404467861 -648.5212303178118 -660.6097598022407 -647.1783198132866 -660.5576026091958 -658.9879138227207 -651.3204947706213 -661.1636993086395 -650.1841878513437 
-647.4276108691952 -649.3335990398732 -659.4560445604739 -651.3431774705195 -658.9645289951968 -659.1721285342969 -657.2370096129662 -661.0958260221723 -649.1476430256657 
-647.0842635577947 -642.1869784914134 -658.8419808917633 -648.6802224376161 -651.677475432592 -657.713874671128 -657.5536833546171 -651.5825543829992 -649.4836298418231 
-657.9047756924206 -658.3564052519396 -651.0874391140223 -659.0017590036459 -658.2281341373437 -656.8994710534985 -659.0719548067727 -651.1177915613489 -661.1774723328908 
-647.0766689396542 -649.2609621289735 -658.9920186866166 -642.4915679447254 -657.7805442211456 -658.8140886022202 -660.032255943227 -658.9523224828476 -648.5933504352597 
-647.6011347113617 -642.2794010858934 -659.3364173546743 -648.5706668608782 -659.3346129265683 -659.5443686013396 -658.5722143997627 -653.6249834842947 -647.1256287076112 
-649.1994774819955 -649.7828631465436 -659.0657760298873 -649.569339850209 -660.089376407188 -658.3817564476549 -661.7618441778368 -658.7022459912014 -649.5885064001191 
-659.1048635016832 -657.8373684181151 -660.3918632345808 -658.0375410473725 -658.5183499286791 -659.5395896652981 -659.0914054991681 -651.0758403533109 -658.9650903022193 
-647.5020910052676 -642.9046980290764 -657.6440411708077 -650.6084093853988 -660.2796998973181 -660.6168213293527 -660.251748223483 -657.771322795857 -647.7538711397133 
-656.916158305426 -650.5959527068144 -658.4029220905973 -658.3496531863088 -658.4024996915523 -662.1631618475085 -656.916591105809 -658.9796920872122 -650.5960979787251 
-656.3152906704327 -657.1351261557475 -658.1884377194342 -651.1985627430909 -658.4318718956524 -651.2480902991674 -657.3608900901072 -658.2503827344003 -658.5874014004089 
-648.6790497506167 -650.092501881019 -658.5151087871159 -660.487458000357 -649.5532265781121 -651.3638966288268 -660.7857282245186 -660.0863303421647 -646.9725036543782 
-646.7369983924036 -646.606046065418 -660.4452828031717 -651.4169164506975 -643.900684997293 -658.6473760753588 -659.0956815577692 -658.4700464506186 -648.8649874049238 
-646.6745980433952 -648.6853255640272 -658.5561714360028 -653.4015687366464 -650.7967256175052 -651.1920037004938 -659.1855830499826 -657.6566860251655 -649.2612774466393 
-638.3830598716313 -649.1407848684994 -649.1410673435398 -649.1411841773115 -649.1407575623234 -642.9644613314922 -661.3782218758497 -661.3779716634208 -642.9640565535838 
-638.3356209199264 -642.3825942958747 -649.5248783698207 -649.4988709957047 -649.4611032368807 -660.6162134498672 -649.7635639975192 -661.4232779634058 -642.4149591527307 
-637.9256827746485 -649.3464702566998 -642.5502400323694 -647.5803691586416 -642.2364476693565 -659.878063596876 -650.8663584682299 -659.7075369813447 -642.8207866803855 
-638.5844983116413 -642.312549176002 -642.3121432804201 -649.5637527523877 -649.5635292173097 -661.0146452211952 -661.0141311099978 -649.5035101774347 -649.5039476684433 
-658.296471044559 -658.2967526341145 -658.2968431763356 -658.2968560004447 -660.1999355535495 -660.1998971773692 -660.199917161342 -660.2003145216254 -657.4566664563604 
-651.2454821689789 -656.0054066769912 -658.982865622268 -656.5293190392968 -658.9826987954834 -651.2453469640623 -656.3185482027156 -660.3022691499873 -656.3194386440255 
-648.3621759499656 -659.5633188879237 -658.3003506424084 -641.4358882007978 -658.2473019362747 -647.9450067145331 -653.9285530579432 -659.4985165975713 -648.062913160807 
-641.26561909877 -656.6175291276259 -659.0315643639037 -648.2802956588048 -657.3442790173153 -649.1708677216375 -659.6779123654155 -658.786409367458 -648.8122496876563 
-642.660426438797 -656.9912818287348 -652.6814412212416 -646.7033885602214 -659.9283428408157 -650.9226231847651 -652.2919948141184 -657.0588392785576 -646.9200730937914 
-649.5841532506997 -642.4622597877656 -649.5843996477251 -642.4618625579906 -649.5843527827792 -649.5843700717387 -661.8306960601258 -661.8310316442312 -638.9910214139863 
-649.3573453958797 -642.1988391708651 -642.1993404604541 -649.3579370024399 -649.0517232256398 -643.4763420120953 -659.2422469167732 -659.2426567730708 -639.3222134317198 
-656.0603602769452 -659.1508956756802 -659.1506018891805 -656.060735661596 -659.2506796666275 -658.6599462822373 -659.2505461059936 -658.6598700486984 -656.2655024142568 
-649.6632268046483 -649.9244858950674 -649.6638212086973 -649.9242751696233 -647.5329431737332 -647.5336944174737 -650.3702298021581 -652.4222644257661 -650.3712578980385 
-658.4351176922901 -656.5103280922353 -658.4358733509794 -656.5101162005117 -658.4351665950844 -658.4344737550432 -659.3831695654094 -656.7198414256918 -659.3830548161382 
-655.9849642792774 -661.324344945574 -657.5352738489905 -657.535651206369 -656.1836603783031 -656.1832960281781 -658.6802163874377 -657.2684049672998 -657.2684150467594 -658.6804774823295 
-657.616275835569 -656.2284046832533 -655.3240928416012 -657.737378696907 -655.8576259069296 -655.9349379859914 -657.9643621296973 -650.8776063123478 -658.4885229812371 -657.4096681137175 
-658.2496858993809 -656.2060578791907 -657.9542689446566 -657.6323042550548 -656.5068599085384 -657.9124037475258 -658.2984479748429 -658.9890206703253 -656.2628858755752 -657.5511390252518 
-656.3355284975005 -658.3989816197841 -658.4631820683658 -657.0791610073406 -657.091294879348 -656.3965274161355 -659.7050547361532 -659.8717419715085 -656.5954906481961 -656.8828081975817 
-657.0444425303244 -657.0447242860691 -659.2776938281236 -659.2069747585806 -657.0665659471119 -659.2069067261955 -655.824006844297 -659.277478398466 -657.0665370726883 -655.8244183348725 
-657.2053024124261 -657.205843313011 -657.2769390688004 -657.2771666172584 -657.277512510756 -657.2771636633129 -657.5384655361268 -651.4349917059967 -651.4351421328242 -657.5385869944957 
-657.7041227503864 -655.9511528360213 -660.354816540811 -656.9071812145085 -656.6775543866843 -657.379099399257 -657.1672143655537 -659.5275420645976 -657.5923007748379 -658.1965209079312 
-657.434282205516 -657.4349453333298 -660.9567427363518 -655.7036548222213 -659.59184039517 -655.7040167849927 -659.5913411530928 -657.7395738703653 -657.7398039405848 -658.3827506426151 
-655.4864385562514 -655.48667328795 -652.8300699400602 -658.0264030989674 -657.2516550654436 -657.2520103217948 -658.0265905535521 -657.6067528207177 -656.4394619878485 -657.60701997754 
-646.5230767646326 -647.5778857171617 -646.7806934448467 -656.0569361934668 -658.6697489177072 -657.3839843110254 -659.2772392527095 -651.6093770216353 -658.7789619065779 -649.2612859246269 
-655.9676587104386 -655.9675271944616 -657.8718292736467 -655.0294714194783 -657.9059404900918 -658.7552668211824 -657.8723818031931 -658.7550938681534 -655.0294601356718 -657.0019203180505 
-647.3549476666813 -647.3482085822666 -659.3515931498641 -648.0609782057595 -659.4240449351437 -657.2310061195294 -660.2153383546847 -657.6421474853901 -656.8023374065933 -647.6675799541149 
-646.5841711277053 -646.5843834458205 -659.3906072372383 -648.3383056135785 -657.9176608234734 -658.2295387601098 -659.3909482995396 -658.2298089996093 -657.9179175091249 -641.5506922728691 
-646.3890705498334 -646.5413747675298 -659.2050239673717 -649.1253050307014 -655.2428593345394 -659.3249492212863 -651.7334832773063 -659.9772280311386 -656.5230293467771 -649.0405997050557 
-655.5131331713101 -655.5139428487892 -660.6576118961125 -658.836720613308 -654.9852568967976 -651.666558646336 -657.4509574222266 -660.6566072298028 -657.4508740956426 -654.9857817075167 
-656.2540227735471 -658.1801972445678 -655.9874107610949 -656.1666772326785 -657.8987996805281 -657.8473354110279 -656.2143904430573 -652.9218772247436 -658.3376297319751 -656.6234952722475 
-648.1106170017883 -648.1239427372011 -656.8578161530113 -647.6275204123103 -658.4456476654937 -656.958175900796 -657.9342432677931 -651.3063708142836 -660.4752341547155 -647.3538049353024 
-646.8800016734795 -648.103432616997 -658.6087121871815 -647.8827605286797 -657.880678292202 -656.712637155309 -656.8124266593995 -651.2271484199318 -660.9705740956842 -648.6079804141004 
-646.8607120812676 -648.0831542116439 -658.752092098548 -648.0933922566628 -656.6214426377574 -657.7189433881335 -658.5108446331051 -653.5008093098363 -658.7811733608282 -647.7473986769014 
-648.5916889261043 -648.348843233659 -658.6680814737424 -647.303647202034 -659.0365550804208 -657.7054157119014 -659.0572919593264 -651.6177418295483 -659.1204282167669 -649.1013616254031 
-647.1389418623285 -649.4915018655602 -656.9439783484904 -649.913187145768 -657.8004946054543 -658.6667343635031 -659.2439358740749 -657.7523658693258 -658.7005016802759 -648.5845059301769 
-647.050548302193 -641.9750327979982 -656.9487103785723 -648.2031277319047 -658.977932021487 -659.4012723917567 -657.5434053802246 -657.4347722430111 -651.1388604788808 -647.2376629356568 
-656.6302414215347 -657.1506328894948 -658.05103505446 -657.8730125938282 -655.9883583809237 -659.7244844393681 -656.0022003970462 -658.6221494316956 -650.6063334689043 -658.3746026902136 
-657.4804769923644 -657.5122281848253 -655.9234321197432 -657.2827221173729 -658.6286298473437 -658.4387675682146 -657.335391385499 -659.2937703209655 -656.881837168824 -654.9961118704441 
-656.5385595987145 -656.6658768522693 -658.0476977773478 -658.4149760140617 -657.2208421764585 -658.569816706462 -656.8591528777015 -659.9748434130452 -658.0710451144364 -657.2957265398272 
-655.1472614962086 -656.745883577441 -654.920969057247 -650.9529796061297 -656.4666863593211 -658.7331673278559 -651.1697466499154 -656.9988154128182 -655.0114353812905 -656.9990312578298 
-647.9705655152375 -647.1007016112735 -658.8075838649102 -658.4103399576888 -648.7135451222184 -658.4317319364668 -660.2904331841032 -660.0357744335324 -657.9706511135992 -647.1255050408263 
-640.8200382792556 -647.1626732559671 -658.0266777676275 -658.19902203333 -647.3238972851877 -658.0982871888455 -658.1291913437212 -657.9640277123599 -657.8970510663471 -647.3670026668437 
-648.2718076902688 -648.6670941464413 -655.6737239075132 -661.1548344632133 -648.7266298427999 -651.7002855961764 -657.781227634488 -659.8639002758664 -658.0664145253686 -647.1197071537313 
-646.58270837901 -647.0090185660792 -660.5618588767038 -658.4031184280702 -649.9768299756392 -657.4291230499252 -657.8958032323931 -659.8911619516975 -658.1714910176374 -647.766220091059 
-646.345493494649 -646.5164012659548 -658.1597909743268 -651.037511719207 -650.7132573669633 -657.8784752044694 -658.1007705673665 -657.467993092012 -657.9148353551313 -648.2653314934446 
-647.0077395625794 -648.5523489164311 -658.115540340822 -660.9124709956372 -648.5715993650347 -651.2474938917144 -657.8028244709985 -657.7450654321269 -658.1547253105414 -648.7431876537298 
-645.6107666367566 -645.584988626545 -657.8455161205416 -651.444166856108 -642.3690738690448 -656.3561712041528 -657.9614036527082 -659.2468227523259 -655.4258338655904 -647.4552328442783 
-646.5174705948057 -648.2781901003145 -658.4370745119995 -659.7673049464656 -648.3082062721055 -658.3016789256744 -658.2990567655825 -658.5612833337891 -659.8507864406565 -646.742792734256 
-655.9859882159735 -654.099492883307 -659.4356936812142 -659.0703071381076 -659.0528439604313 -654.0988929052578 -659.0529882909386 -659.0704788235539 -659.4356291769104 -655.9857876242877 
-646.6654941727934 -648.5544068307945 -655.9510010370846 -653.2255292269119 -649.6227775112379 -658.5854223383121 -659.1226744597511 -658.9017926040951 -658.0547549012513 -647.7049815502005 
-656.3911493908035 -656.7300502721155 -656.5399723490673 -660.0729387829115 -658.239530227469 -656.601350308707 -660.2988216018975 -656.6327699120861 -658.8598208910853 -656.7837180719125 
-637.7988440325635 -648.4883407242105 -648.2469741384311 -646.7283558159043 -648.5720103937456 -658.2448807760193 -649.8515677546184 -658.9970770646778 -661.0000433666241 -642.1020951039045 
-638.0114194092939 -641.8241760441624 -648.7432837170309 -648.7104045631163 -647.6112409665675 -658.6188581237711 -660.2060751584249 -648.9153920594595 -658.3668684945678 -650.0220453594952 
-637.7887170328831 -647.7722363140929 -647.7718450195043 -658.2735656300401 -649.2224692735681 -649.2225191955831 -641.7683784867818 -658.6395850621138 -658.6399398763206 -641.7682749799333 
-637.7641374980899 -646.9024486324897 -649.4105894339054 -659.6668267357377 -646.7462001160488 -642.3005772924989 -659.3822305503304 -649.5658439547419 -656.9128848386877 -642.108919432801 
-637.6089695374717 -648.4805601846574 -648.4908738714403 -660.0485804413215 -648.4755747569598 -648.4799465041228 -660.1031173139245 -660.0836295371023 -648.4520780526718 -648.4525659124915 
-638.5448838074271 -648.3236956922424 -648.3231457137572 -661.418602991811 -648.32313362687 -648.3230542732954 -648.3794720923634 -660.6581230380866 -660.6577658159949 -648.3803884904346 
-658.1438751523974 -656.57657077776 -658.1447460513937 -656.5764474463795 -658.1441074020286 -658.1442529405294 -655.9773753947347 -660.5974093279688 -660.5995508483315 -655.9777485728218 
-647.5339822325468 -656.994691463904 -657.9040267547402 -648.309446061101 -656.3891857321969 -648.7447677730574 -658.635919752387 -653.472812200207 -658.9641755111807 -648.2761791889807 
-647.6628311916766 -658.2113991809174 -658.2113954577594 -647.6631689453152 -658.3860466653982 -647.5327481609961 -660.7927266709808 -660.7928805262413 -658.3860987870644 -647.6212183047028 
-640.9715144825277 -656.0902774579367 -659.2823401623746 -646.2739349191133 -657.2963611130008 -649.0718383626827 -651.5895135776682 -657.3520284686028 -658.3936540525046 -647.9506769220602 
-648.4973380043207 -656.7770203423906 -651.1899450462724 -646.4974416470113 -658.2588399713381 -650.0858959562643 -658.6170988690455 -656.3093583587834 -660.3290862757854 -646.1294259186484 
-657.9080150826794 -657.86113343551 -660.1968042290932 -656.1343166905654 -656.1238888962434 -656.5617622221016 -657.8604190216893 -656.9931075395189 -660.20342140494 -657.8770590161448 
-649.1572537638563 -648.9341238204233 -649.1568578471442 -648.934061749876 -649.1563087210607 -649.1561103243384 -660.889362302979 -660.9485347876139 -660.9487545137522 -638.9240992428558 
-648.7127994388802 -641.4312613556299 -648.8562546293883 -649.0913232276412 -648.2104634174111 -649.6949125110241 -658.4002456503531 -659.545490257874 -661.3882325790737 -638.8242234062959 
-648.6903029570035 -648.3015762132236 -641.4745639415955 -646.8341381045157 -649.1997212338824 -642.3596459280229 -657.2049680472496 -659.7126317069215 -658.6491534919078 -638.8224493876742 
-658.1877767798005 -658.1875601388829 -658.1876035869482 -658.187904462603 -657.7710516629104 -658.1879414926852 -657.7714518881508 -658.1878023015743 -658.1882232104012 -658.1882289366708 
-642.1654732518227 -647.6998808760227 -642.1661887455703 -647.7001922213453 -650.3644367712022 -659.9893768721786 -650.3649438618322 -659.9894262554681 -658.2966869790939 -638.1409038020915 
-655.2538055827767 -658.2620941702294 -656.3093649512821 -656.4711227353891 -656.3966504429254 -657.9845300172001 -658.2660581731234 -658.4235977604803 -650.562358999719 -655.5495133574905 
-645.7907162382471 -658.3267461504288 -658.326586151757 -645.7908449799575 -658.5202539279835 -643.0687412389525 -658.3106853939803 -658.5202899905498 -658.3106805819698 -645.8169309449031 
-648.527617120084 -656.2371505557744 -656.2369493210253 -648.5275956944488 -659.7758539698889 -656.9238440310301 -650.2578429673245 -659.7749439153622 -656.9241157399679 -648.5354690318627 
-646.9006194164394 -649.5223371847987 -646.9007015362367 -649.5221020830013 -646.9004971611985 -646.9012708428445 -649.5883616877954 -652.5003469592807 -652.5003903041297 -649.5888413790781 
-649.3965150133563 -649.2445986213384 -649.0582747944145 -647.2702338726931 -647.35259386498 -647.2783089868458 -651.9254746113202 -647.5243667267105 -651.8937521533207 -649.3118938448697 
-647.2955276891016 -648.6632355481265 -648.0264364893783 -647.4152183461165 -648.6483932220599 -649.4967793512546 -659.1730086365023 -649.1745827649174 -659.1483493655523 -649.9179388267453 
-657.104415345967 -656.6334063894533 -657.1043165841193 -656.6339259355564 -657.1040469551053 -657.103985040168 -658.4679205760672 -657.1995913048695 -645.9336133097904 -658.4672508275262 
-648.4652051809985 -656.7511492303743 -657.901646571423 -646.7724561819136 -658.2976443227244 -642.1952786267784 -658.598801437658 -659.6172453883246 -656.8705187027281 -649.4820328927958 
-649.9745027006461 -648.0702378860678 -649.9744643604417 -648.0706261215523 -659.9715606170512 -649.6111967573611 -649.6114896079944 -659.971829832587 -648.5731902786438 -648.573344126894 
-647.8948551141748 -648.1949874477259 -639.2691493323064 -656.5337158268694 -641.7016655009643 -641.7010327281105 -658.8905075869325 -648.2795321429676 -648.2805781871461 -658.9011036207594 
-638.9144890267739 -649.2642358432468 -638.9147153500035 -649.264264384442 -642.449160289279 -650.0039094050676 -650.0039562202542 -649.2495710435392 -642.1152626370013 -649.2497880242345 
-656.5893292662204 -656.5895705657613 -658.6528006389599 -657.7999686958228 -657.6937822301129 -657.8007212173029 -656.549497381031 -658.6528873728307 -657.6937759959983 -656.550362499881 -657.4167899820563 
-656.045622590811 -656.0460830126594 -660.8390778398052 -657.3508255320476 -657.3511983440785 -657.351562738218 -657.3510247677768 -657.1152188698898 -657.4274179491053 -657.427248414002 -657.1151425127382 
-646.6793794255764 -646.6791301750181 -659.9910676968657 -648.8255734670829 -656.2094996587634 -659.4652718493862 -658.0949212080191 -659.9912134854126 -658.0948555343421 -656.2093144803921 -649.2677439539743 
-646.8696556205405 -648.090888309016 -656.6647610411246 -647.8796985906647 -656.7587671287556 -658.2390954323378 -656.9034751035833 -657.1647636244047 -650.5548838012337 -658.5526163062368 -647.8180206353131 
-656.0898152254113 -656.9212081610976 -655.9029732170802 -658.2326011804103 -655.9204950380217 -658.8085077781279 -658.6858573591908 -656.9777292780473 -659.2432788891979 -655.929209942472 -656.087508780789 
-648.1185241844569 -648.0645414522619 -656.7214562291606 -659.0553196415167 -649.1042694849966 -659.0212080555534 -657.8770716356039 -658.8217112169305 -658.1167172596297 -657.95184771089 -646.8857509542104 
-646.6862746048682 -647.3288459717073 -657.9736153044123 -659.3997756538079 -649.5360192208709 -657.2722407580995 -657.2518262639801 -657.4395347901805 -658.2068380261262 -657.9355007269078 -648.3657369839157 
-646.3265798158636 -646.9519668863009 -657.7213633028005 -658.2270791057572 -649.4206837286911 -656.2041745827428 -658.09549489655 -658.2909092445079 -659.1217155010377 -656.0184490358542 -646.847915873881 
-646.531469034644 -646.8972227801423 -656.4951704034183 -651.3965592491277 -650.5868108464856 -657.1011203935614 -659.4147391574088 -658.961566188339 -658.0962476270488 -655.6578545075226 -647.73301370117 
-646.8384105100627 -648.6647559762678 -656.2667266685057 -660.348123214409 -649.1107459609275 -658.2009792508634 -658.9812974177908 -657.7741014461349 -657.9351010357041 -657.483901294193 -647.1407360265143 
-656.1987083381132 -655.1754196541651 -657.3219978522534 -660.0733915653341 -659.3555811584292 -655.0883180632381 -659.5351127604786 -656.0239743184948 -659.3561585276739 -657.3077764533946 -656.0026574415269 
-637.2537232667846 -648.2993499389104 -648.2999486542267 -646.9567716940946 -646.9569721352509 -658.3954281993351 -658.3944301209076 -650.427022845467 -658.5452152799717 -658.5450556586893 -650.4274024901279 
-637.2286861750376 -648.1210313655984 -647.8523501177333 -658.6621579846615 -647.3963335418662 -649.0323330723168 -659.3909007035122 -649.8574166381832 -657.235648082753 -658.188831962625 -642.0656381448334 
-638.2626086003615 -649.6910991492687 -647.5333643463996 -659.4305667811514 -649.0528932338179 -647.5336509327472 -659.3950786776472 -660.0247246826757 -649.0952615641472 -657.2735984090486 -649.6387709835299 
-637.4298394079606 -648.8430123400767 -648.3798521167018 -658.5571995843629 -647.3656272498501 -648.3658454215429 -657.2837891175623 -647.5639207184008 -658.472356192211 -660.7505686638551 -648.9528863968626 
-647.4417955603744 -655.798904781393 -657.3482130921775 -645.9603646838127 -655.7923756955452 -649.2347006542241 -657.5008673599 -656.6573154975154 -659.3980122101584 -657.5178260523608 -647.1882674083763 
-648.2524053110369 -647.9649546800656 -648.1709377878806 -646.8098526054364 -648.9923181701097 -649.74782098378 -656.0373027642918 -658.2447698477918 -658.5129072411651 -659.9973414095616 -638.8330566579311 
-648.9546684927573 -648.9543652585962 -648.9551130377254 -648.9550615728167 -649.515763443123 -659.278777062751 -649.5159172205649 -659.2782746982734 -659.278957468543 -659.2786883294375 -640.2580477324054 
-641.2559180924673 -647.1620616241253 -649.3127961270711 -647.3394469112477 -650.4198842296637 -657.6604520415453 -649.1277819138609 -659.069813426087 -657.8520858744887 -658.1628085139469 -638.3590370154011 
-657.1339027345803 -655.6630057080683 -657.1339568694939 -655.6634066047545 -658.7204409955407 -655.6629152804885 -658.7210215151945 -655.6635196678649 -659.1131391647409 -657.1346034005742 -657.1342676873983 
-646.1502230859423 -658.6249278562991 -657.2368523058594 -646.8882350237327 -657.2691015393357 -651.5023841610796 -658.5331520788982 -658.3517008841463 -658.6069068009438 -658.2539781684277 -646.247881559229 
-656.1074274734342 -656.107822465673 -656.1077146654784 -656.1075074748032 -657.5665893537089 -657.6972566569962 -657.6970829127285 -657.5662654088769 -657.6969752038617 -657.6981959282107 -655.1566168879431 
-646.5188737038839 -656.8366272792964 -655.5382746806022 -648.5890397771122 -657.3324262613769 -656.4263250055774 -649.9110486403779 -658.7217715310867 -650.5948714910819 -657.0619302847708 -646.8780170038717 
-647.849395479011 -649.1011184747035 -647.8492551552126 -649.1010742004974 -658.6373371627592 -651.0465008577821 -651.046633420191 -661.0234493152138 -659.5057542198674 -659.5057297088674 -637.9501335061827 
-646.3535971298643 -648.8739828925677 -648.873814064947 -646.3535403689266 -659.7350303306371 -650.4832685109282 -642.5191036074411 -656.870211254427 -659.7351394302832 -656.8702595671475 -637.8380768555753 
-646.6870760452557 -648.750895591319 -647.8223916978905 -647.4584944402113 -646.728176621592 -646.9938131425952 -658.0462579840932 -648.6750095489638 -659.0258612325806 -651.1015714040814 -649.7831210989598 
-648.1641144307628 -656.6504493200791 -656.7470858364668 -646.8035389066026 -656.9260092353989 -648.1238316089457 -657.2622290466638 -657.5774090828409 -656.6977005734716 -652.5760307431774 -648.3998929000172 
-649.2390188909758 -647.7874961266107 -649.2392118636958 -647.787795211706 -659.3268953349229 -647.551029959579 -647.5513056002906 -659.3271855401135 -648.0071748091282 -650.6840336501764 -648.0073918935905 
-647.8754895397024 -647.5603211484931 -647.8754477054781 -647.5607333677249 -658.3793843950525 -649.7518821074536 -649.7521143832578 -658.379537658846 -649.727666554757 -656.7128609624956 -649.7277323918729 
-647.7857082502323 -648.4047899610937 -639.9997442806243 -657.2145360457607 -648.8168242561414 -649.5209115343041 -657.8615943208724 -647.8857207459241 -648.417381320497 -660.396778975969 -657.9373410794014 
-638.7056251687409 -650.3353056969727 -638.7056833924175 -650.3353204594582 -650.4359787941698 -648.5796502315216 -648.5796742139764 -649.9303742572029 -642.3049824243008 -660.095957463318 -649.9303863063742 
-637.9804792575919 -649.1100478935277 -639.2271164878834 -647.4407305098293 -642.1334156903531 -649.3919285291895 -650.1333816825804 -658.9278154428293 -648.6534030067614 -648.9320126255166 -649.656762003001 
-638.9832052120782 -656.4386345497419 -648.4007259479818 -646.632885217728 -641.840370793595 -658.1859255092704 -642.0349791165909 -658.7982345235391 -658.4381768357957 -646.6265276558815 -648.6371703425493 
-658.1161788786603 -636.8797749589176 -648.6716042023086 -641.7745956148387 -656.6591150262839 -648.6721441330842 -641.774352896763 -658.1161973158191 -649.0373465516141 -656.6205336026414 -649.0376101157394 
-647.3860741115959 -647.0392908257027 -655.6072153893647 -648.4357579969592 -640.5134402153953 -648.435784539302 -655.6069996683736 -647.3864680295137 -658.6641789544419 -658.6640079639956 -639.8988899421965 
-656.1151330729708 -656.1145311353207 -656.115117496066 -656.123907035822 -656.120005967915 -656.1205375191203 -656.121179859907 -656.1205502821231 -656.1243966538659 -656.1207436912805 -656.1208094669887 -656.1234809528696 
-646.1909542134363 -646.5102845964157 -656.299437451662 -659.0824422765181 -648.691864059464 -655.9508232788976 -657.890690253756 -657.2097414571704 -658.1299551355287 -658.086196569092 -656.1139328914355 -647.1352820241373 
-637.0626922115798 -647.5106997694525 -647.5101981343682 -658.7332127404088 -647.0852653021097 -647.0849679708676 -658.4218918928627 -658.4216051068615 -649.2764966782247 -655.9131166689667 -655.9128289636838 -649.2753217727795 
-636.7989440624851 -648.1966813343315 -648.1968462779273 -656.2265270565254 -647.3879655287201 -647.3878656353309 -657.0974490246144 -657.0968870508091 -647.5451900475382 -657.8099304399543 -657.8097412212164 -647.5453277886036 
-648.2108038223005 -646.3983144143449 -648.2109906179612 -646.3991148356699 -649.1921970127078 -656.5640052413469 -649.1922422549478 -656.5643281513285 -657.3533434406922 -658.8023469092095 -658.8020608487454 -638.6242317553238 
-645.7681200253519 -655.965342021208 -655.9651850277633 -645.768323774576 -657.4735911302209 -655.9711326552488 -649.565919274407 -658.05732720373 -657.4735532106115 -658.057102299586 -655.9714936902051 -645.9184225790614 
-646.0275643738523 -648.436889517091 -647.0953036278352 -646.6432040525106 -658.2260618481464 -650.0344620558353 -649.982894563343 -656.082332688527 -659.0512227754348 -657.1357223884461 -658.350417136553 -637.7114179113269 
-655.5049260660358 -655.5045681233123 -655.5040693995829 -655.5045898364388 -659.526896123285 -659.5129760755326 -655.5051655603929 -659.5135347058963 -655.5044368803583 -659.5271873906058 -655.5048866524448 -655.5050942374214 
-646.663522242608 -646.8142254208901 -646.6634159391883 -646.8147084098159 -657.451765588843 -646.8228569737648 -646.8235802558079 -657.451792008294 -648.789894910692 -657.1656234522961 -651.0346975663688 -648.790674656645 
-637.934107250383 -648.7941324801404 -638.8337589700491 -647.1409940722151 -649.4760949042993 -647.7657842529184 -647.5066899764679 -658.115550295789 -648.11118582979 -648.7364351650021 -659.1179705877503 -649.1663182105217 
-638.7674976634057 -657.0642329670472 -647.883739966348 -646.3884179266834 -648.5137527223033 -656.7540770810556 -648.6353705155971 -656.621892898509 -657.090356104376 -646.4441129455604 -660.1531359265882 -648.1326214065311 
-647.8983539643577 -647.8304938566407 -647.8983877370702 -647.8307226222305 -659.0373603737626 -658.9835819281425 -647.9338013256192 -647.9340677527871 -658.9837015462454 -648.1300787250566 -659.0607806232883 -648.1305490353598 
-637.9625541152009 -646.8908116384428 -637.9623861816199 -646.8912953797362 -642.52119875991 -657.8522984109673 -649.6291706323718 -649.6295259164699 -657.8524022595502 -648.5513602270457 -646.3897178458992 -648.551364168211 
-645.9963672690455 -646.0072415787504 -647.1677634121024 -658.0860492403513 -646.0008627461966 -645.9936986303865 -647.1707917536496 -658.079327351812 -647.3743241577317 -657.9075292478883 -657.909955061069 -647.3858643737944 
-656.4339526710155 -636.3957463082311 -647.5934442091161 -647.9988391936272 -656.2684353570512 -647.5930579296723 -647.9983840096256 -656.4333226025497 -647.8619167987631 -656.4658138896766 -660.6968262154032 -647.8628709467366 
-647.4844952674039 -637.3895807207809 -646.2378610924325 -648.1861004666544 -648.5718566061182 -648.1864271293725 -646.237829089619 -647.484839032169 -649.3058770252023 -658.9506781355517 -658.9504808515157 -639.2444513596147 
-646.3695294563399 -646.3691561936776 -654.8327693250685 -647.8506804964463 -647.8509556934596 -647.7970630728519 -656.4223204693799 -647.7972477210615 -658.4213673913687 -656.4225437741416 -658.4216663427324 -639.8715039779645 
-647.451402967532 -637.6180605593099 -647.2374953906888 -641.611932787243 -647.1907640822901 -648.2632138443296 -649.0157536214351 -649.1191362508353 -657.6094369395923 -649.4381387205481 -656.1154858981222 -639.3192518608594 
-638.2115437597454 -638.2113047274538 -638.1992951055972 -648.964048328758 -648.9645100792304 -649.0177324469855 -648.9968656896867 -649.0052168313705 -648.9969071623536 -649.0175704243552 -649.0051656712089 -638.2245194288007 
-656.614510269198 -656.6118322927646 -656.6082567788853 -656.615693303967 -656.6137695617062 -656.6080616667032 -656.6115776041943 -656.6091632547646 -656.6143289935676 -656.6104121056028 -656.6077912425317 -656.6076772777178 
-649.5799604441463 -649.5799450968657 -639.3915275673658 -649.580419674342 -649.5805241316716 -639.3915443691271 -649.5799840970208 -649.5799770112458 -649.5805258620148 -649.5803187552965 -639.4005899258095 -639.4011949935298 
-648.3448816515138 -648.3471037850231 -648.3466735647244 -648.3470238047057 -648.3468637567094 -648.3451648659066 -648.4911556367633 -648.2649176864998 -648.2639949030686 -648.489160411682 -648.264105659322 -648.490388507741 
-637.3314641883344 -648.2383429237188 -648.238205650141 -656.9465902126085 -658.5493815994387 -648.279553604877 -648.2792501263643 -658.5444519825469 -658.5440839197049 -648.2742351492643 -656.653003405977 -656.6526787444482 -648.2740712685113 
-646.3640526588024 -646.3638255544702 -646.3639898501633 -646.3639996725751 -659.0375075007314 -651.0524134349789 -656.6841796463591 -651.0526531489791 -656.6839691769028 -659.037347153434 -656.6844311979326 -656.6845386045807 -638.3226357137255 
-638.5406282406802 -647.3771304410184 -638.5407940138957 -647.3771655920405 -650.669851132026 -657.6354238681124 -648.5910868945011 -648.5907719820252 -657.6356388420859 -649.2003555981278 -647.2372586101528 -659.6121997229029 -649.2001385787039 
-647.3998567918288 -637.4175295366617 -647.776960207605 -648.7285488173252 -647.3834374239814 -649.2822002714183 -647.3240600047152 -649.076426787663 -657.5360446630029 -650.1056438105243 -657.3790889148231 -659.0045152606754 -640.9959256092293 
-638.7115180637684 -638.2096868724125 -639.2312091684989 -647.7731180999817 -650.1367685987925 -649.4935377783945 -649.9736479379699 -647.9319460796955 -649.3960656410754 -650.1113376973908 -649.4121920836815 -658.5955520802409 -639.1828168662842 
-656.9172236753166 -646.8865386332427 -646.8892861879185 -656.9203905213703 -646.8870431709943 -646.8872919934101 -646.8871245397795 -656.9188670207036 -646.8884415736661 -656.9151280863243 -656.9204930671967 -656.9218726843392 -642.860087247705 
-647.9833058275717 -649.5462059874658 -639.7617638347447 -649.5468027636048 -647.9838308722183 -639.7619054585898 -649.546164390425 -647.983582964865 -647.9842440732637 -649.5465256934194 -641.0989731919249 -656.5872720922398 -641.1002223195187 
-648.4594651229982 -638.704918525556 -648.5279487832495 -638.7049381886914 -648.4597404101255 -648.5275062686483 -638.7218328186641 -648.3800862946259 -648.3804598609258 -648.578796870162 -642.1754295723149 -648.5289347670741 -648.5794590502155 
-637.7368828537437 -637.7361747320679 -639.2748058609791 -647.8145788824941 -647.8149979114805 -649.5513582784511 -649.5611968220865 -647.7984462299532 -649.5617868264721 -658.3917668472304 -649.5505812272127 -647.7993308493055 -658.3917893008793 -639.2982596056581 
-648.1452691155955 -648.1454755368231 -638.0646649508844 -648.145520335172 -648.1455124959011 -638.0645264547284 -648.1453996426626 -648.1456657204722 -648.1459239485152 -648.1453678950156 -641.4318964981612 -658.116264725747 -658.1164710043422 -641.4322665465979 
-639.5275881738025 -638.0457356653633 -648.2756178741784 -639.5272167023622 -648.2757302572859 -638.0457155926738 -639.5569920568191 -648.4690174331531 -647.735864783017 -650.2941191171931 -639.5567658001037 -650.2941303254315 -648.4692124396529 -648.2012857590553 
-639.0679072214043 -639.063066386137 -639.0647971252038 -639.0681784341623 -639.0630306718353 -639.0650721999446 -640.8465251260168 -649.0636395615002 -649.056293770052 -649.0635651458465 -649.056845786844 -640.8441165639506 -649.058361380733 -649.0584048314568 -640.8408786007085 
-642.0241486123591 -641.99749157325 -642.01120456331 -641.9957089791747 -641.9975239001869 -642.0128222291055 -641.995878486257 -642.0265625650691 -641.9952764725358 -642.0036343326228 -641.999136251728 -642.0009926422472 -642.0224066409219 -641.9956006611237 -642.0000816600691 -642.024000026955 
