-655.984964279277 -661.324344945574 -657.535273848991 -657.535651206369 -656.183660378303 -656.183296028178 -658.680216387438 -657.2684049673 -657.268415046759 -658.68047748233
-651.6768053648254 -652.1033820923321 -655.1402161280374 -652.5842913185531 -655.0310351172737 -652.5824679317585 -655.0610649227276 -655.8257642126481 -656.6480446545721 -650.810369482468
-657.4315374210563 -655.919731188197 -657.3679357645066 -653.6702897631565 -653.8243761921509 -657.089334640223 -657.3462503618335 -659.1994101531282 -656.4384245292306 -653.4269242266911
-656.335528497501 -658.398981619784 -658.463182068366 -657.079161007341 -657.091294879348 -656.396527416136 -659.705054736153 -659.871741971509 -656.595490648196 -656.882808197582
-656.5111307526448 -656.7668607024026 -657.8143381378701 -658.4817462672524 -656.7289511899414 -658.2839035193159 -657.4752733214143 -657.6042523275673 -656.8469379425786 -657.6238314358918
-652.5398633382446 -652.5398633382446 -653.8902168259126 -654.896300278859 -654.896300278859 -653.8902168259126 -657.5297882860799 -658.9917602704248 -658.819921490336 -657.5297882860799
-657.4464485337667 -656.7670974223392 -659.1372607055013 -654.9429311491234 -654.4144746812119 -658.2503139904312 -657.3743997537874 -658.8347259012736 -656.8477029351989 -657.9340541208654
-657.3324923330514 -657.1926036350977 -656.4467552985634 -655.9183907025098 -658.4448052062492 -655.6925402415718 -658.5031803207214 -657.3469616400065 -657.7641725448368 -656.5191478362029
-651.3766122284613 -651.3766122284613 -658.0666327096426 -655.787553189678 -656.2373521007336 -656.2373521007336 -655.787553189678 -655.4439280378593 -655.1467075435376 -655.4439280378593
-652.4229755948686 -651.1324841355621 -654.3786548962405 -656.1144684534335 -649.0707653634203 -653.1793045737539 -655.9755635320773 -654.8953204748716 -658.4892513107999 -645.5025013544644
-657.0238771130596 -657.0238771130596 -657.3894668744858 -657.566078205699 -653.2022836428263 -659.1298175785932 -657.3894668744858 -659.1298175785932 -657.566078205699 -653.7189261938636
-650.1836935422689 -647.697453658098 -656.8938321251563 -649.8066089178233 -657.2049693382519 -654.3440462816785 -657.3590324630627 -651.6546729278781 -653.3685154183535 -652.3958454564366
-651.3823372723413 -651.3823372723413 -657.3872546718015 -649.9995764404097 -658.4780759276069 -651.478144171372 -657.3872546718015 -651.478144171372 -658.4780759276069 -643.712923928479
-652.7565973416571 -649.4539279091015 -654.7557346190895 -649.1813300309119 -653.7687281240171 -649.921739280186 -653.6305035004855 -658.851274750027 -653.6857162717586 -643.4501319444145
-653.3930465774449 -653.3930465774449 -651.1207326898699 -653.3982833061734 -655.3772286833243 -655.2516597375981 -650.3461386332987 -651.1207326898699 -650.3461386332987 -655.3772286833243
-657.5812752542458 -657.9588209792876 -652.4707584617189 -652.781541067569 -654.3730671763425 -657.3205698281016 -656.9658636013 -657.0388703503519 -658.0164046062237 -649.7448953586717
-654.3662768417212 -648.6262526811005 -656.215732913681 -651.1719210415619 -656.5064518987735 -650.1669204904168 -659.3732017426888 -656.5804292239231 -659.0004446054002 -652.1734484966371
-653.4852365207538 -650.1054482448728 -657.9503147786461 -650.0620778737991 -658.0308994579234 -650.9169875647508 -657.1891015193569 -655.4293002280948 -658.9185853652981 -650.7844466504372
-653.9116242230401 -650.6607380521242 -657.5347816844594 -650.603864325117 -651.6856141646978 -649.782906238889 -656.9893734329721 -656.9365684860012 -657.6898543252496 -652.1840588096013
-651.0309849523766 -647.6125170150511 -651.8479572946998 -652.1947423963558 -657.4155797277893 -651.7795110474133 -657.6304344973628 -658.4586223215181 -658.9737424237567 -647.9059896431794
-654.7882172518453 -650.9056279550015 -655.1484216956218 -649.0072079837397 -652.2239929202037 -650.1640229870162 -651.0321607040513 -656.7703531026534 -657.8534829771277 -642.7106402969871
-651.7484800165269 -642.8634779990946 -654.1801824936472 -650.243027546627 -650.9613926166251 -651.1502140367944 -650.4522175794674 -655.9980960966533 -655.5443303431076 -648.9876414691341
-652.290664218724 -658.4486597057731 -652.5741890391861 -656.9377129190383 -656.0598870132142 -653.0383133563977 -651.1762508857281 -653.4612644184725 -657.7712971581734 -658.2982374965121
-657.480476992364 -657.512228184825 -655.923432119743 -657.282722117373 -658.628629847344 -658.438767568215 -657.335391385499 -659.293770320966 -656.881837168824 -654.996111870444
-658.167166632783 -656.3022391461975 -658.2670734591665 -656.3444001321209 -658.1302292174074 -656.2920877976717 -656.3404259763968 -658.2673760721605 -658.2775248158875 -657.8018135305628
-655.147261496209 -656.745883577441 -654.920969057247 -650.95297960613 -656.466686359321 -658.733167327856 -651.169746649915 -656.998815412818 -655.011435381291 -656.99903125783
-653.2313968630688 -650.0970741715746 -658.3280002955656 -656.4947501128719 -651.5488952936056 -657.3627159392998 -658.8213761946214 -658.5631326331317 -653.5842483999112 -651.3805583185488
-640.820038279256 -647.162673255967 -658.026677767628 -658.19902203333 -647.323897285188 -658.098287188846 -658.129191343721 -657.96402771236 -657.897051066347 -647.367002666844
-652.6080861928899 -648.1871994167368 -657.3137426225913 -657.1699773385203 -648.2537213565171 -653.9909977592582 -652.8645640148686 -658.1275839609724 -655.0291579362145 -650.632288141182
-646.58270837901 -647.009018566079 -660.561858876704 -658.40311842807 -649.976829975639 -657.429123049925 -657.895803232393 -659.891161951698 -658.171491017637 -647.766220091059
-652.4292372809799 -651.1818883249839 -655.5673160908291 -654.1107312814744 -653.2885990494424 -657.7010303090882 -651.7875518106052 -657.08977195977 -657.3544164490572 -649.2594581923811
-647.007739562579 -648.552348916431 -658.115540340822 -660.912470995637 -648.571599365035 -651.247493891714 -657.802824470999 -657.745065432127 -658.154725310541 -648.74318765373
-651.129563077958 -650.4037963016566 -658.5961837407787 -652.7111496082919 -646.1421676990967 -649.7083783068049 -649.417809724996 -656.9199931726266 -655.0255826641373 -648.4703373328292
-654.3859585585652 -650.5605002921407 -655.6704503067471 -652.6202406172629 -655.0726433560401 -650.3321153626474 -650.3201815811867 -655.57484955037 -652.759947955605 -651.6944459641682
-657.7236514969154 -657.8664392086445 -656.6079211718264 -657.2769657648679 -657.5764033244453 -657.8664392086445 -657.5764033244453 -657.2769657648679 -656.6079211718264 -657.7236514969154
-655.5082343479523 -651.8279077281109 -655.7081431695736 -656.849457281316 -649.2194042107081 -651.521451056824 -649.1656644436176 -651.5225523797665 -656.0000550340287 -651.6242603950501
-656.391149390804 -656.730050272116 -656.539972349067 -660.072938782912 -658.239530227469 -656.601350308707 -660.298821601898 -656.632769912086 -658.859820891085 -656.783718071913
-646.6872645537843 -650.2464722263738 -653.9033990993678 -650.376099547476 -652.5965889802777 -652.4324017447593 -646.117363979028 -655.9941164329782 -658.5236196144905 -645.4771952064162
-644.6970944247289 -642.1247845118413 -650.044593740178 -651.2955181966505 -653.7728332558738 -651.5453473373475 -658.8531659790827 -643.8488727057527 -656.6418507404733 -646.6685671211504
-648.3119328918743 -650.6744718335032 -650.0315091723295 -650.4692183127721 -650.3782162352461 -650.592380578061 -642.2369532318361 -657.5854509346218 -657.5417339210275 -642.6315284709318
-637.76413749809 -646.90244863249 -649.410589433905 -659.666826735738 -646.746200116049 -642.300577292499 -659.38223055033 -649.565843954742 -656.912884838688 -642.108919432801
-646.8253442877091 -647.2074589761962 -649.3550536040134 -658.1247506023797 -651.6402183512173 -651.4873759706701 -657.947531608726 -657.0543413738695 -646.7705848523183 -649.3550536040134
-650.3392732297222 -651.6332625736238 -651.6546454556058 -656.3865466113822 -651.6546454556058 -651.6332625736238 -651.4644969830438 -656.3171110599371 -656.3171110599371 -651.5212710273917
-658.2463905708869 -658.2059789113912 -658.2463905708869 -658.2059789113912 -658.2463905708869 -658.2463905708869 -656.4373655864712 -659.0261400664348 -659.0261400664348 -656.4373655864712
-647.533982232547 -656.994691463904 -657.90402675474 -648.309446061101 -656.389185732197 -648.744767773057 -658.635919752387 -653.472812200207 -658.964175511181 -648.276179188981
-647.662831191677 -658.211399180917 -658.211395457759 -647.663168945315 -658.386046665398 -647.532748160996 -660.792726670981 -660.792880526241 -658.386098787064 -647.621218304703
-648.4100679355862 -657.2536965642234 -658.0454789756778 -648.9367422464167 -653.7649436639074 -649.8533298005802 -658.1312761038348 -657.9690147037634 -656.6413825178187 -649.5893253995798
-652.6333388898707 -657.2249098360393 -657.3017358698456 -650.8284629383254 -648.5565089066044 -653.6857468176762 -658.018619239509 -656.3015498940738 -658.0933899276309 -649.7430927974416
-657.9917442320908 -658.203181265703 -658.4696711089092 -655.2578583659931 -655.2458767064414 -656.171923526426 -657.9545393117012 -656.2223821155618 -658.5674581306231 -658.1925638868778
-652.8290297902114 -656.8223768064039 -653.0130505671591 -656.5330440167708 -653.0130505671591 -652.8290297902114 -657.4229979835495 -658.9436612660651 -658.9436612660651 -644.3840302463831
-648.71279943888 -641.43126135563 -648.856254629388 -649.091323227641 -648.210463417411 -649.694912511024 -658.400245650353 -659.545490257874 -661.388232579074 -638.824223406296
-648.690302957004 -648.301576213224 -641.474563941596 -646.834138104516 -649.199721233882 -642.359645928023 -657.20496804725 -659.712631706922 -658.649153491908 -638.822449387674
-658.187776779801 -658.187560138883 -658.187603586948 -658.187904462603 -657.77105166291 -658.187941492685 -657.771451888151 -658.187802301574 -658.188223210401 -658.188228936671
-643.727640398313 -651.9678827149668 -644.0892980360104 -652.0209822249781 -652.4922350644633 -653.4541834567328 -652.7561702251827 -653.2588870363729 -657.337787834431 -643.137107168775
-658.1498914940511 -656.8880777975759 -656.7174407055303 -656.9531540954705 -656.798327946617 -658.1115709593312 -658.2026971320527 -658.2466493198092 -657.0191661281242 -658.065626565289
-654.4808792862572 -657.5533850219159 -657.5533850219159 -654.4808792862572 -656.6626123546795 -652.5551052998499 -657.5347291618627 -656.6626123546795 -657.5347291618627 -653.4500051520866
-650.3286881508863 -657.4469860855071 -657.4469860855071 -650.3286881508863 -657.9144626748536 -649.2654408637796 -647.5571220926687 -657.9144626748536 -649.2654408637796 -648.182817081512
-649.6592521983913 -648.6231676812515 -649.6592521983913 -648.6231676812515 -649.6592521983913 -649.6592521983913 -649.5335800477355 -655.8514061126162 -655.8514061126162 -649.5335800477355
-650.9943149626885 -650.3651117954057 -647.3906357428401 -649.1169187754604 -649.4218062398218 -650.8316082934457 -655.9149238771132 -650.1509044519869 -655.961070419813 -647.3904036290376
-649.9238391523058 -647.796084731565 -645.2892539291056 -649.9443101413507 -650.6390528274037 -648.0155517023555 -658.2709266033766 -645.4496440161008 -657.5090993019351 -648.9268937124007
-650.7345789454271 -658.0840292464035 -650.7345789454271 -658.0840292464035 -650.7953740737946 -650.7953740737946 -649.896734307003 -657.9797419014159 -647.6166278019647 -649.896734307003
-648.4205111452553 -657.8594428058572 -648.7603098133313 -649.6650650478206 -650.1631105854202 -643.5194665992927 -649.8943083013407 -649.893815039125 -657.8602465714473 -646.2795927657169
-649.974502700646 -648.070237886068 -649.974464360442 -648.070626121552 -659.971560617051 -649.611196757361 -649.611489607994 -659.971829832587 -648.573190278644 -648.573344126894
-647.894855114175 -648.194987447726 -639.269149332306 -656.533715826869 -641.701665500964 -641.701032728111 -658.890507586933 -648.279532142968 -648.280578187146 -658.901103620759
-643.7238762638266 -650.625374871947 -643.7238762638266 -650.625374871947 -644.816694638423 -646.7458762463211 -646.7458762463211 -651.1931495673216 -643.1205822959276 -651.1931495673216
