  x           300.0          473.0          873.0         1273.0         1673.0      Infinity
  -680.000  0.000000E+00  0.000000E+00  0.000000E+00  0.000000E+00  0.000000E+00  0.000000E+00
  -679.900  0.000000E+00  0.000000E+00  0.000000E+00  0.000000E+00  0.000000E+00  0.000000E+00
  -679.800  0.000000E+00  0.000000E+00  0.000000E+00  0.000000E+00  0.000000E+00  0.000000E+00
  -679.700  0.000000E+00  0.000000E+00  0.000000E+00  0.000000E+00  0.000000E+00  0.000000E+00
  -679.600  0.000000E+00  0.000000E+00  0.000000E+00  0.000000E+00  0.000000E+00  0.000000E+00
  -679.500  0.000000E+00  0.000000E+00  0.000000E+00  0.000000E+00  0.000000E+00  0.000000E+00
  -679.400  0.000000E+00  0.000000E+00  0.000000E+00  0.000000E+00  0.000000E+00  0.000000E+00
  -679.300  0.000000E+00  0.000000E+00  0.000000E+00  0.000000E+00  0.000000E+00  0.000000E+00
  -679.200  0.000000E+00  0.000000E+00  0.000000E+00  0.000000E+00  0.000000E+00  0.000000E+00
  -679.100  0.000000E+00  0.000000E+00  0.000000E+00  0.000000E+00  0.000000E+00  0.000000E+00
  -679.000  0.000000E+00  0.000000E+00  0.000000E+00  0.000000E+00  0.000000E+00  0.000000E+00
  -678.900  0.000000E+00  0.000000E+00  0.000000E+00  0.000000E+00  0.000000E+00  0.000000E+00
  -678.800  0.000000E+00  0.000000E+00  0.000000E+00  0.000000E+00  0.000000E+00  0.000000E+00
  -678.700  0.000000E+00  0.000000E+00  0.000000E+00  0.000000E+00  0.000000E+00  0.000000E+00
  -678.600  0.000000E+00  0.000000E+00  0.000000E+00  0.000000E+00  0.000000E+00  0.000000E+00
  -678.500  0.000000E+00  0.000000E+00  0.000000E+00  0.000000E+00  0.000000E+00  0.000000E+00
  -678.400  0.000000E+00  0.000000E+00  0.000000E+00  0.000000E+00  0.000000E+00  0.000000E+00
  -678.300  0.000000E+00  0.000000E+00  0.000000E+00  0.000000E+00  0.000000E+00  0.000000E+00
  -678.200  0.000000E+00  0.000000E+00  0.000000E+00  0.000000E+00  0.000000E+00  0.000000E+00
  -678.100  0.000000E+00  0.000000E+00  0.000000E+00  0.000000E+00  0.000000E+00  0.000000E+00
  -678.000  0.000000E+00  0.000000E+00  0.000000E+00  0.000000E+00  0.000000E+00  0.000000E+00
  -677.900  0.000000E+00  0.000000E+00  0.000000E+00  0.000000E+00  0.000000E+00  0.000000E+00
  -677.800  0.000000E+00  0.000000E+00  0.000000E+00  0.000000E+00  0.000000E+00  0.000000E+00
  -677.700  0.000000E+00  0.000000E+00  0.000000E+00  0.000000E+00  0.000000E+00  0.000000E+00
  -677.600  0.000000E+00  0.000000E+00  0.000000E+00  0.000000E+00  0.000000E+00  0.000000E+00
  -677.500  0.000000E+00  0.000000E+00  0.000000E+00  0.000000E+00  0.000000E+00  0.000000E+00
  -677.400  0.000000E+00  0.000000E+00  0.000000E+00  0.000000E+00  0.000000E+00  0.000000E+00
  -677.300  0.000000E+00  0.000000E+00  0.000000E+00  0.000000E+00  0.000000E+00  0.000000E+00
  -677.200  0.000000E+00  0.000000E+00  0.000000E+00  0.000000E+00  0.000000E+00  0.000000E+00
  -677.100  0.000000E+00  0.000000E+00  0.000000E+00  0.000000E+00  0.000000E+00  0.000000E+00
  -677.000  0.000000E+00  0.000000E+00  0.000000E+00  0.000000E+00  0.000000E+00  0.000000E+00
  -676.900  0.000000E+00  0.000000E+00  0.000000E+00  0.000000E+00  0.000000E+00  0.000000E+00
  -676.800  0.000000E+00  0.000000E+00  0.000000E+00  0.000000E+00  0.000000E+00  0.000000E+00
  -676.700  0.000000E+00  0.000000E+00  0.000000E+00  0.000000E+00  0.000000E+00  0.000000E+00
  -676.600  0.000000E+00  0.000000E+00  0.000000E+00  0.000000E+00  0.000000E+00  0.000000E+00
  -676.500  0.000000E+00  0.000000E+00  0.000000E+00  0.000000E+00  0.000000E+00  0.000000E+00
  -676.400  0.000000E+00  0.000000E+00  0.000000E+00  0.000000E+00  0.000000E+00  0.000000E+00
  -676.300  0.000000E+00  0.000000E+00  0.000000E+00  0.000000E+00  0.000000E+00  0.000000E+00
  -676.200  0.000000E+00  0.000000E+00  0.000000E+00  0.000000E+00  0.000000E+00  0.000000E+00
  -676.100  0.000000E+00  0.000000E+00  0.000000E+00  0.000000E+00  0.000000E+00  0.000000E+00
  -676.000  0.000000E+00  0.000000E+00  0.000000E+00  0.000000E+00  0.000000E+00  0.000000E+00
  -675.900  0.000000E+00  0.000000E+00  0.000000E+00  0.000000E+00  0.000000E+00  0.000000E+00
  -675.800  0.000000E+00  0.000000E+00  0.000000E+00  0.000000E+00  0.000000E+00  0.000000E+00
  -675.700  0.000000E+00  0.000000E+00  0.000000E+00  0.000000E+00  0.000000E+00  0.000000E+00
  -675.600  0.000000E+00  0.000000E+00  0.000000E+00  0.000000E+00  0.000000E+00  0.000000E+00
  -675.500  0.000000E+00  0.000000E+00  0.000000E+00  0.000000E+00  0.000000E+00  0.000000E+00
  -675.400  0.000000E+00  0.000000E+00  0.000000E+00  0.000000E+00  0.000000E+00  0.000000E+00
  -675.300  0.000000E+00  0.000000E+00  0.000000E+00  0.000000E+00  0.000000E+00  0.000000E+00
  -675.200  0.000000E+00  0.000000E+00  0.000000E+00  0.000000E+00  0.000000E+00  0.000000E+00
  -675.100  0.000000E+00  0.000000E+00  0.000000E+00  0.000000E+00  0.000000E+00  0.000000E+00
  -675.000  0.000000E+00  0.000000E+00  0.000000E+00  0.000000E+00  0.000000E+00  0.000000E+00
  -674.900  0.000000E+00  0.000000E+00  0.000000E+00  0.000000E+00  0.000000E+00  0.000000E+00
  -674.800  0.000000E+00  0.000000E+00  0.000000E+00  0.000000E+00  0.000000E+00  0.000000E+00
  -674.700  0.000000E+00  0.000000E+00  0.000000E+00  0.000000E+00  0.000000E+00  0.000000E+00
  -674.600  0.000000E+00  0.000000E+00  0.000000E+00  0.000000E+00  0.000000E+00  0.000000E+00
  -674.500  0.000000E+00  0.000000E+00  0.000000E+00  0.000000E+00  0.000000E+00  0.000000E+00
  -674.400  0.000000E+00  0.000000E+00  0.000000E+00  0.000000E+00  0.000000E+00  0.000000E+00
  -674.300  0.000000E+00  0.000000E+00  0.000000E+00  0.000000E+00  0.000000E+00  0.000000E+00
  -674.200  0.000000E+00  0.000000E+00  0.000000E+00  0.000000E+00  0.000000E+00  0.000000E+00
  -674.100  0.000000E+00  0.000000E+00  0.000000E+00  0.000000E+00  0.000000E+00  0.000000E+00
  -674.000  0.000000E+00  0.000000E+00  0.000000E+00  0.000000E+00  0.000000E+00  0.000000E+00
  -673.900  0.000000E+00  0.000000E+00  0.000000E+00  0.000000E+00  0.000000E+00  0.000000E+00
  -673.800  0.000000E+00  0.000000E+00  0.000000E+00  0.000000E+00  0.000000E+00  0.000000E+00
  -673.700  0.000000E+00  0.000000E+00  0.000000E+00  0.000000E+00  0.000000E+00  0.000000E+00
  -673.600  0.000000E+00  0.000000E+00  0.000000E+00  0.000000E+00  0.000000E+00  0.000000E+00
  -673.500  0.000000E+00  0.000000E+00  0.000000E+00  0.000000E+00  0.000000E+00  0.000000E+00
  -673.400  0.000000E+00  0.000000E+00  0.000000E+00  0.000000E+00  0.000000E+00  0.000000E+00
  -673.300  0.000000E+00  0.000000E+00  0.000000E+00  0.000000E+00  0.000000E+00  0.000000E+00
  -673.200  0.000000E+00  0.000000E+00  0.000000E+00  0.000000E+00  0.000000E+00  0.000000E+00
  -673.100  0.000000E+00  0.000000E+00  0.000000E+00  0.000000E+00  0.000000E+00  0.000000E+00
  -673.000  0.000000E+00  0.000000E+00  0.000000E+00  0.000000E+00  0.000000E+00  0.000000E+00
  -672.900  0.000000E+00  0.000000E+00  0.000000E+00  0.000000E+00  0.000000E+00  0.000000E+00
  -672.800  0.000000E+00  0.000000E+00  0.000000E+00  0.000000E+00  0.000000E+00  0.000000E+00
  -672.700  0.000000E+00  0.000000E+00  0.000000E+00  0.000000E+00  0.000000E+00  0.000000E+00
  -672.600  0.000000E+00  0.000000E+00  0.000000E+00  0.000000E+00  0.000000E+00  0.000000E+00
  -672.500  0.000000E+00  0.000000E+00  0.000000E+00  0.000000E+00  0.000000E+00  0.000000E+00
  -672.400  0.000000E+00  0.000000E+00  0.000000E+00  0.000000E+00  0.000000E+00  0.000000E+00
  -672.300  0.000000E+00  0.000000E+00  0.000000E+00  0.000000E+00  0.000000E+00  0.000000E+00
  -672.200  0.000000E+00  0.000000E+00  0.000000E+00  0.000000E+00  0.000000E+00  0.000000E+00
  -672.100  0.000000E+00  0.000000E+00  0.000000E+00  0.000000E+00  0.000000E+00  0.000000E+00
  -672.000  0.000000E+00  0.000000E+00  0.000000E+00  0.000000E+00  0.000000E+00  0.000000E+00
  -671.900  0.000000E+00  0.000000E+00  0.000000E+00  0.000000E+00  0.000000E+00  0.000000E+00
  -671.800  0.000000E+00  0.000000E+00  0.000000E+00  0.000000E+00  0.000000E+00  0.000000E+00
  -671.700  0.000000E+00  0.000000E+00  0.000000E+00  0.000000E+00  0.000000E+00  0.000000E+00
  -671.600  0.000000E+00  0.000000E+00  0.000000E+00  0.000000E+00  0.000000E+00  0.000000E+00
  -671.500  0.000000E+00  0.000000E+00  0.000000E+00  0.000000E+00  0.000000E+00  0.000000E+00
  -671.400  0.000000E+00  0.000000E+00  0.000000E+00  0.000000E+00  0.000000E+00  0.000000E+00
  -671.300  0.000000E+00  0.000000E+00  0.000000E+00  0.000000E+00  0.000000E+00  0.000000E+00
  -671.200  0.000000E+00  0.000000E+00  0.000000E+00  0.000000E+00  0.000000E+00  0.000000E+00
  -671.100  0.000000E+00  0.000000E+00  0.000000E+00  0.000000E+00  0.000000E+00  0.000000E+00
  -671.000  0.000000E+00  0.000000E+00  0.000000E+00  0.000000E+00  0.000000E+00  0.000000E+00
  -670.900  0.000000E+00  0.000000E+00  0.000000E+00  0.000000E+00  0.000000E+00  0.000000E+00
  -670.800  0.000000E+00  0.000000E+00  0.000000E+00  0.000000E+00  0.000000E+00  0.000000E+00
  -670.700  0.000000E+00  0.000000E+00  0.000000E+00  0.000000E+00  0.000000E+00  0.000000E+00
  -670.600  0.000000E+00  0.000000E+00  0.000000E+00  0.000000E+00  0.000000E+00  0.000000E+00
  -670.500  0.000000E+00  0.000000E+00  0.000000E+00  0.000000E+00  0.000000E+00  0.000000E+00
  -670.400  0.000000E+00  0.000000E+00  0.000000E+00  0.000000E+00  0.000000E+00  0.000000E+00
  -670.300  0.000000E+00  0.000000E+00  0.000000E+00  0.000000E+00  0.000000E+00  0.000000E+00
  -670.200  0.000000E+00  0.000000E+00  0.000000E+00  0.000000E+00  0.000000E+00  0.000000E+00
  -670.100  0.000000E+00  0.000000E+00  0.000000E+00  0.000000E+00  0.000000E+00  0.000000E+00
  -670.000  0.000000E+00  0.000000E+00  0.000000E+00  0.000000E+00  0.000000E+00  0.000000E+00
  -669.900  0.000000E+00  0.000000E+00  0.000000E+00  0.000000E+00  0.000000E+00  0.000000E+00
  -669.800  0.000000E+00  0.000000E+00  0.000000E+00  0.000000E+00  0.000000E+00  0.000000E+00
  -669.700  0.000000E+00  0.000000E+00  0.000000E+00  0.000000E+00  0.000000E+00  0.000000E+00
  -669.600  0.000000E+00  0.000000E+00  0.000000E+00  0.000000E+00  0.000000E+00  0.000000E+00
  -669.500  0.000000E+00  0.000000E+00  0.000000E+00  0.000000E+00  0.000000E+00  0.000000E+00
  -669.400  0.000000E+00  0.000000E+00  0.000000E+00  0.000000E+00  0.000000E+00  0.000000E+00
  -669.300  0.000000E+00  0.000000E+00  0.000000E+00  0.000000E+00  0.000000E+00  0.000000E+00
  -669.200  0.000000E+00  0.000000E+00  0.000000E+00  0.000000E+00  0.000000E+00  0.000000E+00
  -669.100  0.000000E+00  0.000000E+00  0.000000E+00  0.000000E+00  0.000000E+00  0.000000E+00
  -669.000  0.000000E+00  0.000000E+00  0.000000E+00  0.000000E+00  0.000000E+00  0.000000E+00
  -668.900  0.000000E+00  0.000000E+00  0.000000E+00  0.000000E+00  0.000000E+00  0.000000E+00
  -668.800  0.000000E+00  0.000000E+00  0.000000E+00  0.000000E+00  0.000000E+00  0.000000E+00
  -668.700  0.000000E+00  0.000000E+00  0.000000E+00  0.000000E+00  0.000000E+00  0.000000E+00
  -668.600  0.000000E+00  0.000000E+00  0.000000E+00  0.000000E+00  0.000000E+00  0.000000E+00
  -668.500  0.000000E+00  0.000000E+00  0.000000E+00  0.000000E+00  0.000000E+00  0.000000E+00
  -668.400  0.000000E+00  0.000000E+00  0.000000E+00  0.000000E+00  0.000000E+00  0.000000E+00
  -668.300  0.000000E+00  0.000000E+00  0.000000E+00  0.000000E+00  0.000000E+00  0.000000E+00
  -668.200  0.000000E+00  0.000000E+00  0.000000E+00  0.000000E+00  0.000000E+00  0.000000E+00
  -668.100  0.000000E+00  0.000000E+00  0.000000E+00  0.000000E+00  0.000000E+00  0.000000E+00
  -668.000  0.000000E+00  0.000000E+00  0.000000E+00  0.000000E+00  0.000000E+00  0.000000E+00
  -667.900  0.000000E+00  0.000000E+00  0.000000E+00  0.000000E+00  0.000000E+00  0.000000E+00
  -667.800  0.000000E+00  0.000000E+00  0.000000E+00  0.000000E+00  0.000000E+00  0.000000E+00
  -667.700  0.000000E+00  0.000000E+00  0.000000E+00  0.000000E+00  0.000000E+00  0.000000E+00
  -667.600  0.000000E+00  0.000000E+00  0.000000E+00  0.000000E+00  0.000000E+00  0.000000E+00
  -667.500  0.121652E-04  0.138574E-04  0.145654E-04  0.146988E-04  0.147429E-04  0.147751E-04
  -667.400  0.175780E-04  0.199747E-04  0.209696E-04  0.211547E-04  0.212152E-04  0.212539E-04
  -667.300  0.252043E-04  0.285712E-04  0.299570E-04  0.302116E-04  0.302934E-04  0.303376E-04
  -667.200  0.358622E-04  0.405536E-04  0.424673E-04  0.428137E-04  0.429231E-04  0.429697E-04
  -667.100  0.506354E-04  0.571194E-04  0.597393E-04  0.602059E-04  0.603505E-04  0.603927E-04
  -667.000  0.709450E-04  0.798345E-04  0.833902E-04  0.840123E-04  0.842009E-04  0.842266E-04
  -666.900  0.986355E-04  0.110725E-03  0.115509E-03  0.116331E-03  0.116573E-03  0.116562E-03
  -666.800  0.136076E-03  0.152386E-03  0.158769E-03  0.159841E-03  0.160149E-03  0.160068E-03
  -666.700  0.186275E-03  0.208106E-03  0.216546E-03  0.217932E-03  0.218316E-03  0.218115E-03
  -666.600  0.253016E-03  0.282002E-03  0.293070E-03  0.294841E-03  0.295313E-03  0.294917E-03
  -666.500  0.340996E-03  0.379179E-03  0.393567E-03  0.395805E-03  0.396374E-03  0.395674E-03
  -666.400  0.455982E-03  0.505883E-03  0.524428E-03  0.527223E-03  0.527895E-03  0.526737E-03
  -666.300  0.604970E-03  0.669674E-03  0.693371E-03  0.696823E-03  0.697597E-03  0.695766E-03
  -666.200  0.796343E-03  0.879582E-03  0.909606E-03  0.913815E-03  0.914681E-03  0.911883E-03
  -666.100  0.104001E-02  0.114626E-02  0.118397E-02  0.118904E-02  0.118998E-02  0.118582E-02
  -666.000  0.134754E-02  0.148210E-02  0.152907E-02  0.153509E-02  0.153605E-02  0.153001E-02
  -665.900  0.173223E-02  0.190132E-02  0.195934E-02  0.196639E-02  0.196730E-02  0.195871E-02
  -665.800  0.220918E-02  0.242003E-02  0.249108E-02  0.249920E-02  0.249996E-02  0.248797E-02
  -665.700  0.279523E-02  0.305612E-02  0.314240E-02  0.315161E-02  0.315208E-02  0.313560E-02
  -665.600  0.350886E-02  0.382922E-02  0.393312E-02  0.394338E-02  0.394336E-02  0.392105E-02
  -665.500  0.437004E-02  0.476045E-02  0.488454E-02  0.489573E-02  0.489497E-02  0.486521E-02
  -665.400  0.539988E-02  0.587209E-02  0.601910E-02  0.603103E-02  0.602920E-02  0.599001E-02
  -665.300  0.662026E-02  0.718718E-02  0.735995E-02  0.737233E-02  0.736902E-02  0.731809E-02
  -665.200  0.805330E-02  0.872897E-02  0.893043E-02  0.894285E-02  0.893757E-02  0.887218E-02
  -665.100  0.972076E-02  0.105202E-01  0.107534E-01  0.107653E-01  0.107575E-01  0.106745E-01
  -665.000  0.116433E-01  0.125827E-01  0.128505E-01  0.128613E-01  0.128502E-01  0.127462E-01
  -664.900  0.138399E-01  0.149358E-01  0.152413E-01  0.152502E-01  0.152352E-01  0.151062E-01
  -664.800  0.163265E-01  0.175966E-01  0.179428E-01  0.179488E-01  0.179289E-01  0.177708E-01
  -664.700  0.191158E-01  0.205781E-01  0.209679E-01  0.209701E-01  0.209445E-01  0.207526E-01
  -664.600  0.222160E-01  0.238889E-01  0.243252E-01  0.243226E-01  0.242902E-01  0.240600E-01
  -664.500  0.256303E-01  0.275322E-01  0.280181E-01  0.280095E-01  0.279695E-01  0.276960E-01
  -664.400  0.293558E-01  0.315053E-01  0.320439E-01  0.320283E-01  0.319797E-01  0.316582E-01
  -664.300  0.333835E-01  0.357989E-01  0.363934E-01  0.363699E-01  0.363118E-01  0.359378E-01
  -664.200  0.376973E-01  0.403966E-01  0.410506E-01  0.410185E-01  0.409501E-01  0.405194E-01
  -664.100  0.422743E-01  0.452748E-01  0.459923E-01  0.459511E-01  0.458718E-01  0.453808E-01
  -664.000  0.470842E-01  0.504029E-01  0.511883E-01  0.511379E-01  0.510472E-01  0.504931E-01
  -663.900  0.520900E-01  0.557428E-01  0.566012E-01  0.565419E-01  0.564398E-01  0.558208E-01
  -663.800  0.572482E-01  0.612499E-01  0.621870E-01  0.621197E-01  0.620063E-01  0.613218E-01
  -663.700  0.625092E-01  0.668734E-01  0.678957E-01  0.678217E-01  0.676976E-01  0.669482E-01
  -663.600  0.678184E-01  0.725571E-01  0.736717E-01  0.735931E-01  0.734591E-01  0.726471E-01
  -663.500  0.731168E-01  0.782400E-01  0.794549E-01  0.793743E-01  0.792316E-01  0.783608E-01
  -663.400  0.783427E-01  0.838582E-01  0.851814E-01  0.851021E-01  0.849526E-01  0.840283E-01
  -663.300  0.834324E-01  0.893451E-01  0.907852E-01  0.907109E-01  0.905567E-01  0.895859E-01
  -663.200  0.883224E-01  0.946336E-01  0.961989E-01  0.961340E-01  0.959774E-01  0.949686E-01
  -663.100  0.929502E-01  0.996572E-01  0.101356E+00  0.101305E+00  0.101148E+00  0.100111E+00
  -663.000  0.972562E-01  0.104352E+00  0.106190E+00  0.106158E+00  0.106005E+00  0.104950E+00
  -662.900  0.101186E+00  0.108657E+00  0.110640E+00  0.110631E+00  0.110484E+00  0.109423E+00
  -662.800  0.104690E+00  0.112519E+00  0.114649E+00  0.114667E+00  0.114529E+00  0.113475E+00
  -662.700  0.107729E+00  0.115889E+00  0.118166E+00  0.118216E+00  0.118090E+00  0.117052E+00
  -662.600  0.110270E+00  0.118728E+00  0.121149E+00  0.121233E+00  0.121121E+00  0.120112E+00
  -662.500  0.112293E+00  0.121010E+00  0.123565E+00  0.123685E+00  0.123589E+00  0.122618E+00
  -662.400  0.113790E+00  0.122716E+00  0.125392E+00  0.125548E+00  0.125469E+00  0.124544E+00
  -662.300  0.114764E+00  0.123843E+00  0.126620E+00  0.126810E+00  0.126748E+00  0.125875E+00
  -662.200  0.115231E+00  0.124398E+00  0.127252E+00  0.127473E+00  0.127427E+00  0.126606E+00
  -662.100  0.115221E+00  0.124404E+00  0.127304E+00  0.127549E+00  0.127517E+00  0.126748E+00
  -662.000  0.114776E+00  0.123897E+00  0.126803E+00  0.127064E+00  0.127043E+00  0.126320E+00
  -661.900  0.113952E+00  0.122923E+00  0.125792E+00  0.126057E+00  0.126042E+00  0.125355E+00
  -661.800  0.112812E+00  0.121545E+00  0.124325E+00  0.124580E+00  0.124565E+00  0.123899E+00
  -661.700  0.111433E+00  0.119831E+00  0.122465E+00  0.122694E+00  0.122672E+00  0.122006E+00
  -661.600  0.109896E+00  0.117862E+00  0.120288E+00  0.120472E+00  0.120432E+00  0.119743E+00
  -661.500  0.108291E+00  0.115727E+00  0.117876E+00  0.117993E+00  0.117926E+00  0.117183E+00
  -661.400  0.106712E+00  0.113518E+00  0.115320E+00  0.115346E+00  0.115240E+00  0.114410E+00
  -661.300  0.105254E+00  0.111333E+00  0.112713E+00  0.112623E+00  0.112465E+00  0.111509E+00
  -661.200  0.104014E+00  0.109273E+00  0.110156E+00  0.109923E+00  0.109699E+00  0.108576E+00
  -661.100  0.103091E+00  0.107441E+00  0.107750E+00  0.107345E+00  0.107041E+00  0.105705E+00
  -661.000  0.102581E+00  0.105939E+00  0.105598E+00  0.104992E+00  0.104593E+00  0.102998E+00
  -660.900  0.102579E+00  0.104870E+00  0.103804E+00  0.102969E+00  0.102460E+00  0.100557E+00
  -660.800  0.103180E+00  0.104336E+00  0.102474E+00  0.101381E+00  0.100746E+00  0.984856E-01
  -660.700  0.104477E+00  0.104440E+00  0.101714E+00  0.100334E+00  0.995577E-01  0.968906E-01
  -660.600  0.106561E+00  0.105283E+00  0.101629E+00  0.999350E-01  0.990033E-01  0.958797E-01
  -660.500  0.109524E+00  0.106969E+00  0.102328E+00  0.100293E+00  0.991912E-01  0.955623E-01
  -660.400  0.113459E+00  0.109598E+00  0.103917E+00  0.101517E+00  0.100231E+00  0.960490E-01
  -660.300  0.118456E+00  0.113273E+00  0.106504E+00  0.103716E+00  0.102232E+00  0.974512E-01
  -660.200  0.124606E+00  0.118096E+00  0.110198E+00  0.106999E+00  0.105305E+00  0.998799E-01
  -660.100  0.131998E+00  0.124164E+00  0.115102E+00  0.111472E+00  0.109556E+00  0.103445E+00
  -660.000  0.140715E+00  0.131573E+00  0.121317E+00  0.117238E+00  0.115089E+00  0.108251E+00
  -659.900  0.150834E+00  0.140410E+00  0.128937E+00  0.124393E+00  0.122001E+00  0.114398E+00
  -659.800  0.162420E+00  0.150751E+00  0.138046E+00  0.133022E+00  0.130379E+00  0.121976E+00
  -659.700  0.175520E+00  0.162655E+00  0.148712E+00  0.143197E+00  0.140294E+00  0.131059E+00
  -659.600  0.190162E+00  0.176163E+00  0.160984E+00  0.154969E+00  0.151801E+00  0.141707E+00
  -659.500  0.206347E+00  0.191289E+00  0.174886E+00  0.168368E+00  0.164930E+00  0.153956E+00
  -659.400  0.224041E+00  0.208016E+00  0.190415E+00  0.183393E+00  0.179684E+00  0.167815E+00
  -659.300  0.243177E+00  0.226294E+00  0.207536E+00  0.200015E+00  0.196035E+00  0.183266E+00
  -659.200  0.263646E+00  0.246034E+00  0.226175E+00  0.218168E+00  0.213921E+00  0.200257E+00
  -659.100  0.285298E+00  0.267106E+00  0.246225E+00  0.237750E+00  0.233244E+00  0.218702E+00
  -659.000  0.307940E+00  0.289341E+00  0.267536E+00  0.258622E+00  0.253870E+00  0.238481E+00
  -658.900  0.331339E+00  0.312532E+00  0.289926E+00  0.280609E+00  0.275628E+00  0.259439E+00
  -658.800  0.355229E+00  0.336435E+00  0.313175E+00  0.303502E+00  0.298315E+00  0.281389E+00
  -658.700  0.379311E+00  0.360778E+00  0.337036E+00  0.327064E+00  0.321700E+00  0.304119E+00
  -658.600  0.403267E+00  0.385264E+00  0.361239E+00  0.351036E+00  0.345527E+00  0.327391E+00
  -658.500  0.426764E+00  0.409582E+00  0.385496E+00  0.375138E+00  0.369524E+00  0.350950E+00
  -658.400  0.449471E+00  0.433416E+00  0.409511E+00  0.399085E+00  0.393408E+00  0.374530E+00
  -658.300  0.471062E+00  0.456451E+00  0.432987E+00  0.422585E+00  0.416895E+00  0.397858E+00
  -658.200  0.491232E+00  0.478386E+00  0.455632E+00  0.445355E+00  0.439702E+00  0.420665E+00
  -658.100  0.509703E+00  0.498939E+00  0.477170E+00  0.467119E+00  0.461556E+00  0.442686E+00
  -658.000  0.526231E+00  0.517853E+00  0.497341E+00  0.487620E+00  0.482201E+00  0.463668E+00
  -657.900  0.540613E+00  0.534903E+00  0.515912E+00  0.506622E+00  0.501400E+00  0.483371E+00
  -657.800  0.552692E+00  0.549899E+00  0.532674E+00  0.523910E+00  0.518936E+00  0.501576E+00
  -657.700  0.562357E+00  0.562689E+00  0.547447E+00  0.539299E+00  0.534619E+00  0.518079E+00
  -657.600  0.569541E+00  0.573157E+00  0.560082E+00  0.552626E+00  0.548283E+00  0.532701E+00
  -657.500  0.574224E+00  0.581222E+00  0.570459E+00  0.563758E+00  0.559787E+00  0.545282E+00
  -657.400  0.576424E+00  0.586840E+00  0.578486E+00  0.572589E+00  0.569016E+00  0.555684E+00
  -657.300  0.576200E+00  0.590000E+00  0.584100E+00  0.579038E+00  0.575883E+00  0.563794E+00
  -657.200  0.573643E+00  0.590720E+00  0.587268E+00  0.583054E+00  0.580326E+00  0.569523E+00
  -657.100  0.568876E+00  0.589050E+00  0.587984E+00  0.584610E+00  0.582309E+00  0.572806E+00
  -657.000  0.562047E+00  0.585067E+00  0.586269E+00  0.583711E+00  0.581827E+00  0.573610E+00
  -656.900  0.553330E+00  0.578876E+00  0.582178E+00  0.580391E+00  0.578906E+00  0.571931E+00
  -656.800  0.542921E+00  0.570611E+00  0.575794E+00  0.574718E+00  0.573603E+00  0.567801E+00
  -656.700  0.531037E+00  0.560433E+00  0.567235E+00  0.566792E+00  0.566013E+00  0.561291E+00
  -656.600  0.517916E+00  0.548533E+00  0.556653E+00  0.556755E+00  0.556268E+00  0.552509E+00
  -656.500  0.503812E+00  0.535130E+00  0.544239E+00  0.544782E+00  0.544539E+00  0.541610E+00
  -656.400  0.488999E+00  0.520471E+00  0.530216E+00  0.531090E+00  0.531038E+00  0.528792E+00
  -656.300  0.473763E+00  0.504832E+00  0.514845E+00  0.515936E+00  0.516019E+00  0.514295E+00
  -656.200  0.458404E+00  0.488513E+00  0.498422E+00  0.499610E+00  0.499770E+00  0.498405E+00
  -656.100  0.443230E+00  0.471834E+00  0.481272E+00  0.482438E+00  0.482618E+00  0.481445E+00
  -656.000  0.428553E+00  0.455133E+00  0.463746E+00  0.464774E+00  0.464917E+00  0.463774E+00
  -655.900  0.414680E+00  0.438759E+00  0.446213E+00  0.446995E+00  0.447047E+00  0.445776E+00
  -655.800  0.401911E+00  0.423061E+00  0.429055E+00  0.429492E+00  0.429403E+00  0.427860E+00
  -655.700  0.390530E+00  0.408388E+00  0.412659E+00  0.412661E+00  0.412389E+00  0.410444E+00
  -655.600  0.380797E+00  0.395071E+00  0.397404E+00  0.396899E+00  0.396405E+00  0.393949E+00
  -655.500  0.372943E+00  0.383424E+00  0.383655E+00  0.382586E+00  0.381843E+00  0.378789E+00
  -655.400  0.367161E+00  0.373731E+00  0.371756E+00  0.370084E+00  0.369071E+00  0.365358E+00
  -655.300  0.363601E+00  0.366236E+00  0.362015E+00  0.359722E+00  0.358431E+00  0.354026E+00
  -655.200  0.362369E+00  0.361143E+00  0.354699E+00  0.351789E+00  0.350220E+00  0.345121E+00
  -655.100  0.363519E+00  0.358604E+00  0.350030E+00  0.346528E+00  0.344692E+00  0.338928E+00
  -655.000  0.367050E+00  0.358716E+00  0.348169E+00  0.344123E+00  0.342042E+00  0.335674E+00
  -654.900  0.372912E+00  0.361519E+00  0.349221E+00  0.344697E+00  0.342405E+00  0.335524E+00
  -654.800  0.380998E+00  0.366990E+00  0.353221E+00  0.348308E+00  0.345846E+00  0.338572E+00
  -654.700  0.391150E+00  0.375045E+00  0.360137E+00  0.354941E+00  0.352361E+00  0.344839E+00
  -654.600  0.403161E+00  0.385537E+00  0.369868E+00  0.364508E+00  0.361867E+00  0.354266E+00
  -654.500  0.416778E+00  0.398258E+00  0.382238E+00  0.376846E+00  0.374209E+00  0.366714E+00
  -654.400  0.431708E+00  0.412943E+00  0.397004E+00  0.391720E+00  0.389156E+00  0.381962E+00
  -654.300  0.447620E+00  0.429272E+00  0.413857E+00  0.408823E+00  0.406402E+00  0.399713E+00
  -654.200  0.464155E+00  0.446879E+00  0.432428E+00  0.427787E+00  0.425578E+00  0.419596E+00
  -654.100  0.480931E+00  0.465355E+00  0.452294E+00  0.448184E+00  0.446254E+00  0.441176E+00
  -654.000  0.497552E+00  0.484262E+00  0.472989E+00  0.469539E+00  0.467953E+00  0.463961E+00
  -653.900  0.513616E+00  0.503142E+00  0.494016E+00  0.491343E+00  0.490158E+00  0.487417E+00
  -653.800  0.528726E+00  0.521526E+00  0.514861E+00  0.513066E+00  0.512331E+00  0.510986E+00
  -653.700  0.542500E+00  0.538950E+00  0.535006E+00  0.534173E+00  0.533928E+00  0.534094E+00
  -653.600  0.554578E+00  0.554968E+00  0.553945E+00  0.554137E+00  0.554415E+00  0.556180E+00
  -653.500  0.564637E+00  0.569167E+00  0.571201E+00  0.572462E+00  0.573283E+00  0.576706E+00
  -653.400  0.572398E+00  0.581174E+00  0.586342E+00  0.588695E+00  0.590069E+00  0.595177E+00
  -653.300  0.577637E+00  0.590677E+00  0.598994E+00  0.602441E+00  0.604369E+00  0.611162E+00
  -653.200  0.580190E+00  0.597428E+00  0.608852E+00  0.613378E+00  0.615850E+00  0.624299E+00
  -653.100  0.579960E+00  0.601256E+00  0.615694E+00  0.621265E+00  0.624266E+00  0.634319E+00
  -653.000  0.576920E+00  0.602067E+00  0.619382E+00  0.625952E+00  0.629457E+00  0.641040E+00
  -652.900  0.571115E+00  0.599854E+00  0.619872E+00  0.627381E+00  0.631361E+00  0.644384E+00
  -652.800  0.562661E+00  0.594688E+00  0.617207E+00  0.625586E+00  0.630007E+00  0.644368E+00
  -652.700  0.551737E+00  0.586719E+00  0.611515E+00  0.620690E+00  0.625514E+00  0.641101E+00
  -652.600  0.538580E+00  0.576166E+00  0.603004E+00  0.612896E+00  0.618083E+00  0.634779E+00
  -652.500  0.523480E+00  0.563307E+00  0.591945E+00  0.602474E+00  0.607984E+00  0.625671E+00
  -652.400  0.506760E+00  0.548468E+00  0.578664E+00  0.589749E+00  0.595544E+00  0.614103E+00
  -652.300  0.488771E+00  0.532008E+00  0.563526E+00  0.575089E+00  0.581128E+00  0.600445E+00
  -652.200  0.469877E+00  0.514303E+00  0.546915E+00  0.558880E+00  0.565127E+00  0.585090E+00
  -652.100  0.450437E+00  0.495732E+00  0.529222E+00  0.541517E+00  0.547935E+00  0.568440E+00
  -652.000  0.430800E+00  0.476662E+00  0.510825E+00  0.523384E+00  0.529940E+00  0.550885E+00
  -651.900  0.411285E+00  0.457435E+00  0.492081E+00  0.504839E+00  0.511501E+00  0.532793E+00
  -651.800  0.392179E+00  0.438355E+00  0.473307E+00  0.486204E+00  0.492942E+00  0.514492E+00
  -651.700  0.373721E+00  0.419683E+00  0.454773E+00  0.467754E+00  0.474541E+00  0.496262E+00
  -651.600  0.356101E+00  0.401625E+00  0.436699E+00  0.449710E+00  0.456518E+00  0.478329E+00
  -651.500  0.339458E+00  0.384333E+00  0.419243E+00  0.432235E+00  0.439038E+00  0.460860E+00
  -651.400  0.323876E+00  0.367904E+00  0.402511E+00  0.415433E+00  0.422208E+00  0.443964E+00
  -651.300  0.309387E+00  0.352380E+00  0.386548E+00  0.399356E+00  0.406078E+00  0.427693E+00
  -651.200  0.295975E+00  0.337753E+00  0.371355E+00  0.384002E+00  0.390647E+00  0.412048E+00
  -651.100  0.283584E+00  0.323975E+00  0.356885E+00  0.369327E+00  0.375874E+00  0.396987E+00
  -651.000  0.272124E+00  0.310961E+00  0.343060E+00  0.355254E+00  0.361680E+00  0.382435E+00
  -650.900  0.261478E+00  0.298604E+00  0.329776E+00  0.341681E+00  0.347963E+00  0.368290E+00
  -650.800  0.251512E+00  0.286781E+00  0.316914E+00  0.328489E+00  0.334608E+00  0.354441E+00
  -650.700  0.242086E+00  0.275360E+00  0.304352E+00  0.315560E+00  0.321494E+00  0.340769E+00
  -650.600  0.233059E+00  0.264216E+00  0.291970E+00  0.302775E+00  0.308507E+00  0.327162E+00
  -650.500  0.224296E+00  0.253231E+00  0.279661E+00  0.290031E+00  0.295543E+00  0.313524E+00
  -650.400  0.215678E+00  0.242306E+00  0.267336E+00  0.277241E+00  0.282519E+00  0.299774E+00
  -650.300  0.207103E+00  0.231361E+00  0.254929E+00  0.264343E+00  0.269373E+00  0.285858E+00
  -650.200  0.198490E+00  0.220340E+00  0.242396E+00  0.251300E+00  0.256070E+00  0.271747E+00
  -650.100  0.189785E+00  0.209213E+00  0.229723E+00  0.238100E+00  0.242601E+00  0.257439E+00
  -650.000  0.180952E+00  0.197972E+00  0.216918E+00  0.224756E+00  0.228982E+00  0.242958E+00
  -649.900  0.171983E+00  0.186635E+00  0.204012E+00  0.211306E+00  0.215252E+00  0.228351E+00
  -649.800  0.162888E+00  0.175237E+00  0.191057E+00  0.197805E+00  0.201470E+00  0.213684E+00
  -649.700  0.153695E+00  0.163829E+00  0.178119E+00  0.184326E+00  0.187710E+00  0.199039E+00
  -649.600  0.144448E+00  0.152477E+00  0.165277E+00  0.170949E+00  0.174058E+00  0.184509E+00
  -649.500  0.135202E+00  0.141251E+00  0.152614E+00  0.157765E+00  0.160603E+00  0.170190E+00
  -649.400  0.126017E+00  0.130228E+00  0.140216E+00  0.144863E+00  0.147437E+00  0.156183E+00
  -649.300  0.116960E+00  0.119482E+00  0.128168E+00  0.132331E+00  0.134652E+00  0.142583E+00
  -649.200  0.108095E+00  0.109086E+00  0.116550E+00  0.120252E+00  0.122330E+00  0.129478E+00
  -649.100  0.994863E-01  0.991048E-01  0.105431E+00  0.108697E+00  0.110545E+00  0.116947E+00
  -649.000  0.911903E-01  0.895960E-01  0.948717E-01  0.977303E-01  0.993618E-01  0.105059E+00
  -648.900  0.832580E-01  0.806065E-01  0.849216E-01  0.874011E-01  0.888304E-01  0.938654E-01
  -648.800  0.757315E-01  0.721723E-01  0.756168E-01  0.777465E-01  0.789884E-01  0.834072E-01
  -648.700  0.686433E-01  0.643184E-01  0.669807E-01  0.687904E-01  0.698600E-01  0.737093E-01
  -648.600  0.620164E-01  0.570585E-01  0.590247E-01  0.605440E-01  0.614565E-01  0.647836E-01
  -648.500  0.558639E-01  0.503960E-01  0.517488E-01  0.530066E-01  0.537770E-01  0.566288E-01
  -648.400  0.501899E-01  0.443246E-01  0.451424E-01  0.461670E-01  0.468097E-01  0.492325E-01
  -648.300  0.449900E-01  0.388294E-01  0.391862E-01  0.400043E-01  0.405333E-01  0.425720E-01
  -648.200  0.402524E-01  0.338886E-01  0.338531E-01  0.344902E-01  0.349190E-01  0.366162E-01
  -648.100  0.359591E-01  0.294745E-01  0.291102E-01  0.295901E-01  0.299311E-01  0.313275E-01
  -648.000  0.320874E-01  0.255550E-01  0.249200E-01  0.252648E-01  0.255297E-01  0.266632E-01
  -647.900  0.286114E-01  0.220952E-01  0.212418E-01  0.214719E-01  0.216715E-01  0.225772E-01
  -647.800  0.255028E-01  0.190583E-01  0.180336E-01  0.181672E-01  0.183113E-01  0.190214E-01
  -647.700  0.227328E-01  0.164071E-01  0.152525E-01  0.153062E-01  0.154036E-01  0.159472E-01
  -647.600  0.202732E-01  0.141049E-01  0.128563E-01  0.128447E-01  0.129032E-01  0.133064E-01
  -647.500  0.180971E-01  0.121164E-01  0.108043E-01  0.107400E-01  0.107666E-01  0.110523E-01
  -647.400  0.161803E-01  0.104083E-01  0.905769E-02  0.895158E-02  0.895220E-02  0.914057E-02
  -647.300  0.145017E-01  0.895017E-02  0.758050E-02  0.744158E-02  0.742121E-02  0.752938E-02
  -647.200  0.130441E-01  0.771461E-02  0.633973E-02  0.617518E-02  0.613793E-02  0.618027E-02
  -647.100  0.117944E-01  0.667760E-02  0.530565E-02  0.512089E-02  0.506998E-02  0.505820E-02
  -647.000  0.107439E-01  0.581866E-02  0.445194E-02  0.425065E-02  0.418844E-02  0.413167E-02
  -646.900  0.988863E-02  0.512090E-02  0.375570E-02  0.353981E-02  0.346784E-02  0.337277E-02
  -646.800  0.922877E-02  0.457092E-02  0.319737E-02  0.296710E-02  0.288606E-02  0.275704E-02
  -646.700  0.876894E-02  0.415869E-02  0.276057E-02  0.251442E-02  0.242422E-02  0.226333E-02
  -646.600  0.851764E-02  0.387729E-02  0.243189E-02  0.216667E-02  0.206644E-02  0.187359E-02
  -646.500  0.848686E-02  0.372267E-02  0.220065E-02  0.191150E-02  0.179958E-02  0.157262E-02
  -646.400  0.869141E-02  0.369320E-02  0.205859E-02  0.173897E-02  0.161298E-02  0.134775E-02
  -646.300  0.914826E-02  0.378934E-02  0.199954E-02  0.164132E-02  0.149813E-02  0.118860E-02
  -646.200  0.987561E-02  0.401307E-02  0.201908E-02  0.161256E-02  0.144838E-02  0.108673E-02
  -646.100  0.108918E-01  0.436745E-02  0.211417E-02  0.164821E-02  0.145859E-02  0.103535E-02
  -646.000  0.122144E-01  0.485595E-02  0.228276E-02  0.174488E-02  0.152480E-02  0.102904E-02
  -645.900  0.138585E-01  0.548188E-02  0.252340E-02  0.190001E-02  0.164394E-02  0.106345E-02
  -645.800  0.158356E-01  0.624773E-02  0.283486E-02  0.211144E-02  0.181347E-02  0.113503E-02
  -645.700  0.181523E-01  0.715447E-02  0.321572E-02  0.237717E-02  0.203110E-02  0.124077E-02
  -645.600  0.208085E-01  0.820097E-02  0.366401E-02  0.269497E-02  0.229448E-02  0.137798E-02
  -645.500  0.237965E-01  0.938329E-02  0.417687E-02  0.306213E-02  0.260096E-02  0.154404E-02
  -645.400  0.270995E-01  0.106942E-01  0.475024E-02  0.347521E-02  0.294733E-02  0.173626E-02
  -645.300  0.306908E-01  0.121229E-01  0.537860E-02  0.392981E-02  0.332965E-02  0.195169E-02
  -645.200  0.345333E-01  0.136543E-01  0.605483E-02  0.442044E-02  0.374310E-02  0.218702E-02
  -645.100  0.385791E-01  0.152692E-01  0.677006E-02  0.494042E-02  0.418189E-02  0.243849E-02
  -645.000  0.427703E-01  0.169446E-01  0.751370E-02  0.548184E-02  0.463923E-02  0.270185E-02
  -644.900  0.470392E-01  0.186534E-01  0.827354E-02  0.603567E-02  0.510739E-02  0.297238E-02
  -644.800  0.513101E-01  0.203653E-01  0.903592E-02  0.659184E-02  0.557780E-02  0.324490E-02
  -644.700  0.555010E-01  0.220475E-01  0.978609E-02  0.713949E-02  0.604121E-02  0.351389E-02
  -644.600  0.595261E-01  0.236654E-01  0.105085E-01  0.766722E-02  0.648794E-02  0.377361E-02
  -644.500  0.632984E-01  0.251841E-01  0.111875E-01  0.816347E-02  0.690815E-02  0.401825E-02
  -644.400  0.667328E-01  0.265690E-01  0.118074E-01  0.861684E-02  0.729219E-02  0.424210E-02
  -644.300  0.697490E-01  0.277875E-01  0.123537E-01  0.901655E-02  0.763087E-02  0.443975E-02
  -644.200  0.722747E-01  0.288102E-01  0.128129E-01  0.935277E-02  0.791588E-02  0.460630E-02
  -644.100  0.742483E-01  0.296117E-01  0.131735E-01  0.961709E-02  0.814003E-02  0.473751E-02
  -644.000  0.756214E-01  0.301719E-01  0.134265E-01  0.980276E-02  0.829762E-02  0.483001E-02
  -643.900  0.763610E-01  0.304769E-01  0.135654E-01  0.990504E-02  0.838460E-02  0.488137E-02
  -643.800  0.764502E-01  0.305195E-01  0.135867E-01  0.992136E-02  0.839875E-02  0.489028E-02
  -643.700  0.758893E-01  0.302990E-01  0.134901E-01  0.985140E-02  0.833980E-02  0.485652E-02
  -643.600  0.746956E-01  0.298221E-01  0.132784E-01  0.969713E-02  0.820940E-02  0.478104E-02
  -643.500  0.729023E-01  0.291017E-01  0.129572E-01  0.946270E-02  0.801104E-02  0.466583E-02
  -643.400  0.705571E-01  0.281568E-01  0.125350E-01  0.915425E-02  0.774993E-02  0.451390E-02
  -643.300  0.677202E-01  0.270116E-01  0.120225E-01  0.877965E-02  0.743270E-02  0.432912E-02
  -643.200  0.644616E-01  0.256944E-01  0.114324E-01  0.834815E-02  0.706721E-02  0.411606E-02
  -643.100  0.608581E-01  0.242363E-01  0.107788E-01  0.787001E-02  0.666214E-02  0.387979E-02
  -643.000  0.569907E-01  0.226704E-01  0.100764E-01  0.735610E-02  0.622671E-02  0.362568E-02
  -642.900  0.529412E-01  0.210301E-01  0.934043E-02  0.681748E-02  0.577030E-02  0.335924E-02
  -642.800  0.487897E-01  0.193482E-01  0.858562E-02  0.626504E-02  0.530214E-02  0.308586E-02
  -642.700  0.446120E-01  0.176559E-01  0.782610E-02  0.570910E-02  0.483100E-02  0.281068E-02
  -642.600  0.404773E-01  0.159817E-01  0.707481E-02  0.515918E-02  0.436494E-02  0.253845E-02
  -642.500  0.364471E-01  0.143508E-01  0.634320E-02  0.462369E-02  0.391112E-02  0.227335E-02
  -642.400  0.325733E-01  0.127849E-01  0.564105E-02  0.410982E-02  0.347563E-02  0.201896E-02
  -642.300  0.288984E-01  0.113014E-01  0.497630E-02  0.362339E-02  0.306343E-02  0.177821E-02
  -642.200  0.254547E-01  0.991353E-02  0.435500E-02  0.316886E-02  0.267829E-02  0.155333E-02
  -642.100  0.222647E-01  0.863073E-02  0.378138E-02  0.274933E-02  0.232287E-02  0.134585E-02
  -642.000  0.193423E-01  0.745851E-02  0.325794E-02  0.236666E-02  0.199872E-02  0.115672E-02
  -641.900  0.166927E-01  0.639900E-02  0.278563E-02  0.202153E-02  0.170643E-02  0.986267E-03
  -641.800  0.143146E-01  0.545135E-02  0.236402E-02  0.171362E-02  0.144574E-02  0.834345E-03
  -641.700  0.122004E-01  0.461227E-02  0.199159E-02  0.144180E-02  0.121567E-02  0.700380E-03
  -641.600  0.103382E-01  0.387653E-02  0.166588E-02  0.120427E-02  0.101469E-02  0.583470E-03
  -641.500  0.871229E-02  0.323742E-02  0.138379E-02  0.998728E-03  0.840860E-03  0.482465E-03
  -641.400  0.730504E-02  0.268728E-02  0.114178E-02  0.822569E-03  0.691945E-03  0.396051E-03
  -641.300  0.609722E-02  0.221789E-02  0.936053E-03  0.672982E-03  0.565560E-03  0.322821E-03
  -641.200  0.506920E-02  0.182084E-02  0.762714E-03  0.547103E-03  0.459267E-03  0.261335E-03
  -641.100  0.420150E-02  0.148781E-02  0.617933E-03  0.442101E-03  0.370661E-03  0.210174E-03
  -641.000  0.347539E-02  0.121083E-02  0.498034E-03  0.355265E-03  0.297434E-03  0.167977E-03
  -640.900  0.287319E-02  0.982396E-03  0.399575E-03  0.284061E-03  0.237432E-03  0.133473E-03
  -640.800  0.237864E-02  0.795644E-03  0.319403E-03  0.226163E-03  0.188678E-03  0.105497E-03
  -640.700  0.197691E-02  0.644360E-03  0.254678E-03  0.179483E-03  0.149397E-03  0.830056E-04
  -640.600  0.165476E-02  0.523023E-03  0.202886E-03  0.142171E-03  0.118018E-03  0.650741E-04
  -640.500  0.140041E-02  0.426790E-03  0.161833E-03  0.112617E-03  0.931745E-04  0.508999E-04
  -640.400  0.120354E-02  0.351459E-03  0.129628E-03  0.894339E-04  0.736897E-04  0.397944E-04
  -640.300  0.105514E-02  0.293424E-03  0.104658E-03  0.714435E-04  0.585655E-04  0.311742E-04
  -640.200  0.947376E-03  0.249612E-03  0.855667E-04  0.576549E-04  0.469633E-04  0.245513E-04
  -640.100  0.873437E-03  0.217420E-03  0.712160E-04  0.472418E-04  0.381851E-04  0.195208E-04
  -640.000  0.827409E-03  0.194649E-03  0.606620E-04  0.395210E-04  0.316547E-04  0.157508E-04
  -639.900  0.804129E-03  0.179449E-03  0.531241E-04  0.339307E-04  0.268997E-04  0.129706E-04
  -639.800  0.799066E-03  0.170260E-03  0.479592E-04  0.300109E-04  0.235344E-04  0.000000E+00
  -639.700  0.808221E-03  0.165762E-03  0.446381E-04  0.273863E-04  0.212453E-04  0.000000E+00
  -639.600  0.828038E-03  0.164837E-03  0.427251E-04  0.257508E-04  0.197777E-04  0.000000E+00
  -639.500  0.855341E-03  0.166530E-03  0.418613E-04  0.248545E-04  0.189251E-04  0.000000E+00
  -639.400  0.887283E-03  0.170026E-03  0.417500E-04  0.244938E-04  0.185196E-04  0.000000E+00
  -639.300  0.921319E-03  0.174624E-03  0.421459E-04  0.245018E-04  0.184250E-04  0.000000E+00
  -639.200  0.955181E-03  0.179725E-03  0.428457E-04  0.247424E-04  0.185305E-04  0.000000E+00
  -639.100  0.986878E-03  0.184818E-03  0.436817E-04  0.251044E-04  0.187465E-04  0.000000E+00
  -639.000  0.101469E-02  0.189473E-03  0.445167E-04  0.254979E-04  0.190007E-04  0.000000E+00
  -638.900  0.103718E-02  0.193335E-03  0.452399E-04  0.258509E-04  0.192355E-04  0.000000E+00
  -638.800  0.105319E-02  0.196125E-03  0.457642E-04  0.261073E-04  0.194062E-04  0.000000E+00
  -638.700  0.106186E-02  0.197627E-03  0.460244E-04  0.262249E-04  0.194794E-04  0.000000E+00
  -638.600  0.106261E-02  0.197699E-03  0.459748E-04  0.261741E-04  0.194313E-04  0.000000E+00
  -638.500  0.105516E-02  0.196257E-03  0.455879E-04  0.259368E-04  0.192474E-04  0.000000E+00
  -638.400  0.103951E-02  0.193281E-03  0.448529E-04  0.255049E-04  0.189207E-04  0.000000E+00
  -638.300  0.101590E-02  0.188806E-03  0.437737E-04  0.248795E-04  0.184516E-04  0.000000E+00
  -638.200  0.984806E-03  0.182914E-03  0.423674E-04  0.240694E-04  0.178462E-04  0.000000E+00
  -638.100  0.946918E-03  0.175731E-03  0.406621E-04  0.230901E-04  0.171158E-04  0.000000E+00
  -638.000  0.903079E-03  0.167418E-03  0.386945E-04  0.219623E-04  0.162756E-04  0.000000E+00
  -637.900  0.854256E-03  0.158159E-03  0.365081E-04  0.207108E-04  0.153439E-04  0.000000E+00
  -637.800  0.801497E-03  0.148158E-03  0.341507E-04  0.193627E-04  0.143409E-04  0.000000E+00
  -637.700  0.745889E-03  0.137624E-03  0.316721E-04  0.179464E-04  0.132878E-04  0.000000E+00
  -637.600  0.688516E-03  0.126769E-03  0.291221E-04  0.164906E-04  0.122056E-04  0.000000E+00
  -637.500  0.630425E-03  0.115794E-03  0.265488E-04  0.150225E-04  0.000000E+00  0.000000E+00
  -637.400  0.572592E-03  0.104888E-03  0.239967E-04  0.135677E-04  0.000000E+00  0.000000E+00
  -637.300  0.515899E-03  0.942215E-04  0.215058E-04  0.121490E-04  0.000000E+00  0.000000E+00
  -637.200  0.461111E-03  0.839404E-04  0.191105E-04  0.000000E+00  0.000000E+00  0.000000E+00
  -637.100  0.408871E-03  0.741660E-04  0.168389E-04  0.000000E+00  0.000000E+00  0.000000E+00
  -637.000  0.359684E-03  0.649933E-04  0.147128E-04  0.000000E+00  0.000000E+00  0.000000E+00
  -636.900  0.313926E-03  0.564911E-04  0.127479E-04  0.000000E+00  0.000000E+00  0.000000E+00
  -636.800  0.271847E-03  0.487032E-04  0.000000E+00  0.000000E+00  0.000000E+00  0.000000E+00
  -636.700  0.233576E-03  0.416503E-04  0.000000E+00  0.000000E+00  0.000000E+00  0.000000E+00
  -636.600  0.199140E-03  0.353331E-04  0.000000E+00  0.000000E+00  0.000000E+00  0.000000E+00
  -636.500  0.168473E-03  0.297350E-04  0.000000E+00  0.000000E+00  0.000000E+00  0.000000E+00
  -636.400  0.141437E-03  0.248254E-04  0.000000E+00  0.000000E+00  0.000000E+00  0.000000E+00
  -636.300  0.117836E-03  0.205629E-04  0.000000E+00  0.000000E+00  0.000000E+00  0.000000E+00
  -636.200  0.974304E-04  0.168988E-04  0.000000E+00  0.000000E+00  0.000000E+00  0.000000E+00
  -636.100  0.799519E-04  0.137794E-04  0.000000E+00  0.000000E+00  0.000000E+00  0.000000E+00
  -636.000  0.651181E-04  0.000000E+00  0.000000E+00  0.000000E+00  0.000000E+00  0.000000E+00
  -635.900  0.526423E-04  0.000000E+00  0.000000E+00  0.000000E+00  0.000000E+00  0.000000E+00
  -635.800  0.422423E-04  0.000000E+00  0.000000E+00  0.000000E+00  0.000000E+00  0.000000E+00
  -635.700  0.336483E-04  0.000000E+00  0.000000E+00  0.000000E+00  0.000000E+00  0.000000E+00
  -635.600  0.266073E-04  0.000000E+00  0.000000E+00  0.000000E+00  0.000000E+00  0.000000E+00
  -635.500  0.208874E-04  0.000000E+00  0.000000E+00  0.000000E+00  0.000000E+00  0.000000E+00
  -635.400  0.162794E-04  0.000000E+00  0.000000E+00  0.000000E+00  0.000000E+00  0.000000E+00
  -635.300  0.125974E-04  0.000000E+00  0.000000E+00  0.000000E+00  0.000000E+00  0.000000E+00
  -635.200  0.000000E+00  0.000000E+00  0.000000E+00  0.000000E+00  0.000000E+00  0.000000E+00
  -635.100  0.000000E+00  0.000000E+00  0.000000E+00  0.000000E+00  0.000000E+00  0.000000E+00
  -635.000  0.000000E+00  0.000000E+00  0.000000E+00  0.000000E+00  0.000000E+00  0.000000E+00
  -634.900  0.000000E+00  0.000000E+00  0.000000E+00  0.000000E+00  0.000000E+00  0.000000E+00
  -634.800  0.000000E+00  0.000000E+00  0.000000E+00  0.000000E+00  0.000000E+00  0.000000E+00
  -634.700  0.000000E+00  0.000000E+00  0.000000E+00  0.000000E+00  0.000000E+00  0.000000E+00
  -634.600  0.000000E+00  0.000000E+00  0.000000E+00  0.000000E+00  0.000000E+00  0.000000E+00
  -634.500  0.000000E+00  0.000000E+00  0.000000E+00  0.000000E+00  0.000000E+00  0.000000E+00
  -634.400  0.000000E+00  0.000000E+00  0.000000E+00  0.000000E+00  0.000000E+00  0.000000E+00
  -634.300  0.000000E+00  0.000000E+00  0.000000E+00  0.000000E+00  0.000000E+00  0.000000E+00
  -634.200  0.000000E+00  0.000000E+00  0.000000E+00  0.000000E+00  0.000000E+00  0.000000E+00
  -634.100  0.000000E+00  0.000000E+00  0.000000E+00  0.000000E+00  0.000000E+00  0.000000E+00
  -634.000  0.000000E+00  0.000000E+00  0.000000E+00  0.000000E+00  0.000000E+00  0.000000E+00
  -633.900  0.000000E+00  0.000000E+00  0.000000E+00  0.000000E+00  0.000000E+00  0.000000E+00
  -633.800  0.000000E+00  0.000000E+00  0.000000E+00  0.000000E+00  0.000000E+00  0.000000E+00
  -633.700  0.000000E+00  0.000000E+00  0.000000E+00  0.000000E+00  0.000000E+00  0.000000E+00
  -633.600  0.000000E+00  0.000000E+00  0.000000E+00  0.000000E+00  0.000000E+00  0.000000E+00
  -633.500  0.000000E+00  0.000000E+00  0.000000E+00  0.000000E+00  0.000000E+00  0.000000E+00
  -633.400  0.000000E+00  0.000000E+00  0.000000E+00  0.000000E+00  0.000000E+00  0.000000E+00
  -633.300  0.000000E+00  0.000000E+00  0.000000E+00  0.000000E+00  0.000000E+00  0.000000E+00
  -633.200  0.000000E+00  0.000000E+00  0.000000E+00  0.000000E+00  0.000000E+00  0.000000E+00
  -633.100  0.000000E+00  0.000000E+00  0.000000E+00  0.000000E+00  0.000000E+00  0.000000E+00
  -633.000  0.000000E+00  0.000000E+00  0.000000E+00  0.000000E+00  0.000000E+00  0.000000E+00
  -632.900  0.000000E+00  0.000000E+00  0.000000E+00  0.000000E+00  0.000000E+00  0.000000E+00
  -632.800  0.000000E+00  0.000000E+00  0.000000E+00  0.000000E+00  0.000000E+00  0.000000E+00
  -632.700  0.000000E+00  0.000000E+00  0.000000E+00  0.000000E+00  0.000000E+00  0.000000E+00
  -632.600  0.000000E+00  0.000000E+00  0.000000E+00  0.000000E+00  0.000000E+00  0.000000E+00
  -632.500  0.000000E+00  0.000000E+00  0.000000E+00  0.000000E+00  0.000000E+00  0.000000E+00
  -632.400  0.000000E+00  0.000000E+00  0.000000E+00  0.000000E+00  0.000000E+00  0.000000E+00
  -632.300  0.000000E+00  0.000000E+00  0.000000E+00  0.000000E+00  0.000000E+00  0.000000E+00
  -632.200  0.000000E+00  0.000000E+00  0.000000E+00  0.000000E+00  0.000000E+00  0.000000E+00
  -632.100  0.000000E+00  0.000000E+00  0.000000E+00  0.000000E+00  0.000000E+00  0.000000E+00
  -632.000  0.000000E+00  0.000000E+00  0.000000E+00  0.000000E+00  0.000000E+00  0.000000E+00
  -631.900  0.000000E+00  0.000000E+00  0.000000E+00  0.000000E+00  0.000000E+00  0.000000E+00
  -631.800  0.000000E+00  0.000000E+00  0.000000E+00  0.000000E+00  0.000000E+00  0.000000E+00
  -631.700  0.000000E+00  0.000000E+00  0.000000E+00  0.000000E+00  0.000000E+00  0.000000E+00
  -631.600  0.000000E+00  0.000000E+00  0.000000E+00  0.000000E+00  0.000000E+00  0.000000E+00
  -631.500  0.000000E+00  0.000000E+00  0.000000E+00  0.000000E+00  0.000000E+00  0.000000E+00
  -631.400  0.000000E+00  0.000000E+00  0.000000E+00  0.000000E+00  0.000000E+00  0.000000E+00
  -631.300  0.000000E+00  0.000000E+00  0.000000E+00  0.000000E+00  0.000000E+00  0.000000E+00
  -631.200  0.000000E+00  0.000000E+00  0.000000E+00  0.000000E+00  0.000000E+00  0.000000E+00
  -631.100  0.000000E+00  0.000000E+00  0.000000E+00  0.000000E+00  0.000000E+00  0.000000E+00
  -631.000  0.000000E+00  0.000000E+00  0.000000E+00  0.000000E+00  0.000000E+00  0.000000E+00
  -630.900  0.000000E+00  0.000000E+00  0.000000E+00  0.000000E+00  0.000000E+00  0.000000E+00
  -630.800  0.000000E+00  0.000000E+00  0.000000E+00  0.000000E+00  0.000000E+00  0.000000E+00
  -630.700  0.000000E+00  0.000000E+00  0.000000E+00  0.000000E+00  0.000000E+00  0.000000E+00
  -630.600  0.000000E+00  0.000000E+00  0.000000E+00  0.000000E+00  0.000000E+00  0.000000E+00
  -630.500  0.000000E+00  0.000000E+00  0.000000E+00  0.000000E+00  0.000000E+00  0.000000E+00
  -630.400  0.000000E+00  0.000000E+00  0.000000E+00  0.000000E+00  0.000000E+00  0.000000E+00
  -630.300  0.000000E+00  0.000000E+00  0.000000E+00  0.000000E+00  0.000000E+00  0.000000E+00
  -630.200  0.000000E+00  0.000000E+00  0.000000E+00  0.000000E+00  0.000000E+00  0.000000E+00
  -630.100  0.000000E+00  0.000000E+00  0.000000E+00  0.000000E+00  0.000000E+00  0.000000E+00
  -630.000  0.000000E+00  0.000000E+00  0.000000E+00  0.000000E+00  0.000000E+00  0.000000E+00
  -629.900  0.000000E+00  0.000000E+00  0.000000E+00  0.000000E+00  0.000000E+00  0.000000E+00
  -629.800  0.000000E+00  0.000000E+00  0.000000E+00  0.000000E+00  0.000000E+00  0.000000E+00
  -629.700  0.000000E+00  0.000000E+00  0.000000E+00  0.000000E+00  0.000000E+00  0.000000E+00
  -629.600  0.000000E+00  0.000000E+00  0.000000E+00  0.000000E+00  0.000000E+00  0.000000E+00
  -629.500  0.000000E+00  0.000000E+00  0.000000E+00  0.000000E+00  0.000000E+00  0.000000E+00
  -629.400  0.000000E+00  0.000000E+00  0.000000E+00  0.000000E+00  0.000000E+00  0.000000E+00
  -629.300  0.000000E+00  0.000000E+00  0.000000E+00  0.000000E+00  0.000000E+00  0.000000E+00
  -629.200  0.000000E+00  0.000000E+00  0.000000E+00  0.000000E+00  0.000000E+00  0.000000E+00
  -629.100  0.000000E+00  0.000000E+00  0.000000E+00  0.000000E+00  0.000000E+00  0.000000E+00
  -629.000  0.000000E+00  0.000000E+00  0.000000E+00  0.000000E+00  0.000000E+00  0.000000E+00
  -628.900  0.000000E+00  0.000000E+00  0.000000E+00  0.000000E+00  0.000000E+00  0.000000E+00
  -628.800  0.000000E+00  0.000000E+00  0.000000E+00  0.000000E+00  0.000000E+00  0.000000E+00
  -628.700  0.000000E+00  0.000000E+00  0.000000E+00  0.000000E+00  0.000000E+00  0.000000E+00
  -628.600  0.000000E+00  0.000000E+00  0.000000E+00  0.000000E+00  0.000000E+00  0.000000E+00
  -628.500  0.000000E+00  0.000000E+00  0.000000E+00  0.000000E+00  0.000000E+00  0.000000E+00
  -628.400  0.000000E+00  0.000000E+00  0.000000E+00  0.000000E+00  0.000000E+00  0.000000E+00
  -628.300  0.000000E+00  0.000000E+00  0.000000E+00  0.000000E+00  0.000000E+00  0.000000E+00
  -628.200  0.000000E+00  0.000000E+00  0.000000E+00  0.000000E+00  0.000000E+00  0.000000E+00
  -628.100  0.000000E+00  0.000000E+00  0.000000E+00  0.000000E+00  0.000000E+00  0.000000E+00
  -628.000  0.000000E+00  0.000000E+00  0.000000E+00  0.000000E+00  0.000000E+00  0.000000E+00
  -627.900  0.000000E+00  0.000000E+00  0.000000E+00  0.000000E+00  0.000000E+00  0.000000E+00
  -627.800  0.000000E+00  0.000000E+00  0.000000E+00  0.000000E+00  0.000000E+00  0.000000E+00
  -627.700  0.000000E+00  0.000000E+00  0.000000E+00  0.000000E+00  0.000000E+00  0.000000E+00
  -627.600  0.000000E+00  0.000000E+00  0.000000E+00  0.000000E+00  0.000000E+00  0.000000E+00
  -627.500  0.000000E+00  0.000000E+00  0.000000E+00  0.000000E+00  0.000000E+00  0.000000E+00
  -627.400  0.000000E+00  0.000000E+00  0.000000E+00  0.000000E+00  0.000000E+00  0.000000E+00
  -627.300  0.000000E+00  0.000000E+00  0.000000E+00  0.000000E+00  0.000000E+00  0.000000E+00
  -627.200  0.000000E+00  0.000000E+00  0.000000E+00  0.000000E+00  0.000000E+00  0.000000E+00
  -627.100  0.000000E+00  0.000000E+00  0.000000E+00  0.000000E+00  0.000000E+00  0.000000E+00
  -627.000  0.000000E+00  0.000000E+00  0.000000E+00  0.000000E+00  0.000000E+00  0.000000E+00
  -626.900  0.000000E+00  0.000000E+00  0.000000E+00  0.000000E+00  0.000000E+00  0.000000E+00
  -626.800  0.000000E+00  0.000000E+00  0.000000E+00  0.000000E+00  0.000000E+00  0.000000E+00
  -626.700  0.000000E+00  0.000000E+00  0.000000E+00  0.000000E+00  0.000000E+00  0.000000E+00
  -626.600  0.000000E+00  0.000000E+00  0.000000E+00  0.000000E+00  0.000000E+00  0.000000E+00
  -626.500  0.000000E+00  0.000000E+00  0.000000E+00  0.000000E+00  0.000000E+00  0.000000E+00
  -626.400  0.000000E+00  0.000000E+00  0.000000E+00  0.000000E+00  0.000000E+00  0.000000E+00
  -626.300  0.000000E+00  0.000000E+00  0.000000E+00  0.000000E+00  0.000000E+00  0.000000E+00
  -626.200  0.000000E+00  0.000000E+00  0.000000E+00  0.000000E+00  0.000000E+00  0.000000E+00
  -626.100  0.000000E+00  0.000000E+00  0.000000E+00  0.000000E+00  0.000000E+00  0.000000E+00
  -626.000  0.000000E+00  0.000000E+00  0.000000E+00  0.000000E+00  0.000000E+00  0.000000E+00
  -625.900  0.000000E+00  0.000000E+00  0.000000E+00  0.000000E+00  0.000000E+00  0.000000E+00
  -625.800  0.000000E+00  0.000000E+00  0.000000E+00  0.000000E+00  0.000000E+00  0.000000E+00
  -625.700  0.000000E+00  0.000000E+00  0.000000E+00  0.000000E+00  0.000000E+00  0.000000E+00
  -625.600  0.000000E+00  0.000000E+00  0.000000E+00  0.000000E+00  0.000000E+00  0.000000E+00
  -625.500  0.000000E+00  0.000000E+00  0.000000E+00  0.000000E+00  0.000000E+00  0.000000E+00
  -625.400  0.000000E+00  0.000000E+00  0.000000E+00  0.000000E+00  0.000000E+00  0.000000E+00
  -625.300  0.000000E+00  0.000000E+00  0.000000E+00  0.000000E+00  0.000000E+00  0.000000E+00
  -625.200  0.000000E+00  0.000000E+00  0.000000E+00  0.000000E+00  0.000000E+00  0.000000E+00
  -625.100  0.000000E+00  0.000000E+00  0.000000E+00  0.000000E+00  0.000000E+00  0.000000E+00
  -625.000  0.000000E+00  0.000000E+00  0.000000E+00  0.000000E+00  0.000000E+00  0.000000E+00
  -624.900  0.000000E+00  0.000000E+00  0.000000E+00  0.000000E+00  0.000000E+00  0.000000E+00
  -624.800  0.000000E+00  0.000000E+00  0.000000E+00  0.000000E+00  0.000000E+00  0.000000E+00
  -624.700  0.000000E+00  0.000000E+00  0.000000E+00  0.000000E+00  0.000000E+00  0.000000E+00
  -624.600  0.000000E+00  0.000000E+00  0.000000E+00  0.000000E+00  0.000000E+00  0.000000E+00
  -624.500  0.000000E+00  0.000000E+00  0.000000E+00  0.000000E+00  0.000000E+00  0.000000E+00
  -624.400  0.000000E+00  0.000000E+00  0.000000E+00  0.000000E+00  0.000000E+00  0.000000E+00
  -624.300  0.000000E+00  0.000000E+00  0.000000E+00  0.000000E+00  0.000000E+00  0.000000E+00
  -624.200  0.000000E+00  0.000000E+00  0.000000E+00  0.000000E+00  0.000000E+00  0.000000E+00
  -624.100  0.000000E+00  0.000000E+00  0.000000E+00  0.000000E+00  0.000000E+00  0.000000E+00
  -624.000  0.000000E+00  0.000000E+00  0.000000E+00  0.000000E+00  0.000000E+00  0.000000E+00
  -623.900  0.000000E+00  0.000000E+00  0.000000E+00  0.000000E+00  0.000000E+00  0.000000E+00
  -623.800  0.000000E+00  0.000000E+00  0.000000E+00  0.000000E+00  0.000000E+00  0.000000E+00
  -623.700  0.000000E+00  0.000000E+00  0.000000E+00  0.000000E+00  0.000000E+00  0.000000E+00
  -623.600  0.000000E+00  0.000000E+00  0.000000E+00  0.000000E+00  0.000000E+00  0.000000E+00
  -623.500  0.000000E+00  0.000000E+00  0.000000E+00  0.000000E+00  0.000000E+00  0.000000E+00
  -623.400  0.000000E+00  0.000000E+00  0.000000E+00  0.000000E+00  0.000000E+00  0.000000E+00
  -623.300  0.000000E+00  0.000000E+00  0.000000E+00  0.000000E+00  0.000000E+00  0.000000E+00
  -623.200  0.000000E+00  0.000000E+00  0.000000E+00  0.000000E+00  0.000000E+00  0.000000E+00
  -623.100  0.000000E+00  0.000000E+00  0.000000E+00  0.000000E+00  0.000000E+00  0.000000E+00
  -623.000  0.000000E+00  0.000000E+00  0.000000E+00  0.000000E+00  0.000000E+00  0.000000E+00
  -622.900  0.000000E+00  0.000000E+00  0.000000E+00  0.000000E+00  0.000000E+00  0.000000E+00
  -622.800  0.000000E+00  0.000000E+00  0.000000E+00  0.000000E+00  0.000000E+00  0.000000E+00
  -622.700  0.000000E+00  0.000000E+00  0.000000E+00  0.000000E+00  0.000000E+00  0.000000E+00
  -622.600  0.000000E+00  0.000000E+00  0.000000E+00  0.000000E+00  0.000000E+00  0.000000E+00
  -622.500  0.000000E+00  0.000000E+00  0.000000E+00  0.000000E+00  0.000000E+00  0.000000E+00
  -622.400  0.000000E+00  0.000000E+00  0.000000E+00  0.000000E+00  0.000000E+00  0.000000E+00
  -622.300  0.000000E+00  0.000000E+00  0.000000E+00  0.000000E+00  0.000000E+00  0.000000E+00
  -622.200  0.000000E+00  0.000000E+00  0.000000E+00  0.000000E+00  0.000000E+00  0.000000E+00
  -622.100  0.000000E+00  0.000000E+00  0.000000E+00  0.000000E+00  0.000000E+00  0.000000E+00
  -622.000  0.000000E+00  0.000000E+00  0.000000E+00  0.000000E+00  0.000000E+00  0.000000E+00
  -621.900  0.000000E+00  0.000000E+00  0.000000E+00  0.000000E+00  0.000000E+00  0.000000E+00
  -621.800  0.000000E+00  0.000000E+00  0.000000E+00  0.000000E+00  0.000000E+00  0.000000E+00
  -621.700  0.000000E+00  0.000000E+00  0.000000E+00  0.000000E+00  0.000000E+00  0.000000E+00
  -621.600  0.000000E+00  0.000000E+00  0.000000E+00  0.000000E+00  0.000000E+00  0.000000E+00
  -621.500  0.000000E+00  0.000000E+00  0.000000E+00  0.000000E+00  0.000000E+00  0.000000E+00
  -621.400  0.000000E+00  0.000000E+00  0.000000E+00  0.000000E+00  0.000000E+00  0.000000E+00
  -621.300  0.000000E+00  0.000000E+00  0.000000E+00  0.000000E+00  0.000000E+00  0.000000E+00
  -621.200  0.000000E+00  0.000000E+00  0.000000E+00  0.000000E+00  0.000000E+00  0.000000E+00
  -621.100  0.000000E+00  0.000000E+00  0.000000E+00  0.000000E+00  0.000000E+00  0.000000E+00
  -621.000  0.000000E+00  0.000000E+00  0.000000E+00  0.000000E+00  0.000000E+00  0.000000E+00
  -620.900  0.000000E+00  0.000000E+00  0.000000E+00  0.000000E+00  0.000000E+00  0.000000E+00
  -620.800  0.000000E+00  0.000000E+00  0.000000E+00  0.000000E+00  0.000000E+00  0.000000E+00
  -620.700  0.000000E+00  0.000000E+00  0.000000E+00  0.000000E+00  0.000000E+00  0.000000E+00
  -620.600  0.000000E+00  0.000000E+00  0.000000E+00  0.000000E+00  0.000000E+00  0.000000E+00
  -620.500  0.000000E+00  0.000000E+00  0.000000E+00  0.000000E+00  0.000000E+00  0.000000E+00
  -620.400  0.000000E+00  0.000000E+00  0.000000E+00  0.000000E+00  0.000000E+00  0.000000E+00
  -620.300  0.000000E+00  0.000000E+00  0.000000E+00  0.000000E+00  0.000000E+00  0.000000E+00
  -620.200  0.000000E+00  0.000000E+00  0.000000E+00  0.000000E+00  0.000000E+00  0.000000E+00
  -620.100  0.000000E+00  0.000000E+00  0.000000E+00  0.000000E+00  0.000000E+00  0.000000E+00
  -620.000  0.000000E+00  0.000000E+00  0.000000E+00  0.000000E+00  0.000000E+00  0.000000E+00
