x 300 873 1273 1673  Infinity
  -680.000  0.000000E+00  0.000000E+00  0.000000E+00  0.000000E+00  0.000000E+00
  -679.900  0.000000E+00  0.000000E+00  0.000000E+00  0.000000E+00  0.000000E+00
  -679.800  0.000000E+00  0.000000E+00  0.000000E+00  0.000000E+00  0.000000E+00
  -679.700  0.000000E+00  0.000000E+00  0.000000E+00  0.000000E+00  0.000000E+00
  -679.600  0.000000E+00  0.000000E+00  0.000000E+00  0.000000E+00  0.000000E+00
  -679.500  0.000000E+00  0.000000E+00  0.000000E+00  0.000000E+00  0.000000E+00
  -679.400  0.000000E+00  0.000000E+00  0.000000E+00  0.000000E+00  0.000000E+00
  -679.300  0.000000E+00  0.000000E+00  0.000000E+00  0.000000E+00  0.000000E+00
  -679.200  0.000000E+00  0.000000E+00  0.000000E+00  0.000000E+00  0.000000E+00
  -679.100  0.000000E+00  0.000000E+00  0.000000E+00  0.000000E+00  0.000000E+00
  -679.000  0.000000E+00  0.000000E+00  0.000000E+00  0.000000E+00  0.000000E+00
  -678.900  0.000000E+00  0.000000E+00  0.000000E+00  0.000000E+00  0.000000E+00
  -678.800  0.000000E+00  0.000000E+00  0.000000E+00  0.000000E+00  0.000000E+00
  -678.700  0.000000E+00  0.000000E+00  0.000000E+00  0.000000E+00  0.000000E+00
  -678.600  0.000000E+00  0.000000E+00  0.000000E+00  0.000000E+00  0.000000E+00
  -678.500  0.000000E+00  0.000000E+00  0.000000E+00  0.000000E+00  0.000000E+00
  -678.400  0.000000E+00  0.000000E+00  0.000000E+00  0.000000E+00  0.000000E+00
  -678.300  0.000000E+00  0.000000E+00  0.000000E+00  0.000000E+00  0.000000E+00
  -678.200  0.000000E+00  0.000000E+00  0.000000E+00  0.000000E+00  0.000000E+00
  -678.100  0.000000E+00  0.000000E+00  0.000000E+00  0.000000E+00  0.000000E+00
  -678.000  0.000000E+00  0.000000E+00  0.000000E+00  0.000000E+00  0.000000E+00
  -677.900  0.000000E+00  0.000000E+00  0.000000E+00  0.000000E+00  0.000000E+00
  -677.800  0.000000E+00  0.000000E+00  0.000000E+00  0.000000E+00  0.000000E+00
  -677.700  0.000000E+00  0.000000E+00  0.000000E+00  0.000000E+00  0.000000E+00
  -677.600  0.000000E+00  0.000000E+00  0.000000E+00  0.000000E+00  0.000000E+00
  -677.500  0.000000E+00  0.000000E+00  0.000000E+00  0.000000E+00  0.000000E+00
  -677.400  0.000000E+00  0.000000E+00  0.000000E+00  0.000000E+00  0.000000E+00
  -677.300  0.000000E+00  0.000000E+00  0.000000E+00  0.000000E+00  0.000000E+00
  -677.200  0.000000E+00  0.000000E+00  0.000000E+00  0.000000E+00  0.000000E+00
  -677.100  0.000000E+00  0.000000E+00  0.000000E+00  0.000000E+00  0.000000E+00
  -677.000  0.000000E+00  0.000000E+00  0.000000E+00  0.000000E+00  0.000000E+00
  -676.900  0.000000E+00  0.000000E+00  0.000000E+00  0.000000E+00  0.000000E+00
  -676.800  0.000000E+00  0.000000E+00  0.000000E+00  0.000000E+00  0.000000E+00
  -676.700  0.000000E+00  0.000000E+00  0.000000E+00  0.000000E+00  0.000000E+00
  -676.600  0.000000E+00  0.000000E+00  0.000000E+00  0.000000E+00  0.000000E+00
  -676.500  0.000000E+00  0.000000E+00  0.000000E+00  0.000000E+00  0.000000E+00
  -676.400  0.000000E+00  0.000000E+00  0.000000E+00  0.000000E+00  0.000000E+00
  -676.300  0.000000E+00  0.000000E+00  0.000000E+00  0.000000E+00  0.000000E+00
  -676.200  0.000000E+00  0.000000E+00  0.000000E+00  0.000000E+00  0.000000E+00
  -676.100  0.000000E+00  0.000000E+00  0.000000E+00  0.000000E+00  0.000000E+00
  -676.000  0.000000E+00  0.000000E+00  0.000000E+00  0.000000E+00  0.000000E+00
  -675.900  0.000000E+00  0.000000E+00  0.000000E+00  0.000000E+00  0.000000E+00
  -675.800  0.000000E+00  0.000000E+00  0.000000E+00  0.000000E+00  0.000000E+00
  -675.700  0.000000E+00  0.000000E+00  0.000000E+00  0.000000E+00  0.000000E+00
  -675.600  0.000000E+00  0.000000E+00  0.000000E+00  0.000000E+00  0.000000E+00
  -675.500  0.000000E+00  0.000000E+00  0.000000E+00  0.000000E+00  0.000000E+00
  -675.400  0.000000E+00  0.000000E+00  0.000000E+00  0.000000E+00  0.000000E+00
  -675.300  0.000000E+00  0.000000E+00  0.000000E+00  0.000000E+00  0.000000E+00
  -675.200  0.000000E+00  0.000000E+00  0.000000E+00  0.000000E+00  0.000000E+00
  -675.100  0.000000E+00  0.000000E+00  0.000000E+00  0.000000E+00  0.000000E+00
  -675.000  0.000000E+00  0.000000E+00  0.000000E+00  0.000000E+00  0.000000E+00
  -674.900  0.000000E+00  0.000000E+00  0.000000E+00  0.000000E+00  0.000000E+00
  -674.800  0.000000E+00  0.000000E+00  0.000000E+00  0.000000E+00  0.000000E+00
  -674.700  0.000000E+00  0.000000E+00  0.000000E+00  0.000000E+00  0.000000E+00
  -674.600  0.000000E+00  0.000000E+00  0.000000E+00  0.000000E+00  0.000000E+00
  -674.500  0.000000E+00  0.000000E+00  0.000000E+00  0.000000E+00  0.000000E+00
  -674.400  0.000000E+00  0.000000E+00  0.000000E+00  0.000000E+00  0.000000E+00
  -674.300  0.000000E+00  0.000000E+00  0.000000E+00  0.000000E+00  0.000000E+00
  -674.200  0.000000E+00  0.000000E+00  0.000000E+00  0.000000E+00  0.000000E+00
  -674.100  0.000000E+00  0.000000E+00  0.000000E+00  0.000000E+00  0.000000E+00
  -674.000  0.000000E+00  0.000000E+00  0.000000E+00  0.000000E+00  0.000000E+00
  -673.900  0.000000E+00  0.000000E+00  0.000000E+00  0.000000E+00  0.000000E+00
  -673.800  0.000000E+00  0.000000E+00  0.000000E+00  0.000000E+00  0.000000E+00
  -673.700  0.000000E+00  0.000000E+00  0.000000E+00  0.000000E+00  0.000000E+00
  -673.600  0.000000E+00  0.000000E+00  0.000000E+00  0.000000E+00  0.000000E+00
  -673.500  0.000000E+00  0.000000E+00  0.000000E+00  0.000000E+00  0.000000E+00
  -673.400  0.000000E+00  0.000000E+00  0.000000E+00  0.000000E+00  0.000000E+00
  -673.300  0.000000E+00  0.000000E+00  0.000000E+00  0.000000E+00  0.000000E+00
  -673.200  0.000000E+00  0.000000E+00  0.000000E+00  0.000000E+00  0.000000E+00
  -673.100  0.000000E+00  0.000000E+00  0.000000E+00  0.000000E+00  0.000000E+00
  -673.000  0.000000E+00  0.000000E+00  0.000000E+00  0.000000E+00  0.000000E+00
  -672.900  0.000000E+00  0.000000E+00  0.000000E+00  0.000000E+00  0.000000E+00
  -672.800  0.000000E+00  0.000000E+00  0.000000E+00  0.000000E+00  0.000000E+00
  -672.700  0.000000E+00  0.000000E+00  0.000000E+00  0.000000E+00  0.000000E+00
  -672.600  0.000000E+00  0.000000E+00  0.000000E+00  0.000000E+00  0.000000E+00
  -672.500  0.000000E+00  0.000000E+00  0.000000E+00  0.000000E+00  0.000000E+00
  -672.400  0.000000E+00  0.000000E+00  0.000000E+00  0.000000E+00  0.000000E+00
  -672.300  0.000000E+00  0.000000E+00  0.000000E+00  0.000000E+00  0.000000E+00
  -672.200  0.000000E+00  0.000000E+00  0.000000E+00  0.000000E+00  0.000000E+00
  -672.100  0.000000E+00  0.000000E+00  0.000000E+00  0.000000E+00  0.000000E+00
  -672.000  0.000000E+00  0.000000E+00  0.000000E+00  0.000000E+00  0.000000E+00
  -671.900  0.000000E+00  0.000000E+00  0.000000E+00  0.000000E+00  0.000000E+00
  -671.800  0.000000E+00  0.000000E+00  0.000000E+00  0.000000E+00  0.000000E+00
  -671.700  0.000000E+00  0.000000E+00  0.000000E+00  0.000000E+00  0.000000E+00
  -671.600  0.000000E+00  0.000000E+00  0.000000E+00  0.000000E+00  0.000000E+00
  -671.500  0.000000E+00  0.000000E+00  0.000000E+00  0.000000E+00  0.000000E+00
  -671.400  0.000000E+00  0.000000E+00  0.000000E+00  0.000000E+00  0.000000E+00
  -671.300  0.000000E+00  0.000000E+00  0.000000E+00  0.000000E+00  0.000000E+00
  -671.200  0.000000E+00  0.000000E+00  0.000000E+00  0.000000E+00  0.000000E+00
  -671.100  0.000000E+00  0.000000E+00  0.000000E+00  0.000000E+00  0.000000E+00
  -671.000  0.000000E+00  0.000000E+00  0.000000E+00  0.000000E+00  0.000000E+00
  -670.900  0.000000E+00  0.000000E+00  0.000000E+00  0.000000E+00  0.000000E+00
  -670.800  0.000000E+00  0.000000E+00  0.000000E+00  0.000000E+00  0.000000E+00
  -670.700  0.000000E+00  0.000000E+00  0.000000E+00  0.000000E+00  0.000000E+00
  -670.600  0.000000E+00  0.000000E+00  0.000000E+00  0.000000E+00  0.000000E+00
  -670.500  0.000000E+00  0.000000E+00  0.000000E+00  0.000000E+00  0.000000E+00
  -670.400  0.000000E+00  0.000000E+00  0.000000E+00  0.000000E+00  0.000000E+00
  -670.300  0.000000E+00  0.000000E+00  0.000000E+00  0.000000E+00  0.000000E+00
  -670.200  0.000000E+00  0.000000E+00  0.000000E+00  0.000000E+00  0.000000E+00
  -670.100  0.000000E+00  0.000000E+00  0.000000E+00  0.000000E+00  0.000000E+00
  -670.000  0.000000E+00  0.000000E+00  0.000000E+00  0.000000E+00  0.000000E+00
  -669.900  0.000000E+00  0.000000E+00  0.000000E+00  0.000000E+00  0.000000E+00
  -669.800  0.000000E+00  0.000000E+00  0.000000E+00  0.000000E+00  0.000000E+00
  -669.700  0.000000E+00  0.000000E+00  0.000000E+00  0.000000E+00  0.000000E+00
  -669.600  0.000000E+00  0.000000E+00  0.000000E+00  0.000000E+00  0.000000E+00
  -669.500  0.000000E+00  0.000000E+00  0.000000E+00  0.000000E+00  0.000000E+00
  -669.400  0.000000E+00  0.000000E+00  0.000000E+00  0.000000E+00  0.000000E+00
  -669.300  0.000000E+00  0.000000E+00  0.000000E+00  0.000000E+00  0.000000E+00
  -669.200  0.000000E+00  0.000000E+00  0.000000E+00  0.000000E+00  0.000000E+00
  -669.100  0.000000E+00  0.000000E+00  0.000000E+00  0.000000E+00  0.000000E+00
  -669.000  0.000000E+00  0.000000E+00  0.000000E+00  0.000000E+00  0.000000E+00
  -668.900  0.000000E+00  0.000000E+00  0.000000E+00  0.000000E+00  0.000000E+00
  -668.800  0.000000E+00  0.000000E+00  0.000000E+00  0.000000E+00  0.000000E+00
  -668.700  0.000000E+00  0.000000E+00  0.000000E+00  0.000000E+00  0.000000E+00
  -668.600  0.000000E+00  0.000000E+00  0.000000E+00  0.000000E+00  0.000000E+00
  -668.500  0.000000E+00  0.000000E+00  0.000000E+00  0.000000E+00  0.000000E+00
  -668.400  0.000000E+00  0.000000E+00  0.000000E+00  0.000000E+00  0.000000E+00
  -668.300  0.000000E+00  0.000000E+00  0.000000E+00  0.000000E+00  0.000000E+00
  -668.200  0.000000E+00  0.000000E+00  0.000000E+00  0.000000E+00  0.000000E+00
  -668.100  0.000000E+00  0.000000E+00  0.000000E+00  0.000000E+00  0.000000E+00
  -668.000  0.000000E+00  0.000000E+00  0.000000E+00  0.000000E+00  0.000000E+00
  -667.900  0.000000E+00  0.000000E+00  0.000000E+00  0.000000E+00  0.000000E+00
  -667.800  0.000000E+00  0.000000E+00  0.000000E+00  0.000000E+00  0.000000E+00
  -667.700  0.000000E+00  0.000000E+00  0.000000E+00  0.000000E+00  0.000000E+00
  -667.600  0.000000E+00  0.000000E+00  0.000000E+00  0.000000E+00  0.000000E+00
  -667.500  0.000000E+00  0.000000E+00  0.000000E+00  0.000000E+00  0.000000E+00
  -667.400  0.000000E+00  0.000000E+00  0.000000E+00  0.000000E+00  0.000000E+00
  -667.300  0.000000E+00  0.000000E+00  0.000000E+00  0.000000E+00  0.000000E+00
  -667.200  0.000000E+00  0.000000E+00  0.000000E+00  0.000000E+00  0.000000E+00
  -667.100  0.000000E+00  0.000000E+00  0.000000E+00  0.000000E+00  0.000000E+00
  -667.000  0.000000E+00  0.000000E+00  0.000000E+00  0.000000E+00  0.000000E+00
  -666.900  0.000000E+00  0.835206E-05  0.844378E-05  0.847591E-05  0.851090E-05
  -666.800  0.102834E-04  0.125130E-04  0.126457E-04  0.126918E-04  0.127394E-04
  -666.700  0.153243E-04  0.185620E-04  0.187516E-04  0.188168E-04  0.188798E-04
  -666.600  0.226165E-04  0.272666E-04  0.275341E-04  0.276248E-04  0.277057E-04
  -666.500  0.330594E-04  0.396655E-04  0.400379E-04  0.401624E-04  0.402621E-04
  -666.400  0.478633E-04  0.571475E-04  0.576590E-04  0.578272E-04  0.579439E-04
  -666.300  0.686354E-04  0.815448E-04  0.822381E-04  0.824618E-04  0.825883E-04
  -666.200  0.974820E-04  0.115243E-03  0.116170E-03  0.116462E-03  0.116583E-03
  -666.100  0.137124E-03  0.161303E-03  0.162527E-03  0.162902E-03  0.162986E-03
  -666.000  0.191025E-03  0.223600E-03  0.225191E-03  0.225664E-03  0.225661E-03
  -665.900  0.263526E-03  0.306958E-03  0.308997E-03  0.309580E-03  0.309409E-03
  -665.800  0.359981E-03  0.417288E-03  0.419863E-03  0.420565E-03  0.420101E-03
  -665.700  0.486875E-03  0.561711E-03  0.564914E-03  0.565736E-03  0.564796E-03
  -665.600  0.651929E-03  0.748651E-03  0.752568E-03  0.753501E-03  0.751823E-03
  -665.500  0.864153E-03  0.987875E-03  0.992585E-03  0.993602E-03  0.990823E-03
  -665.400  0.113385E-02  0.129048E-02  0.129604E-02  0.129709E-02  0.129272E-02
  -665.300  0.147253E-02  0.166879E-02  0.167522E-02  0.167622E-02  0.166961E-02
  -665.200  0.189275E-02  0.213615E-02  0.214343E-02  0.214426E-02  0.213457E-02
  -665.100  0.240786E-02  0.270663E-02  0.271466E-02  0.271515E-02  0.270132E-02
  -665.000  0.303157E-02  0.339459E-02  0.340321E-02  0.340313E-02  0.338386E-02
  -664.900  0.377752E-02  0.421419E-02  0.422313E-02  0.422217E-02  0.419587E-02
  -664.800  0.465868E-02  0.517873E-02  0.518760E-02  0.518541E-02  0.515021E-02
  -664.700  0.568670E-02  0.630003E-02  0.630833E-02  0.630445E-02  0.625819E-02
  -664.600  0.687125E-02  0.758771E-02  0.759483E-02  0.758874E-02  0.752896E-02
  -664.500  0.821931E-02  0.904857E-02  0.905375E-02  0.904487E-02  0.896888E-02
  -664.400  0.973461E-02  0.106859E-01  0.106884E-01  0.106760E-01  0.105810E-01
  -664.300  0.114171E-01  0.124993E-01  0.124980E-01  0.124816E-01  0.123644E-01
  -664.200  0.132624E-01  0.144839E-01  0.144780E-01  0.144568E-01  0.143144E-01
  -664.100  0.152619E-01  0.166305E-01  0.166192E-01  0.165925E-01  0.164220E-01
  -664.000  0.174025E-01  0.189258E-01  0.189082E-01  0.188755E-01  0.186742E-01
  -663.900  0.196668E-01  0.213522E-01  0.213277E-01  0.212884E-01  0.210541E-01
  -663.800  0.220333E-01  0.238883E-01  0.238566E-01  0.238104E-01  0.235412E-01
  -663.700  0.244770E-01  0.265094E-01  0.264705E-01  0.264173E-01  0.261122E-01
  -663.600  0.269695E-01  0.291878E-01  0.291422E-01  0.290821E-01  0.287409E-01
  -663.500  0.294804E-01  0.318937E-01  0.318422E-01  0.317756E-01  0.313992E-01
  -663.400  0.319768E-01  0.345950E-01  0.345391E-01  0.344666E-01  0.340568E-01
  -663.300  0.344248E-01  0.372584E-01  0.372000E-01  0.371226E-01  0.366825E-01
  -663.200  0.367897E-01  0.398494E-01  0.397908E-01  0.397099E-01  0.392436E-01
  -663.100  0.390366E-01  0.423328E-01  0.422770E-01  0.421942E-01  0.417069E-01
  -663.000  0.411314E-01  0.446733E-01  0.446237E-01  0.445406E-01  0.440387E-01
  -662.900  0.430412E-01  0.468362E-01  0.467962E-01  0.467150E-01  0.462056E-01
  -662.800  0.447355E-01  0.487879E-01  0.487610E-01  0.486839E-01  0.481748E-01
  -662.700  0.461868E-01  0.504967E-01  0.504866E-01  0.504157E-01  0.499152E-01
  -662.600  0.473721E-01  0.519343E-01  0.519443E-01  0.518817E-01  0.513982E-01
  -662.500  0.482734E-01  0.530765E-01  0.531096E-01  0.530573E-01  0.525988E-01
  -662.400  0.488795E-01  0.539050E-01  0.539634E-01  0.539230E-01  0.534971E-01
  -662.300  0.491864E-01  0.544078E-01  0.544929E-01  0.544658E-01  0.540789E-01
  -662.200  0.491982E-01  0.545810E-01  0.546931E-01  0.546801E-01  0.543373E-01
  -662.100  0.489278E-01  0.544288E-01  0.545672E-01  0.545684E-01  0.542730E-01
  -662.000  0.483967E-01  0.539647E-01  0.541270E-01  0.541419E-01  0.538948E-01
  -661.900  0.476348E-01  0.532105E-01  0.533930E-01  0.534203E-01  0.532201E-01
  -661.800  0.466799E-01  0.521968E-01  0.523940E-01  0.524314E-01  0.522736E-01
  -661.700  0.455760E-01  0.509609E-01  0.511659E-01  0.512103E-01  0.510876E-01
  -661.600  0.443722E-01  0.495467E-01  0.497507E-01  0.497981E-01  0.496998E-01
  -661.500  0.431207E-01  0.480020E-01  0.481948E-01  0.482402E-01  0.481526E-01
  -661.400  0.418750E-01  0.463776E-01  0.465473E-01  0.465850E-01  0.464914E-01
  -661.300  0.406878E-01  0.447248E-01  0.448586E-01  0.448820E-01  0.447629E-01
  -661.200  0.396095E-01  0.430944E-01  0.431782E-01  0.431802E-01  0.430139E-01
  -661.100  0.386869E-01  0.415351E-01  0.415542E-01  0.415273E-01  0.412903E-01
  -661.000  0.379616E-01  0.400924E-01  0.400318E-01  0.399681E-01  0.396358E-01
  -660.900  0.374705E-01  0.388083E-01  0.386532E-01  0.385448E-01  0.380918E-01
  -660.800  0.372450E-01  0.377216E-01  0.374573E-01  0.372965E-01  0.366978E-01
  -660.700  0.373124E-01  0.368678E-01  0.364806E-01  0.362599E-01  0.354910E-01
  -660.600  0.376972E-01  0.362807E-01  0.357577E-01  0.354702E-01  0.345080E-01
  -660.500  0.384224E-01  0.359935E-01  0.353231E-01  0.349624E-01  0.337854E-01
  -660.400  0.395123E-01  0.360405E-01  0.352126E-01  0.347730E-01  0.333614E-01
  -660.300  0.409943E-01  0.364591E-01  0.354648E-01  0.349411E-01  0.332771E-01
  -660.200  0.429011E-01  0.372911E-01  0.361226E-01  0.355104E-01  0.335776E-01
  -660.100  0.452726E-01  0.385839E-01  0.372345E-01  0.365297E-01  0.343133E-01
  -660.000  0.481562E-01  0.403911E-01  0.388549E-01  0.380538E-01  0.355394E-01
  -659.900  0.516070E-01  0.427723E-01  0.410434E-01  0.401425E-01  0.373161E-01
  -659.800  0.556860E-01  0.457913E-01  0.438642E-01  0.428598E-01  0.397072E-01
  -659.700  0.604573E-01  0.495138E-01  0.473826E-01  0.462709E-01  0.427771E-01
  -659.600  0.659834E-01  0.540033E-01  0.516618E-01  0.504388E-01  0.465880E-01
  -659.500  0.723197E-01  0.593164E-01  0.567582E-01  0.554199E-01  0.511952E-01
  -659.400  0.795074E-01  0.654973E-01  0.627161E-01  0.612581E-01  0.566427E-01
  -659.300  0.875670E-01  0.725718E-01  0.695616E-01  0.679801E-01  0.629576E-01
  -659.200  0.964909E-01  0.805417E-01  0.772981E-01  0.755897E-01  0.701459E-01
  -659.100  0.106238E+00  0.893802E-01  0.859008E-01  0.840636E-01  0.781878E-01
  -659.000  0.116731E+00  0.990284E-01  0.953148E-01  0.933483E-01  0.870357E-01
  -658.900  0.127852E+00  0.109395E+00  0.105453E+00  0.103359E+00  0.966128E-01
  -658.800  0.139445E+00  0.120356E+00  0.116197E+00  0.113982E+00  0.106814E+00
  -658.700  0.151325E+00  0.131759E+00  0.127403E+00  0.125075E+00  0.117511E+00
  -658.600  0.163277E+00  0.143431E+00  0.138903E+00  0.136476E+00  0.128552E+00
  -658.500  0.175073E+00  0.155183E+00  0.150518E+00  0.148008E+00  0.139777E+00
  -658.400  0.186481E+00  0.166822E+00  0.162062E+00  0.159491E+00  0.151018E+00
  -658.300  0.197274E+00  0.178156E+00  0.173352E+00  0.170745E+00  0.162108E+00
  -658.200  0.207250E+00  0.189009E+00  0.184217E+00  0.181603E+00  0.172891E+00
  -658.100  0.216230E+00  0.199225E+00  0.194504E+00  0.191916E+00  0.183226E+00
  -658.000  0.224077E+00  0.208670E+00  0.204085E+00  0.201554E+00  0.192992E+00
  -657.900  0.230693E+00  0.217240E+00  0.212856E+00  0.210416E+00  0.202085E+00
  -657.800  0.236021E+00  0.224859E+00  0.220737E+00  0.218421E+00  0.210425E+00
  -657.700  0.240043E+00  0.231474E+00  0.227672E+00  0.225509E+00  0.217946E+00
  -657.600  0.242776E+00  0.237054E+00  0.233621E+00  0.231640E+00  0.224597E+00
  -657.500  0.244262E+00  0.241580E+00  0.238560E+00  0.236783E+00  0.230333E+00
  -657.400  0.244562E+00  0.245044E+00  0.242468E+00  0.240912E+00  0.235115E+00
  -657.300  0.243748E+00  0.247440E+00  0.245329E+00  0.244006E+00  0.238903E+00
  -657.200  0.241893E+00  0.248764E+00  0.247125E+00  0.246040E+00  0.241654E+00
  -657.100  0.239073E+00  0.249008E+00  0.247838E+00  0.246989E+00  0.243324E+00
  -657.000  0.235358E+00  0.248165E+00  0.247446E+00  0.246828E+00  0.243869E+00
  -656.900  0.230814E+00  0.246228E+00  0.245933E+00  0.245533E+00  0.243249E+00
  -656.800  0.225509E+00  0.243197E+00  0.243289E+00  0.243090E+00  0.241434E+00
  -656.700  0.219510E+00  0.239084E+00  0.239517E+00  0.239496E+00  0.238409E+00
  -656.600  0.212893E+00  0.233918E+00  0.234639E+00  0.234771E+00  0.234182E+00
  -656.500  0.205747E+00  0.227752E+00  0.228702E+00  0.228959E+00  0.228788E+00
  -656.400  0.198173E+00  0.220665E+00  0.221781E+00  0.222133E+00  0.222295E+00
  -656.300  0.190294E+00  0.212765E+00  0.213984E+00  0.214398E+00  0.214803E+00
  -656.200  0.182248E+00  0.204191E+00  0.205446E+00  0.205891E+00  0.206447E+00
  -656.100  0.174192E+00  0.195108E+00  0.196334E+00  0.196779E+00  0.197394E+00
  -656.000  0.166296E+00  0.185705E+00  0.186838E+00  0.187252E+00  0.187835E+00
  -655.900  0.158740E+00  0.176190E+00  0.177171E+00  0.177522E+00  0.177987E+00
  -655.800  0.151704E+00  0.166782E+00  0.167553E+00  0.167814E+00  0.168078E+00
  -655.700  0.145364E+00  0.157703E+00  0.158213E+00  0.158359E+00  0.158347E+00
  -655.600  0.139882E+00  0.149173E+00  0.149378E+00  0.149387E+00  0.149031E+00
  -655.500  0.135405E+00  0.141404E+00  0.141267E+00  0.141119E+00  0.140362E+00
  -655.400  0.132052E+00  0.134590E+00  0.134082E+00  0.133764E+00  0.132562E+00
  -655.300  0.129915E+00  0.128906E+00  0.128010E+00  0.127512E+00  0.125835E+00
  -655.200  0.129055E+00  0.124503E+00  0.123214E+00  0.122532E+00  0.120367E+00
  -655.100  0.129499E+00  0.121505E+00  0.119830E+00  0.118967E+00  0.116318E+00
  -655.000  0.131247E+00  0.120009E+00  0.117967E+00  0.116932E+00  0.113824E+00
  -654.900  0.134263E+00  0.120081E+00  0.117706E+00  0.116516E+00  0.112991E+00
  -654.800  0.138490E+00  0.121757E+00  0.119095E+00  0.117772E+00  0.113896E+00
  -654.700  0.143841E+00  0.125038E+00  0.122151E+00  0.120724E+00  0.116579E+00
  -654.600  0.150211E+00  0.129896E+00  0.126853E+00  0.125357E+00  0.121044E+00
  -654.500  0.157472E+00  0.136263E+00  0.133145E+00  0.131619E+00  0.127251E+00
  -654.400  0.165482E+00  0.144036E+00  0.140930E+00  0.139416E+00  0.135119E+00
  -654.300  0.174080E+00  0.153074E+00  0.150070E+00  0.148613E+00  0.144516E+00
  -654.200  0.183088E+00  0.163197E+00  0.160384E+00  0.159029E+00  0.155262E+00
  -654.100  0.192317E+00  0.174184E+00  0.171651E+00  0.170441E+00  0.167130E+00
  -654.000  0.201561E+00  0.185782E+00  0.183607E+00  0.182582E+00  0.179845E+00
  -653.900  0.210606E+00  0.197703E+00  0.195958E+00  0.195152E+00  0.193093E+00
  -653.800  0.219227E+00  0.209636E+00  0.208381E+00  0.207823E+00  0.206526E+00
  -653.700  0.227200E+00  0.221256E+00  0.220535E+00  0.220249E+00  0.219777E+00
  -653.600  0.234302E+00  0.232235E+00  0.232079E+00  0.232078E+00  0.232475E+00
  -653.500  0.240324E+00  0.242253E+00  0.242677E+00  0.242969E+00  0.244254E+00
  -653.400  0.245077E+00  0.251016E+00  0.252020E+00  0.252605E+00  0.254775E+00
  -653.300  0.248401E+00  0.258266E+00  0.259837E+00  0.260708E+00  0.263740E+00
  -653.200  0.250172E+00  0.263793E+00  0.265907E+00  0.267050E+00  0.270905E+00
  -653.100  0.250314E+00  0.267449E+00  0.270071E+00  0.271470E+00  0.276093E+00
  -653.000  0.248799E+00  0.269150E+00  0.272238E+00  0.273871E+00  0.279199E+00
  -652.900  0.245650E+00  0.268881E+00  0.272388E+00  0.274233E+00  0.280196E+00
  -652.800  0.240945E+00  0.266696E+00  0.270576E+00  0.272607E+00  0.279131E+00
  -652.700  0.234808E+00  0.262716E+00  0.266918E+00  0.269111E+00  0.276124E+00
  -652.600  0.227411E+00  0.257116E+00  0.261592E+00  0.263924E+00  0.271357E+00
  -652.500  0.218957E+00  0.250119E+00  0.254826E+00  0.257274E+00  0.265062E+00
  -652.400  0.209679E+00  0.241984E+00  0.246879E+00  0.249424E+00  0.257511E+00
  -652.300  0.199825E+00  0.232988E+00  0.238037E+00  0.240661E+00  0.248994E+00
  -652.200  0.189648E+00  0.223419E+00  0.228590E+00  0.231278E+00  0.239814E+00
  -652.100  0.179393E+00  0.213558E+00  0.218824E+00  0.221562E+00  0.230263E+00
  -652.000  0.169293E+00  0.203668E+00  0.209005E+00  0.211782E+00  0.220615E+00
  -651.900  0.159552E+00  0.193983E+00  0.199371E+00  0.202177E+00  0.211114E+00
  -651.800  0.150344E+00  0.184699E+00  0.190120E+00  0.192946E+00  0.201962E+00
  -651.700  0.141803E+00  0.175968E+00  0.181406E+00  0.184245E+00  0.193315E+00
  -651.600  0.134022E+00  0.167896E+00  0.173336E+00  0.176180E+00  0.185278E+00
  -651.500  0.127053E+00  0.160538E+00  0.165965E+00  0.168805E+00  0.177908E+00
  -651.400  0.120904E+00  0.153903E+00  0.159302E+00  0.162130E+00  0.171212E+00
  -651.300  0.115546E+00  0.147956E+00  0.153310E+00  0.156119E+00  0.165150E+00
  -651.200  0.110914E+00  0.142627E+00  0.147920E+00  0.150699E+00  0.159651E+00
  -651.100  0.106919E+00  0.137817E+00  0.143029E+00  0.145770E+00  0.154610E+00
  -651.000  0.103450E+00  0.133404E+00  0.138517E+00  0.141209E+00  0.149906E+00
  -650.900  0.100385E+00  0.129262E+00  0.134255E+00  0.136889E+00  0.145407E+00
  -650.800  0.975990E-01  0.125259E+00  0.130114E+00  0.132678E+00  0.140986E+00
  -650.700  0.949695E-01  0.121276E+00  0.125972E+00  0.128456E+00  0.136521E+00
  -650.600  0.923856E-01  0.117205E+00  0.121724E+00  0.124119E+00  0.131910E+00
  -650.500  0.897518E-01  0.112964E+00  0.117287E+00  0.119584E+00  0.127072E+00
  -650.400  0.869919E-01  0.108492E+00  0.112604E+00  0.114795E+00  0.121955E+00
  -650.300  0.840506E-01  0.103755E+00  0.107643E+00  0.109720E+00  0.116529E+00
  -650.200  0.808946E-01  0.987440E-01  0.102397E+00  0.104355E+00  0.110795E+00
  -650.100  0.775109E-01  0.934749E-01  0.968844E-01  0.987189E-01  0.104776E+00
  -650.000  0.739051E-01  0.879818E-01  0.911427E-01  0.928507E-01  0.985136E-01
  -649.900  0.700986E-01  0.823148E-01  0.852249E-01  0.868048E-01  0.920676E-01
  -649.800  0.661250E-01  0.765347E-01  0.791946E-01  0.806462E-01  0.855069E-01
  -649.700  0.620269E-01  0.707084E-01  0.731216E-01  0.744462E-01  0.789067E-01
  -649.600  0.578525E-01  0.649049E-01  0.670774E-01  0.682774E-01  0.723434E-01
  -649.500  0.536524E-01  0.591911E-01  0.611311E-01  0.622102E-01  0.658910E-01
  -649.400  0.494771E-01  0.536292E-01  0.553469E-01  0.563098E-01  0.596179E-01
  -649.300  0.453752E-01  0.482744E-01  0.497817E-01  0.506338E-01  0.535848E-01
  -649.200  0.413908E-01  0.431732E-01  0.444832E-01  0.452309E-01  0.478428E-01
  -649.100  0.375632E-01  0.383631E-01  0.394900E-01  0.401401E-01  0.424330E-01
  -649.000  0.339253E-01  0.338721E-01  0.348305E-01  0.353903E-01  0.373859E-01
  -648.900  0.305035E-01  0.297189E-01  0.305236E-01  0.310006E-01  0.327219E-01
  -648.800  0.273173E-01  0.259134E-01  0.265795E-01  0.269813E-01  0.284518E-01
  -648.700  0.243791E-01  0.224580E-01  0.230001E-01  0.233342E-01  0.245776E-01
  -648.600  0.216948E-01  0.193480E-01  0.197802E-01  0.200539E-01  0.210937E-01
  -648.500  0.192639E-01  0.165728E-01  0.169085E-01  0.171290E-01  0.179880E-01
  -648.400  0.170805E-01  0.141171E-01  0.143691E-01  0.145429E-01  0.152429E-01
  -648.300  0.151338E-01  0.119619E-01  0.121418E-01  0.122754E-01  0.128369E-01
  -648.200  0.134089E-01  0.100854E-01  0.102041E-01  0.103032E-01  0.107453E-01
  -648.100  0.118883E-01  0.846412E-02  0.853150E-02  0.860138E-02  0.894165E-02
  -648.000  0.105523E-01  0.707361E-02  0.709859E-02  0.714409E-02  0.739845E-02
  -647.900  0.938068E-02  0.588936E-02  0.587996E-02  0.590539E-02  0.608813E-02
  -647.800  0.835293E-02  0.488736E-02  0.485072E-02  0.485992E-02  0.498373E-02
  -647.700  0.744961E-02  0.404471E-02  0.398712E-02  0.398346E-02  0.405951E-02
  -647.600  0.665283E-02  0.333994E-02  0.326690E-02  0.325333E-02  0.329133E-02
  -647.500  0.594675E-02  0.275339E-02  0.266964E-02  0.264870E-02  0.265701E-02
  -647.400  0.531799E-02  0.226736E-02  0.217692E-02  0.215074E-02  0.213648E-02
  -647.300  0.475576E-02  0.186620E-02  0.177238E-02  0.174277E-02  0.171187E-02
  -647.200  0.425195E-02  0.153632E-02  0.144176E-02  0.141015E-02  0.136748E-02
  -647.100  0.380107E-02  0.126612E-02  0.117282E-02  0.114033E-02  0.108976E-02
  -647.000  0.340010E-02  0.104590E-02  0.955214E-03  0.922660E-03  0.867118E-03
  -646.900  0.304838E-02  0.867718E-03  0.780373E-03  0.748257E-03  0.689820E-03
  -646.800  0.274740E-02  0.725220E-03  0.641328E-03  0.609869E-03  0.549780E-03
  -646.700  0.250071E-02  0.613514E-03  0.532559E-03  0.501684E-03  0.440398E-03
  -646.600  0.231376E-02  0.528999E-03  0.449829E-03  0.419179E-03  0.356380E-03
  -646.500  0.219388E-02  0.469232E-03  0.390038E-03  0.358963E-03  0.293571E-03
  -646.400  0.215014E-02  0.432793E-03  0.351083E-03  0.318630E-03  0.248800E-03
  -646.300  0.219332E-02  0.419161E-03  0.331726E-03  0.296633E-03  0.219739E-03
  -646.200  0.233573E-02  0.428596E-03  0.331474E-03  0.292154E-03  0.204771E-03
  -646.100  0.259102E-02  0.462011E-03  0.350454E-03  0.304983E-03  0.202872E-03
  -646.000  0.297382E-02  0.520843E-03  0.389293E-03  0.335404E-03  0.213495E-03
  -645.900  0.349920E-02  0.606898E-03  0.448982E-03  0.384064E-03  0.236464E-03
  -645.800  0.418200E-02  0.722176E-03  0.530734E-03  0.451840E-03  0.271862E-03
  -645.700  0.503594E-02  0.868677E-03  0.635821E-03  0.539696E-03  0.319925E-03
  -645.600  0.607255E-02  0.104818E-02  0.765400E-03  0.648530E-03  0.380927E-03
  -645.500  0.729995E-02  0.126199E-02  0.920331E-03  0.779008E-03  0.455073E-03
  -645.400  0.872165E-02  0.151072E-02  0.110098E-02  0.931398E-03  0.542386E-03
  -645.300  0.103352E-01  0.179399E-02  0.130705E-02  0.110541E-02  0.642603E-03
  -645.200  0.121312E-01  0.211028E-02  0.153738E-02  0.130006E-02  0.755079E-03
  -645.100  0.140923E-01  0.245668E-02  0.178985E-02  0.151352E-02  0.878715E-03
  -645.000  0.161926E-01  0.282878E-02  0.206123E-02  0.174307E-02  0.101190E-02
  -644.900  0.183977E-01  0.322068E-02  0.234722E-02  0.198505E-02  0.115248E-02
  -644.800  0.206650E-01  0.362496E-02  0.264240E-02  0.223489E-02  0.129780E-02
  -644.700  0.229448E-01  0.403288E-02  0.294041E-02  0.248720E-02  0.144469E-02
  -644.600  0.251816E-01  0.443464E-02  0.323407E-02  0.273589E-02  0.158963E-02
  -644.500  0.273165E-01  0.481969E-02  0.351568E-02  0.297446E-02  0.172880E-02
  -644.400  0.292896E-01  0.517720E-02  0.377732E-02  0.319619E-02  0.185829E-02
  -644.300  0.310424E-01  0.549654E-02  0.401121E-02  0.339447E-02  0.197423E-02
  -644.200  0.325214E-01  0.576780E-02  0.421007E-02  0.356314E-02  0.207302E-02
  -644.100  0.336800E-01  0.598227E-02  0.436750E-02  0.369676E-02  0.215145E-02
  -644.000  0.344814E-01  0.613294E-02  0.447834E-02  0.379095E-02  0.220693E-02
  -643.900  0.349008E-01  0.621484E-02  0.453892E-02  0.384257E-02  0.223763E-02
  -643.800  0.349261E-01  0.622536E-02  0.454728E-02  0.384996E-02  0.224251E-02
  -643.700  0.345590E-01  0.616435E-02  0.450328E-02  0.381296E-02  0.222146E-02
  -643.600  0.338146E-01  0.603414E-02  0.440857E-02  0.373297E-02  0.217528E-02
  -643.500  0.327204E-01  0.583940E-02  0.426655E-02  0.361284E-02  0.210558E-02
  -643.400  0.313148E-01  0.558686E-02  0.408209E-02  0.345671E-02  0.201478E-02
  -643.300  0.296448E-01  0.528491E-02  0.386135E-02  0.326978E-02  0.190588E-02
  -643.200  0.277636E-01  0.494319E-02  0.361137E-02  0.305799E-02  0.178236E-02
  -643.100  0.257273E-01  0.457203E-02  0.333970E-02  0.282778E-02  0.164797E-02
  -643.000  0.235929E-01  0.418197E-02  0.305410E-02  0.258570E-02  0.150655E-02
  -642.900  0.214151E-01  0.378328E-02  0.276208E-02  0.233815E-02  0.136185E-02
  -642.800  0.192447E-01  0.338551E-02  0.247067E-02  0.209108E-02  0.121738E-02
  -642.700  0.171263E-01  0.299713E-02  0.218611E-02  0.184980E-02  0.107625E-02
  -642.600  0.150972E-01  0.262534E-02  0.191369E-02  0.161881E-02  0.941110E-03
  -642.500  0.131870E-01  0.227584E-02  0.165763E-02  0.140169E-02  0.814086E-03
  -642.400  0.114174E-01  0.195285E-02  0.142103E-02  0.120109E-02  0.696740E-03
  -642.300  0.980201E-02  0.165909E-02  0.120591E-02  0.101873E-02  0.590094E-03
  -642.200  0.834777E-02  0.139593E-02  0.101329E-02  0.855467E-03  0.494668E-03
  -642.100  0.705536E-02  0.116355E-02  0.843299E-03  0.711430E-03  0.410539E-03
  -642.000  0.592050E-02  0.961121E-03  0.695343E-03  0.586109E-03  0.337412E-03
  -641.900  0.493504E-02  0.787062E-03  0.568250E-03  0.478511E-03  0.274706E-03
  -641.800  0.408814E-02  0.639227E-03  0.460438E-03  0.387289E-03  0.221629E-03
  -641.700  0.336724E-02  0.515119E-03  0.370066E-03  0.310878E-03  0.177255E-03
  -641.600  0.275899E-02  0.412070E-03  0.295163E-03  0.247599E-03  0.140594E-03
  -641.500  0.224997E-02  0.327387E-03  0.233737E-03  0.195758E-03  0.110643E-03
  -641.400  0.182722E-02  0.258470E-03  0.183867E-03  0.153718E-03  0.864335E-04
  -641.300  0.147864E-02  0.202891E-03  0.143757E-03  0.119949E-03  0.670602E-04
  -641.200  0.119324E-02  0.158447E-03  0.111779E-03  0.930672E-04  0.517029E-04
  -641.100  0.961248E-03  0.123191E-03  0.864954E-04  0.718462E-04  0.396365E-04
  -641.000  0.774151E-03  0.954377E-04  0.666605E-04  0.552273E-04  0.302349E-04
  -640.900  0.624644E-03  0.737554E-04  0.512188E-04  0.423122E-04  0.229676E-04
  -640.800  0.506546E-03  0.569484E-04  0.392897E-04  0.323524E-04  0.173935E-04
  -640.700  0.414683E-03  0.440328E-04  0.301498E-04  0.247334E-04  0.131513E-04
  -640.600  0.344758E-03  0.342093E-04  0.232131E-04  0.189582E-04  0.994955E-05
  -640.500  0.293224E-03  0.268360E-04  0.180100E-04  0.146289E-04  0.755609E-05
  -640.400  0.257154E-03  0.214013E-04  0.141679E-04  0.114304E-04  0.000000E+00
  -640.300  0.234130E-03  0.175007E-04  0.113934E-04  0.911515E-05  0.000000E+00
  -640.200  0.222131E-03  0.148149E-04  0.945635E-05  0.000000E+00  0.000000E+00
  -640.100  0.219445E-03  0.130922E-04  0.817646E-05  0.000000E+00  0.000000E+00
  -640.000  0.224589E-03  0.121327E-04  0.000000E+00  0.000000E+00  0.000000E+00
  -639.900  0.236236E-03  0.117764E-04  0.000000E+00  0.000000E+00  0.000000E+00
  -639.800  0.253167E-03  0.118926E-04  0.000000E+00  0.000000E+00  0.000000E+00
  -639.700  0.274226E-03  0.123723E-04  0.000000E+00  0.000000E+00  0.000000E+00
  -639.600  0.298292E-03  0.131223E-04  0.756749E-05  0.000000E+00  0.000000E+00
  -639.500  0.324265E-03  0.140606E-04  0.806294E-05  0.000000E+00  0.000000E+00
  -639.400  0.351059E-03  0.151134E-04  0.863646E-05  0.000000E+00  0.000000E+00
  -639.300  0.377611E-03  0.162138E-04  0.924623E-05  0.000000E+00  0.000000E+00
  -639.200  0.402897E-03  0.173004E-04  0.985461E-05  0.000000E+00  0.000000E+00
  -639.100  0.425953E-03  0.183177E-04  0.104279E-04  0.774172E-05  0.000000E+00
  -639.000  0.445905E-03  0.192164E-04  0.109365E-04  0.811748E-05  0.000000E+00
  -638.900  0.461999E-03  0.199544E-04  0.113552E-04  0.842726E-05  0.000000E+00
  -638.800  0.473622E-03  0.204976E-04  0.116636E-04  0.865558E-05  0.000000E+00
  -638.700  0.480331E-03  0.208208E-04  0.118469E-04  0.879107E-05  0.000000E+00
  -638.600  0.481867E-03  0.209084E-04  0.118957E-04  0.882663E-05  0.000000E+00
  -638.500  0.478160E-03  0.207548E-04  0.118064E-04  0.875955E-05  0.000000E+00
  -638.400  0.469328E-03  0.203641E-04  0.115814E-04  0.859139E-05  0.000000E+00
  -638.300  0.455668E-03  0.197491E-04  0.112280E-04  0.832769E-05  0.000000E+00
  -638.200  0.437630E-03  0.189312E-04  0.107583E-04  0.797749E-05  0.000000E+00
  -638.100  0.415793E-03  0.179377E-04  0.101883E-04  0.755267E-05  0.000000E+00
  -638.000  0.390830E-03  0.168013E-04  0.953665E-05  0.000000E+00  0.000000E+00
  -637.900  0.363472E-03  0.155571E-04  0.882374E-05  0.000000E+00  0.000000E+00
  -637.800  0.334473E-03  0.142416E-04  0.807057E-05  0.000000E+00  0.000000E+00
  -637.700  0.304576E-03  0.128904E-04  0.000000E+00  0.000000E+00  0.000000E+00
  -637.600  0.274481E-03  0.115370E-04  0.000000E+00  0.000000E+00  0.000000E+00
  -637.500  0.244821E-03  0.102112E-04  0.000000E+00  0.000000E+00  0.000000E+00
  -637.400  0.216143E-03  0.893827E-05  0.000000E+00  0.000000E+00  0.000000E+00
  -637.300  0.188899E-03  0.773872E-05  0.000000E+00  0.000000E+00  0.000000E+00
  -637.200  0.163438E-03  0.000000E+00  0.000000E+00  0.000000E+00  0.000000E+00
  -637.100  0.140006E-03  0.000000E+00  0.000000E+00  0.000000E+00  0.000000E+00
  -637.000  0.118754E-03  0.000000E+00  0.000000E+00  0.000000E+00  0.000000E+00
  -636.900  0.997451E-04  0.000000E+00  0.000000E+00  0.000000E+00  0.000000E+00
  -636.800  0.829691E-04  0.000000E+00  0.000000E+00  0.000000E+00  0.000000E+00
  -636.700  0.683531E-04  0.000000E+00  0.000000E+00  0.000000E+00  0.000000E+00
  -636.600  0.557768E-04  0.000000E+00  0.000000E+00  0.000000E+00  0.000000E+00
  -636.500  0.450858E-04  0.000000E+00  0.000000E+00  0.000000E+00  0.000000E+00
  -636.400  0.361042E-04  0.000000E+00  0.000000E+00  0.000000E+00  0.000000E+00
  -636.300  0.286448E-04  0.000000E+00  0.000000E+00  0.000000E+00  0.000000E+00
  -636.200  0.225190E-04  0.000000E+00  0.000000E+00  0.000000E+00  0.000000E+00
  -636.100  0.175433E-04  0.000000E+00  0.000000E+00  0.000000E+00  0.000000E+00
  -636.000  0.135450E-04  0.000000E+00  0.000000E+00  0.000000E+00  0.000000E+00
  -635.900  0.103658E-04  0.000000E+00  0.000000E+00  0.000000E+00  0.000000E+00
  -635.800  0.786387E-05  0.000000E+00  0.000000E+00  0.000000E+00  0.000000E+00
  -635.700  0.000000E+00  0.000000E+00  0.000000E+00  0.000000E+00  0.000000E+00
  -635.600  0.000000E+00  0.000000E+00  0.000000E+00  0.000000E+00  0.000000E+00
  -635.500  0.000000E+00  0.000000E+00  0.000000E+00  0.000000E+00  0.000000E+00
  -635.400  0.000000E+00  0.000000E+00  0.000000E+00  0.000000E+00  0.000000E+00
  -635.300  0.000000E+00  0.000000E+00  0.000000E+00  0.000000E+00  0.000000E+00
  -635.200  0.000000E+00  0.000000E+00  0.000000E+00  0.000000E+00  0.000000E+00
  -635.100  0.000000E+00  0.000000E+00  0.000000E+00  0.000000E+00  0.000000E+00
  -635.000  0.000000E+00  0.000000E+00  0.000000E+00  0.000000E+00  0.000000E+00
  -634.900  0.000000E+00  0.000000E+00  0.000000E+00  0.000000E+00  0.000000E+00
  -634.800  0.000000E+00  0.000000E+00  0.000000E+00  0.000000E+00  0.000000E+00
  -634.700  0.000000E+00  0.000000E+00  0.000000E+00  0.000000E+00  0.000000E+00
  -634.600  0.000000E+00  0.000000E+00  0.000000E+00  0.000000E+00  0.000000E+00
  -634.500  0.000000E+00  0.000000E+00  0.000000E+00  0.000000E+00  0.000000E+00
  -634.400  0.000000E+00  0.000000E+00  0.000000E+00  0.000000E+00  0.000000E+00
  -634.300  0.000000E+00  0.000000E+00  0.000000E+00  0.000000E+00  0.000000E+00
  -634.200  0.000000E+00  0.000000E+00  0.000000E+00  0.000000E+00  0.000000E+00
  -634.100  0.000000E+00  0.000000E+00  0.000000E+00  0.000000E+00  0.000000E+00
  -634.000  0.000000E+00  0.000000E+00  0.000000E+00  0.000000E+00  0.000000E+00
  -633.900  0.000000E+00  0.000000E+00  0.000000E+00  0.000000E+00  0.000000E+00
  -633.800  0.000000E+00  0.000000E+00  0.000000E+00  0.000000E+00  0.000000E+00
  -633.700  0.000000E+00  0.000000E+00  0.000000E+00  0.000000E+00  0.000000E+00
  -633.600  0.000000E+00  0.000000E+00  0.000000E+00  0.000000E+00  0.000000E+00
  -633.500  0.000000E+00  0.000000E+00  0.000000E+00  0.000000E+00  0.000000E+00
  -633.400  0.000000E+00  0.000000E+00  0.000000E+00  0.000000E+00  0.000000E+00
  -633.300  0.000000E+00  0.000000E+00  0.000000E+00  0.000000E+00  0.000000E+00
  -633.200  0.000000E+00  0.000000E+00  0.000000E+00  0.000000E+00  0.000000E+00
  -633.100  0.000000E+00  0.000000E+00  0.000000E+00  0.000000E+00  0.000000E+00
  -633.000  0.000000E+00  0.000000E+00  0.000000E+00  0.000000E+00  0.000000E+00
  -632.900  0.000000E+00  0.000000E+00  0.000000E+00  0.000000E+00  0.000000E+00
  -632.800  0.000000E+00  0.000000E+00  0.000000E+00  0.000000E+00  0.000000E+00
  -632.700  0.000000E+00  0.000000E+00  0.000000E+00  0.000000E+00  0.000000E+00
  -632.600  0.000000E+00  0.000000E+00  0.000000E+00  0.000000E+00  0.000000E+00
  -632.500  0.000000E+00  0.000000E+00  0.000000E+00  0.000000E+00  0.000000E+00
  -632.400  0.000000E+00  0.000000E+00  0.000000E+00  0.000000E+00  0.000000E+00
  -632.300  0.000000E+00  0.000000E+00  0.000000E+00  0.000000E+00  0.000000E+00
  -632.200  0.000000E+00  0.000000E+00  0.000000E+00  0.000000E+00  0.000000E+00
  -632.100  0.000000E+00  0.000000E+00  0.000000E+00  0.000000E+00  0.000000E+00
  -632.000  0.000000E+00  0.000000E+00  0.000000E+00  0.000000E+00  0.000000E+00
  -631.900  0.000000E+00  0.000000E+00  0.000000E+00  0.000000E+00  0.000000E+00
  -631.800  0.000000E+00  0.000000E+00  0.000000E+00  0.000000E+00  0.000000E+00
  -631.700  0.000000E+00  0.000000E+00  0.000000E+00  0.000000E+00  0.000000E+00
  -631.600  0.000000E+00  0.000000E+00  0.000000E+00  0.000000E+00  0.000000E+00
  -631.500  0.000000E+00  0.000000E+00  0.000000E+00  0.000000E+00  0.000000E+00
  -631.400  0.000000E+00  0.000000E+00  0.000000E+00  0.000000E+00  0.000000E+00
  -631.300  0.000000E+00  0.000000E+00  0.000000E+00  0.000000E+00  0.000000E+00
  -631.200  0.000000E+00  0.000000E+00  0.000000E+00  0.000000E+00  0.000000E+00
  -631.100  0.000000E+00  0.000000E+00  0.000000E+00  0.000000E+00  0.000000E+00
  -631.000  0.000000E+00  0.000000E+00  0.000000E+00  0.000000E+00  0.000000E+00
  -630.900  0.000000E+00  0.000000E+00  0.000000E+00  0.000000E+00  0.000000E+00
  -630.800  0.000000E+00  0.000000E+00  0.000000E+00  0.000000E+00  0.000000E+00
  -630.700  0.000000E+00  0.000000E+00  0.000000E+00  0.000000E+00  0.000000E+00
  -630.600  0.000000E+00  0.000000E+00  0.000000E+00  0.000000E+00  0.000000E+00
  -630.500  0.000000E+00  0.000000E+00  0.000000E+00  0.000000E+00  0.000000E+00
  -630.400  0.000000E+00  0.000000E+00  0.000000E+00  0.000000E+00  0.000000E+00
  -630.300  0.000000E+00  0.000000E+00  0.000000E+00  0.000000E+00  0.000000E+00
  -630.200  0.000000E+00  0.000000E+00  0.000000E+00  0.000000E+00  0.000000E+00
  -630.100  0.000000E+00  0.000000E+00  0.000000E+00  0.000000E+00  0.000000E+00
  -630.000  0.000000E+00  0.000000E+00  0.000000E+00  0.000000E+00  0.000000E+00
  -629.900  0.000000E+00  0.000000E+00  0.000000E+00  0.000000E+00  0.000000E+00
  -629.800  0.000000E+00  0.000000E+00  0.000000E+00  0.000000E+00  0.000000E+00
  -629.700  0.000000E+00  0.000000E+00  0.000000E+00  0.000000E+00  0.000000E+00
  -629.600  0.000000E+00  0.000000E+00  0.000000E+00  0.000000E+00  0.000000E+00
  -629.500  0.000000E+00  0.000000E+00  0.000000E+00  0.000000E+00  0.000000E+00
  -629.400  0.000000E+00  0.000000E+00  0.000000E+00  0.000000E+00  0.000000E+00
  -629.300  0.000000E+00  0.000000E+00  0.000000E+00  0.000000E+00  0.000000E+00
  -629.200  0.000000E+00  0.000000E+00  0.000000E+00  0.000000E+00  0.000000E+00
  -629.100  0.000000E+00  0.000000E+00  0.000000E+00  0.000000E+00  0.000000E+00
  -629.000  0.000000E+00  0.000000E+00  0.000000E+00  0.000000E+00  0.000000E+00
  -628.900  0.000000E+00  0.000000E+00  0.000000E+00  0.000000E+00  0.000000E+00
  -628.800  0.000000E+00  0.000000E+00  0.000000E+00  0.000000E+00  0.000000E+00
  -628.700  0.000000E+00  0.000000E+00  0.000000E+00  0.000000E+00  0.000000E+00
  -628.600  0.000000E+00  0.000000E+00  0.000000E+00  0.000000E+00  0.000000E+00
  -628.500  0.000000E+00  0.000000E+00  0.000000E+00  0.000000E+00  0.000000E+00
  -628.400  0.000000E+00  0.000000E+00  0.000000E+00  0.000000E+00  0.000000E+00
  -628.300  0.000000E+00  0.000000E+00  0.000000E+00  0.000000E+00  0.000000E+00
  -628.200  0.000000E+00  0.000000E+00  0.000000E+00  0.000000E+00  0.000000E+00
  -628.100  0.000000E+00  0.000000E+00  0.000000E+00  0.000000E+00  0.000000E+00
  -628.000  0.000000E+00  0.000000E+00  0.000000E+00  0.000000E+00  0.000000E+00
  -627.900  0.000000E+00  0.000000E+00  0.000000E+00  0.000000E+00  0.000000E+00
  -627.800  0.000000E+00  0.000000E+00  0.000000E+00  0.000000E+00  0.000000E+00
  -627.700  0.000000E+00  0.000000E+00  0.000000E+00  0.000000E+00  0.000000E+00
  -627.600  0.000000E+00  0.000000E+00  0.000000E+00  0.000000E+00  0.000000E+00
  -627.500  0.000000E+00  0.000000E+00  0.000000E+00  0.000000E+00  0.000000E+00
  -627.400  0.000000E+00  0.000000E+00  0.000000E+00  0.000000E+00  0.000000E+00
  -627.300  0.000000E+00  0.000000E+00  0.000000E+00  0.000000E+00  0.000000E+00
  -627.200  0.000000E+00  0.000000E+00  0.000000E+00  0.000000E+00  0.000000E+00
  -627.100  0.000000E+00  0.000000E+00  0.000000E+00  0.000000E+00  0.000000E+00
  -627.000  0.000000E+00  0.000000E+00  0.000000E+00  0.000000E+00  0.000000E+00
  -626.900  0.000000E+00  0.000000E+00  0.000000E+00  0.000000E+00  0.000000E+00
  -626.800  0.000000E+00  0.000000E+00  0.000000E+00  0.000000E+00  0.000000E+00
  -626.700  0.000000E+00  0.000000E+00  0.000000E+00  0.000000E+00  0.000000E+00
  -626.600  0.000000E+00  0.000000E+00  0.000000E+00  0.000000E+00  0.000000E+00
  -626.500  0.000000E+00  0.000000E+00  0.000000E+00  0.000000E+00  0.000000E+00
  -626.400  0.000000E+00  0.000000E+00  0.000000E+00  0.000000E+00  0.000000E+00
  -626.300  0.000000E+00  0.000000E+00  0.000000E+00  0.000000E+00  0.000000E+00
  -626.200  0.000000E+00  0.000000E+00  0.000000E+00  0.000000E+00  0.000000E+00
  -626.100  0.000000E+00  0.000000E+00  0.000000E+00  0.000000E+00  0.000000E+00
  -626.000  0.000000E+00  0.000000E+00  0.000000E+00  0.000000E+00  0.000000E+00
  -625.900  0.000000E+00  0.000000E+00  0.000000E+00  0.000000E+00  0.000000E+00
  -625.800  0.000000E+00  0.000000E+00  0.000000E+00  0.000000E+00  0.000000E+00
  -625.700  0.000000E+00  0.000000E+00  0.000000E+00  0.000000E+00  0.000000E+00
  -625.600  0.000000E+00  0.000000E+00  0.000000E+00  0.000000E+00  0.000000E+00
  -625.500  0.000000E+00  0.000000E+00  0.000000E+00  0.000000E+00  0.000000E+00
  -625.400  0.000000E+00  0.000000E+00  0.000000E+00  0.000000E+00  0.000000E+00
  -625.300  0.000000E+00  0.000000E+00  0.000000E+00  0.000000E+00  0.000000E+00
  -625.200  0.000000E+00  0.000000E+00  0.000000E+00  0.000000E+00  0.000000E+00
  -625.100  0.000000E+00  0.000000E+00  0.000000E+00  0.000000E+00  0.000000E+00
  -625.000  0.000000E+00  0.000000E+00  0.000000E+00  0.000000E+00  0.000000E+00
  -624.900  0.000000E+00  0.000000E+00  0.000000E+00  0.000000E+00  0.000000E+00
  -624.800  0.000000E+00  0.000000E+00  0.000000E+00  0.000000E+00  0.000000E+00
  -624.700  0.000000E+00  0.000000E+00  0.000000E+00  0.000000E+00  0.000000E+00
  -624.600  0.000000E+00  0.000000E+00  0.000000E+00  0.000000E+00  0.000000E+00
  -624.500  0.000000E+00  0.000000E+00  0.000000E+00  0.000000E+00  0.000000E+00
  -624.400  0.000000E+00  0.000000E+00  0.000000E+00  0.000000E+00  0.000000E+00
  -624.300  0.000000E+00  0.000000E+00  0.000000E+00  0.000000E+00  0.000000E+00
  -624.200  0.000000E+00  0.000000E+00  0.000000E+00  0.000000E+00  0.000000E+00
  -624.100  0.000000E+00  0.000000E+00  0.000000E+00  0.000000E+00  0.000000E+00
  -624.000  0.000000E+00  0.000000E+00  0.000000E+00  0.000000E+00  0.000000E+00
  -623.900  0.000000E+00  0.000000E+00  0.000000E+00  0.000000E+00  0.000000E+00
  -623.800  0.000000E+00  0.000000E+00  0.000000E+00  0.000000E+00  0.000000E+00
  -623.700  0.000000E+00  0.000000E+00  0.000000E+00  0.000000E+00  0.000000E+00
  -623.600  0.000000E+00  0.000000E+00  0.000000E+00  0.000000E+00  0.000000E+00
  -623.500  0.000000E+00  0.000000E+00  0.000000E+00  0.000000E+00  0.000000E+00
  -623.400  0.000000E+00  0.000000E+00  0.000000E+00  0.000000E+00  0.000000E+00
  -623.300  0.000000E+00  0.000000E+00  0.000000E+00  0.000000E+00  0.000000E+00
  -623.200  0.000000E+00  0.000000E+00  0.000000E+00  0.000000E+00  0.000000E+00
  -623.100  0.000000E+00  0.000000E+00  0.000000E+00  0.000000E+00  0.000000E+00
  -623.000  0.000000E+00  0.000000E+00  0.000000E+00  0.000000E+00  0.000000E+00
  -622.900  0.000000E+00  0.000000E+00  0.000000E+00  0.000000E+00  0.000000E+00
  -622.800  0.000000E+00  0.000000E+00  0.000000E+00  0.000000E+00  0.000000E+00
  -622.700  0.000000E+00  0.000000E+00  0.000000E+00  0.000000E+00  0.000000E+00
  -622.600  0.000000E+00  0.000000E+00  0.000000E+00  0.000000E+00  0.000000E+00
  -622.500  0.000000E+00  0.000000E+00  0.000000E+00  0.000000E+00  0.000000E+00
  -622.400  0.000000E+00  0.000000E+00  0.000000E+00  0.000000E+00  0.000000E+00
  -622.300  0.000000E+00  0.000000E+00  0.000000E+00  0.000000E+00  0.000000E+00
  -622.200  0.000000E+00  0.000000E+00  0.000000E+00  0.000000E+00  0.000000E+00
  -622.100  0.000000E+00  0.000000E+00  0.000000E+00  0.000000E+00  0.000000E+00
  -622.000  0.000000E+00  0.000000E+00  0.000000E+00  0.000000E+00  0.000000E+00
  -621.900  0.000000E+00  0.000000E+00  0.000000E+00  0.000000E+00  0.000000E+00
  -621.800  0.000000E+00  0.000000E+00  0.000000E+00  0.000000E+00  0.000000E+00
  -621.700  0.000000E+00  0.000000E+00  0.000000E+00  0.000000E+00  0.000000E+00
  -621.600  0.000000E+00  0.000000E+00  0.000000E+00  0.000000E+00  0.000000E+00
  -621.500  0.000000E+00  0.000000E+00  0.000000E+00  0.000000E+00  0.000000E+00
  -621.400  0.000000E+00  0.000000E+00  0.000000E+00  0.000000E+00  0.000000E+00
  -621.300  0.000000E+00  0.000000E+00  0.000000E+00  0.000000E+00  0.000000E+00
  -621.200  0.000000E+00  0.000000E+00  0.000000E+00  0.000000E+00  0.000000E+00
  -621.100  0.000000E+00  0.000000E+00  0.000000E+00  0.000000E+00  0.000000E+00
  -621.000  0.000000E+00  0.000000E+00  0.000000E+00  0.000000E+00  0.000000E+00
  -620.900  0.000000E+00  0.000000E+00  0.000000E+00  0.000000E+00  0.000000E+00
  -620.800  0.000000E+00  0.000000E+00  0.000000E+00  0.000000E+00  0.000000E+00
  -620.700  0.000000E+00  0.000000E+00  0.000000E+00  0.000000E+00  0.000000E+00
  -620.600  0.000000E+00  0.000000E+00  0.000000E+00  0.000000E+00  0.000000E+00
  -620.500  0.000000E+00  0.000000E+00  0.000000E+00  0.000000E+00  0.000000E+00
  -620.400  0.000000E+00  0.000000E+00  0.000000E+00  0.000000E+00  0.000000E+00
  -620.300  0.000000E+00  0.000000E+00  0.000000E+00  0.000000E+00  0.000000E+00
  -620.200  0.000000E+00  0.000000E+00  0.000000E+00  0.000000E+00  0.000000E+00
  -620.100  0.000000E+00  0.000000E+00  0.000000E+00  0.000000E+00  0.000000E+00
  -620.000  0.000000E+00  0.000000E+00  0.000000E+00  0.000000E+00  0.000000E+00
