 x      300.00000000000000        873.00000000000000        1273.0000000000000        1673.0000000000000     
  -680.000  0.000000E+00  0.000000E+00  0.000000E+00  0.000000E+00  0.000000E+00
  -679.900  0.000000E+00  0.000000E+00  0.000000E+00  0.000000E+00  0.000000E+00
  -679.800  0.000000E+00  0.000000E+00  0.000000E+00  0.000000E+00  0.000000E+00
  -679.700  0.000000E+00  0.000000E+00  0.000000E+00  0.000000E+00  0.000000E+00
  -679.600  0.000000E+00  0.000000E+00  0.000000E+00  0.000000E+00  0.000000E+00
  -679.500  0.000000E+00  0.000000E+00  0.000000E+00  0.000000E+00  0.000000E+00
  -679.400  0.000000E+00  0.000000E+00  0.000000E+00  0.000000E+00  0.000000E+00
  -679.300  0.000000E+00  0.000000E+00  0.000000E+00  0.000000E+00  0.000000E+00
  -679.200  0.000000E+00  0.000000E+00  0.000000E+00  0.000000E+00  0.000000E+00
  -679.100  0.000000E+00  0.000000E+00  0.000000E+00  0.000000E+00  0.000000E+00
  -679.000  0.000000E+00  0.000000E+00  0.000000E+00  0.000000E+00  0.000000E+00
  -678.900  0.000000E+00  0.000000E+00  0.000000E+00  0.000000E+00  0.000000E+00
  -678.800  0.000000E+00  0.000000E+00  0.000000E+00  0.000000E+00  0.000000E+00
  -678.700  0.000000E+00  0.000000E+00  0.000000E+00  0.000000E+00  0.000000E+00
  -678.600  0.000000E+00  0.000000E+00  0.000000E+00  0.000000E+00  0.000000E+00
  -678.500  0.000000E+00  0.000000E+00  0.000000E+00  0.000000E+00  0.000000E+00
  -678.400  0.000000E+00  0.000000E+00  0.000000E+00  0.000000E+00  0.000000E+00
  -678.300  0.000000E+00  0.000000E+00  0.000000E+00  0.000000E+00  0.000000E+00
  -678.200  0.000000E+00  0.000000E+00  0.000000E+00  0.000000E+00  0.000000E+00
  -678.100  0.000000E+00  0.000000E+00  0.000000E+00  0.000000E+00  0.000000E+00
  -678.000  0.000000E+00  0.000000E+00  0.000000E+00  0.000000E+00  0.000000E+00
  -677.900  0.000000E+00  0.000000E+00  0.000000E+00  0.000000E+00  0.000000E+00
  -677.800  0.000000E+00  0.000000E+00  0.000000E+00  0.000000E+00  0.000000E+00
  -677.700  0.000000E+00  0.000000E+00  0.000000E+00  0.000000E+00  0.000000E+00
  -677.600  0.000000E+00  0.000000E+00  0.000000E+00  0.000000E+00  0.000000E+00
  -677.500  0.000000E+00  0.000000E+00  0.000000E+00  0.000000E+00  0.000000E+00
  -677.400  0.000000E+00  0.000000E+00  0.000000E+00  0.000000E+00  0.000000E+00
  -677.300  0.000000E+00  0.000000E+00  0.000000E+00  0.000000E+00  0.000000E+00
  -677.200  0.000000E+00  0.000000E+00  0.000000E+00  0.000000E+00  0.000000E+00
  -677.100  0.000000E+00  0.000000E+00  0.000000E+00  0.000000E+00  0.000000E+00
  -677.000  0.000000E+00  0.000000E+00  0.000000E+00  0.000000E+00  0.000000E+00
  -676.900  0.000000E+00  0.000000E+00  0.000000E+00  0.000000E+00  0.000000E+00
  -676.800  0.000000E+00  0.000000E+00  0.000000E+00  0.000000E+00  0.000000E+00
  -676.700  0.000000E+00  0.000000E+00  0.000000E+00  0.000000E+00  0.000000E+00
  -676.600  0.000000E+00  0.000000E+00  0.000000E+00  0.000000E+00  0.000000E+00
  -676.500  0.000000E+00  0.000000E+00  0.000000E+00  0.000000E+00  0.000000E+00
  -676.400  0.000000E+00  0.000000E+00  0.000000E+00  0.000000E+00  0.000000E+00
  -676.300  0.000000E+00  0.000000E+00  0.000000E+00  0.000000E+00  0.000000E+00
  -676.200  0.000000E+00  0.000000E+00  0.000000E+00  0.000000E+00  0.000000E+00
  -676.100  0.000000E+00  0.000000E+00  0.000000E+00  0.000000E+00  0.000000E+00
  -676.000  0.000000E+00  0.000000E+00  0.000000E+00  0.000000E+00  0.000000E+00
  -675.900  0.000000E+00  0.000000E+00  0.000000E+00  0.000000E+00  0.000000E+00
  -675.800  0.000000E+00  0.000000E+00  0.000000E+00  0.000000E+00  0.000000E+00
  -675.700  0.000000E+00  0.000000E+00  0.000000E+00  0.000000E+00  0.000000E+00
  -675.600  0.000000E+00  0.000000E+00  0.000000E+00  0.000000E+00  0.000000E+00
  -675.500  0.000000E+00  0.000000E+00  0.000000E+00  0.000000E+00  0.000000E+00
  -675.400  0.000000E+00  0.000000E+00  0.000000E+00  0.000000E+00  0.000000E+00
  -675.300  0.000000E+00  0.000000E+00  0.000000E+00  0.000000E+00  0.000000E+00
  -675.200  0.000000E+00  0.000000E+00  0.000000E+00  0.000000E+00  0.000000E+00
  -675.100  0.000000E+00  0.000000E+00  0.000000E+00  0.000000E+00  0.000000E+00
  -675.000  0.000000E+00  0.000000E+00  0.000000E+00  0.000000E+00  0.000000E+00
  -674.900  0.000000E+00  0.000000E+00  0.000000E+00  0.000000E+00  0.000000E+00
  -674.800  0.000000E+00  0.000000E+00  0.000000E+00  0.000000E+00  0.000000E+00
  -674.700  0.000000E+00  0.000000E+00  0.000000E+00  0.000000E+00  0.000000E+00
  -674.600  0.000000E+00  0.000000E+00  0.000000E+00  0.000000E+00  0.000000E+00
  -674.500  0.000000E+00  0.000000E+00  0.000000E+00  0.000000E+00  0.000000E+00
  -674.400  0.000000E+00  0.000000E+00  0.000000E+00  0.000000E+00  0.000000E+00
  -674.300  0.000000E+00  0.000000E+00  0.000000E+00  0.000000E+00  0.000000E+00
  -674.200  0.000000E+00  0.000000E+00  0.000000E+00  0.000000E+00  0.000000E+00
  -674.100  0.000000E+00  0.000000E+00  0.000000E+00  0.000000E+00  0.000000E+00
  -674.000  0.000000E+00  0.000000E+00  0.000000E+00  0.000000E+00  0.000000E+00
  -673.900  0.000000E+00  0.000000E+00  0.000000E+00  0.000000E+00  0.000000E+00
  -673.800  0.000000E+00  0.000000E+00  0.000000E+00  0.000000E+00  0.000000E+00
  -673.700  0.000000E+00  0.000000E+00  0.000000E+00  0.000000E+00  0.000000E+00
  -673.600  0.000000E+00  0.000000E+00  0.000000E+00  0.000000E+00  0.000000E+00
  -673.500  0.000000E+00  0.000000E+00  0.000000E+00  0.000000E+00  0.000000E+00
  -673.400  0.000000E+00  0.000000E+00  0.000000E+00  0.000000E+00  0.000000E+00
  -673.300  0.000000E+00  0.000000E+00  0.000000E+00  0.000000E+00  0.000000E+00
  -673.200  0.000000E+00  0.000000E+00  0.000000E+00  0.000000E+00  0.000000E+00
  -673.100  0.000000E+00  0.000000E+00  0.000000E+00  0.000000E+00  0.000000E+00
  -673.000  0.000000E+00  0.000000E+00  0.000000E+00  0.000000E+00  0.000000E+00
  -672.900  0.000000E+00  0.000000E+00  0.000000E+00  0.000000E+00  0.000000E+00
  -672.800  0.000000E+00  0.000000E+00  0.000000E+00  0.000000E+00  0.000000E+00
  -672.700  0.000000E+00  0.000000E+00  0.000000E+00  0.000000E+00  0.000000E+00
  -672.600  0.000000E+00  0.000000E+00  0.000000E+00  0.000000E+00  0.000000E+00
  -672.500  0.000000E+00  0.000000E+00  0.000000E+00  0.000000E+00  0.000000E+00
  -672.400  0.000000E+00  0.000000E+00  0.000000E+00  0.000000E+00  0.000000E+00
  -672.300  0.000000E+00  0.000000E+00  0.000000E+00  0.000000E+00  0.000000E+00
  -672.200  0.000000E+00  0.000000E+00  0.000000E+00  0.000000E+00  0.000000E+00
  -672.100  0.000000E+00  0.000000E+00  0.000000E+00  0.000000E+00  0.000000E+00
  -672.000  0.000000E+00  0.000000E+00  0.000000E+00  0.000000E+00  0.000000E+00
  -671.900  0.000000E+00  0.000000E+00  0.000000E+00  0.000000E+00  0.000000E+00
  -671.800  0.000000E+00  0.000000E+00  0.000000E+00  0.000000E+00  0.000000E+00
  -671.700  0.000000E+00  0.000000E+00  0.000000E+00  0.000000E+00  0.000000E+00
  -671.600  0.000000E+00  0.000000E+00  0.000000E+00  0.000000E+00  0.000000E+00
  -671.500  0.000000E+00  0.000000E+00  0.000000E+00  0.000000E+00  0.000000E+00
  -671.400  0.000000E+00  0.000000E+00  0.000000E+00  0.000000E+00  0.000000E+00
  -671.300  0.000000E+00  0.000000E+00  0.000000E+00  0.000000E+00  0.000000E+00
  -671.200  0.000000E+00  0.000000E+00  0.000000E+00  0.000000E+00  0.000000E+00
  -671.100  0.000000E+00  0.000000E+00  0.000000E+00  0.000000E+00  0.000000E+00
  -671.000  0.000000E+00  0.000000E+00  0.000000E+00  0.000000E+00  0.000000E+00
  -670.900  0.000000E+00  0.000000E+00  0.000000E+00  0.000000E+00  0.000000E+00
  -670.800  0.000000E+00  0.000000E+00  0.000000E+00  0.000000E+00  0.000000E+00
  -670.700  0.000000E+00  0.000000E+00  0.000000E+00  0.000000E+00  0.000000E+00
  -670.600  0.000000E+00  0.000000E+00  0.000000E+00  0.000000E+00  0.000000E+00
  -670.500  0.000000E+00  0.000000E+00  0.000000E+00  0.000000E+00  0.000000E+00
  -670.400  0.000000E+00  0.000000E+00  0.000000E+00  0.000000E+00  0.000000E+00
  -670.300  0.000000E+00  0.000000E+00  0.000000E+00  0.000000E+00  0.000000E+00
  -670.200  0.000000E+00  0.000000E+00  0.000000E+00  0.000000E+00  0.000000E+00
  -670.100  0.000000E+00  0.000000E+00  0.000000E+00  0.000000E+00  0.000000E+00
  -670.000  0.000000E+00  0.000000E+00  0.000000E+00  0.000000E+00  0.000000E+00
  -669.900  0.000000E+00  0.000000E+00  0.000000E+00  0.000000E+00  0.000000E+00
  -669.800  0.000000E+00  0.000000E+00  0.000000E+00  0.000000E+00  0.000000E+00
  -669.700  0.000000E+00  0.000000E+00  0.000000E+00  0.000000E+00  0.000000E+00
  -669.600  0.000000E+00  0.000000E+00  0.000000E+00  0.000000E+00  0.000000E+00
  -669.500  0.000000E+00  0.000000E+00  0.000000E+00  0.000000E+00  0.000000E+00
  -669.400  0.000000E+00  0.000000E+00  0.000000E+00  0.000000E+00  0.000000E+00
  -669.300  0.000000E+00  0.000000E+00  0.000000E+00  0.000000E+00  0.000000E+00
  -669.200  0.000000E+00  0.000000E+00  0.000000E+00  0.000000E+00  0.000000E+00
  -669.100  0.000000E+00  0.000000E+00  0.000000E+00  0.000000E+00  0.000000E+00
  -669.000  0.000000E+00  0.000000E+00  0.000000E+00  0.000000E+00  0.000000E+00
  -668.900  0.000000E+00  0.000000E+00  0.000000E+00  0.000000E+00  0.000000E+00
  -668.800  0.000000E+00  0.000000E+00  0.000000E+00  0.000000E+00  0.000000E+00
  -668.700  0.000000E+00  0.000000E+00  0.000000E+00  0.000000E+00  0.000000E+00
  -668.600  0.000000E+00  0.000000E+00  0.000000E+00  0.000000E+00  0.000000E+00
  -668.500  0.000000E+00  0.000000E+00  0.000000E+00  0.000000E+00  0.000000E+00
  -668.400  0.000000E+00  0.000000E+00  0.000000E+00  0.000000E+00  0.000000E+00
  -668.300  0.000000E+00  0.000000E+00  0.000000E+00  0.000000E+00  0.000000E+00
  -668.200  0.000000E+00  0.000000E+00  0.000000E+00  0.000000E+00  0.000000E+00
  -668.100  0.000000E+00  0.000000E+00  0.000000E+00  0.000000E+00  0.000000E+00
  -668.000  0.000000E+00  0.000000E+00  0.000000E+00  0.000000E+00  0.000000E+00
  -667.900  0.000000E+00  0.000000E+00  0.000000E+00  0.000000E+00  0.000000E+00
  -667.800  0.000000E+00  0.000000E+00  0.000000E+00  0.000000E+00  0.000000E+00
  -667.700  0.000000E+00  0.000000E+00  0.000000E+00  0.000000E+00  0.000000E+00
  -667.600  0.000000E+00  0.000000E+00  0.000000E+00  0.000000E+00  0.000000E+00
  -667.500  0.000000E+00  0.000000E+00  0.000000E+00  0.000000E+00  0.000000E+00
  -667.400  0.000000E+00  0.000000E+00  0.000000E+00  0.000000E+00  0.000000E+00
  -667.300  0.000000E+00  0.000000E+00  0.000000E+00  0.000000E+00  0.000000E+00
  -667.200  0.000000E+00  0.000000E+00  0.000000E+00  0.000000E+00  0.000000E+00
  -667.100  0.000000E+00  0.000000E+00  0.000000E+00  0.000000E+00  0.000000E+00
  -667.000  0.000000E+00  0.000000E+00  0.000000E+00  0.000000E+00  0.000000E+00
  -666.900  0.000000E+00  0.000000E+00  0.000000E+00  0.000000E+00  0.000000E+00
  -666.800  0.000000E+00  0.000000E+00  0.000000E+00  0.000000E+00  0.000000E+00
  -666.700  0.000000E+00  0.000000E+00  0.000000E+00  0.000000E+00  0.000000E+00
  -666.600  0.000000E+00  0.000000E+00  0.000000E+00  0.000000E+00  0.000000E+00
  -666.500  0.000000E+00  0.000000E+00  0.000000E+00  0.000000E+00  0.000000E+00
  -666.400  0.000000E+00  0.000000E+00  0.000000E+00  0.000000E+00  0.000000E+00
  -666.300  0.000000E+00  0.000000E+00  0.000000E+00  0.000000E+00  0.000000E+00
  -666.200  0.823648E-05  0.000000E+00  0.000000E+00  0.000000E+00  0.000000E+00
  -666.100  0.121050E-04  0.000000E+00  0.000000E+00  0.000000E+00  0.000000E+00
  -666.000  0.176263E-04  0.000000E+00  0.000000E+00  0.000000E+00  0.000000E+00
  -665.900  0.254243E-04  0.000000E+00  0.000000E+00  0.000000E+00  0.000000E+00
  -665.800  0.363208E-04  0.000000E+00  0.000000E+00  0.000000E+00  0.000000E+00
  -665.700  0.513829E-04  0.900811E-05  0.000000E+00  0.000000E+00  0.000000E+00
  -665.600  0.719754E-04  0.129005E-04  0.910807E-05  0.755079E-05  0.000000E+00
  -665.500  0.998182E-04  0.182941E-04  0.129843E-04  0.107963E-04  0.000000E+00
  -665.400  0.137046E-03  0.256911E-04  0.183327E-04  0.152899E-04  0.840869E-05
  -665.300  0.186267E-03  0.357331E-04  0.256400E-04  0.214514E-04  0.119289E-04
  -665.200  0.250619E-03  0.492315E-04  0.355278E-04  0.298200E-04  0.167736E-04
  -665.100  0.333817E-03  0.672007E-04  0.487828E-04  0.410827E-04  0.233838E-04
  -665.000  0.440192E-03  0.908977E-04  0.663916E-04  0.561063E-04  0.323286E-04
  -664.900  0.574709E-03  0.121866E-03  0.895815E-04  0.759770E-04  0.443371E-04
  -664.800  0.742975E-03  0.161983E-03  0.119868E-03  0.102046E-03  0.603378E-04
  -664.700  0.951215E-03  0.213520E-03  0.159108E-03  0.135982E-03  0.815062E-04
  -664.600  0.120624E-02  0.279202E-03  0.209568E-03  0.179836E-03  0.109323E-03
  -664.500  0.151538E-02  0.362280E-03  0.273994E-03  0.236115E-03  0.145643E-03
  -664.400  0.188641E-02  0.466615E-03  0.355698E-03  0.307868E-03  0.192780E-03
  -664.300  0.232748E-02  0.596768E-03  0.458658E-03  0.398788E-03  0.253608E-03
  -664.200  0.284696E-02  0.758102E-03  0.587633E-03  0.513324E-03  0.331675E-03
  -664.100  0.345340E-02  0.956902E-03  0.748285E-03  0.656819E-03  0.431347E-03
  -664.000  0.415544E-02  0.120050E-02  0.947325E-03  0.835652E-03  0.557958E-03
  -663.900  0.496167E-02  0.149740E-02  0.119267E-02  0.105740E-02  0.717992E-03
  -663.800  0.588062E-02  0.185744E-02  0.149358E-02  0.133101E-02  0.919278E-03
  -663.700  0.692070E-02  0.229190E-02  0.186088E-02  0.166699E-02  0.117120E-02
  -663.600  0.809015E-02  0.281364E-02  0.230704E-02  0.207755E-02  0.148491E-02
  -663.500  0.939700E-02  0.343721E-02  0.284637E-02  0.257679E-02  0.187354E-02
  -663.400  0.108491E-01  0.417891E-02  0.349514E-02  0.318084E-02  0.235244E-02
  -663.300  0.124539E-01  0.505682E-02  0.427163E-02  0.390795E-02  0.293932E-02
  -663.200  0.142187E-01  0.609077E-02  0.519613E-02  0.477855E-02  0.365441E-02
  -663.100  0.161503E-01  0.730220E-02  0.629095E-02  0.581521E-02  0.452056E-02
  -663.000  0.182550E-01  0.871406E-02  0.758027E-02  0.704260E-02  0.556326E-02
  -662.900  0.205386E-01  0.103505E-01  0.908996E-02  0.848729E-02  0.681062E-02
  -662.800  0.230062E-01  0.122367E-01  0.108473E-01  0.101776E-01  0.829322E-02
  -662.700  0.256620E-01  0.143982E-01  0.128808E-01  0.121431E-01  0.100440E-01
  -662.600  0.285101E-01  0.168611E-01  0.152195E-01  0.144147E-01  0.120978E-01
  -662.500  0.315538E-01  0.196514E-01  0.178934E-01  0.170240E-01  0.144915E-01
  -662.400  0.347966E-01  0.227947E-01  0.209323E-01  0.200030E-01  0.172634E-01
  -662.300  0.382424E-01  0.263165E-01  0.243663E-01  0.233843E-01  0.204532E-01
  -662.200  0.418968E-01  0.302422E-01  0.282257E-01  0.272006E-01  0.241016E-01
  -662.100  0.457675E-01  0.345973E-01  0.325412E-01  0.314856E-01  0.282511E-01
  -662.000  0.498663E-01  0.394083E-01  0.373444E-01  0.362735E-01  0.329452E-01
  -661.900  0.542096E-01  0.447036E-01  0.426688E-01  0.416007E-01  0.382301E-01
  -661.800  0.588207E-01  0.505148E-01  0.485507E-01  0.475063E-01  0.441547E-01
  -661.700  0.637304E-01  0.568781E-01  0.550306E-01  0.540336E-01  0.507719E-01
  -661.600  0.689783E-01  0.638359E-01  0.621550E-01  0.612314E-01  0.581401E-01
  -661.500  0.746137E-01  0.714386E-01  0.699780E-01  0.691560E-01  0.663246E-01
  -661.400  0.806954E-01  0.797460E-01  0.785625E-01  0.778727E-01  0.753993E-01
  -661.300  0.872915E-01  0.888290E-01  0.879822E-01  0.874570E-01  0.854478E-01
  -661.200  0.944782E-01  0.987697E-01  0.983222E-01  0.979958E-01  0.965648E-01
  -661.100  0.102337E+00  0.109662E+00  0.109680E+00  0.109588E+00  0.108857E+00
  -661.000  0.110955E+00  0.121611E+00  0.122162E+00  0.122344E+00  0.122441E+00
  -660.900  0.120415E+00  0.134731E+00  0.135889E+00  0.136383E+00  0.137446E+00
  -660.800  0.130800E+00  0.149143E+00  0.150984E+00  0.151834E+00  0.154007E+00
  -660.700  0.142183E+00  0.164969E+00  0.167577E+00  0.168828E+00  0.172264E+00
  -660.600  0.154621E+00  0.182328E+00  0.185793E+00  0.187493E+00  0.192355E+00
  -660.500  0.168157E+00  0.201331E+00  0.205750E+00  0.207952E+00  0.214412E+00
  -660.400  0.182809E+00  0.222072E+00  0.227550E+00  0.230310E+00  0.238550E+00
  -660.300  0.198570E+00  0.244618E+00  0.251271E+00  0.254648E+00  0.264862E+00
  -660.200  0.215404E+00  0.269007E+00  0.276956E+00  0.281015E+00  0.293405E+00
  -660.100  0.233240E+00  0.295233E+00  0.304611E+00  0.309418E+00  0.324198E+00
  -660.000  0.251976E+00  0.323245E+00  0.334189E+00  0.339817E+00  0.357206E+00
  -659.900  0.271473E+00  0.352938E+00  0.365591E+00  0.372112E+00  0.392337E+00
  -659.800  0.291561E+00  0.384147E+00  0.398657E+00  0.406146E+00  0.429436E+00
  -659.700  0.312037E+00  0.416651E+00  0.433163E+00  0.441695E+00  0.468280E+00
  -659.600  0.332671E+00  0.450169E+00  0.468826E+00  0.478473E+00  0.508580E+00
  -659.500  0.353210E+00  0.484362E+00  0.505300E+00  0.516134E+00  0.549978E+00
  -659.400  0.373380E+00  0.518846E+00  0.542189E+00  0.554274E+00  0.592061E+00
  -659.300  0.392902E+00  0.553193E+00  0.579051E+00  0.592445E+00  0.634361E+00
  -659.200  0.411489E+00  0.586948E+00  0.615410E+00  0.630163E+00  0.676371E+00
  -659.100  0.428862E+00  0.619638E+00  0.650774E+00  0.666924E+00  0.717559E+00
  -659.000  0.444753E+00  0.650790E+00  0.684641E+00  0.702216E+00  0.757381E+00
  -658.900  0.458920E+00  0.679945E+00  0.716526E+00  0.735538E+00  0.795298E+00
  -658.800  0.471145E+00  0.706670E+00  0.745965E+00  0.766415E+00  0.830795E+00
  -658.700  0.481251E+00  0.730576E+00  0.772541E+00  0.794410E+00  0.863392E+00
  -658.600  0.489101E+00  0.751331E+00  0.795887E+00  0.819146E+00  0.892666E+00
  -658.500  0.494602E+00  0.768663E+00  0.815705E+00  0.840305E+00  0.918256E+00
  -658.400  0.497712E+00  0.782376E+00  0.831767E+00  0.857648E+00  0.939876E+00
  -658.300  0.498434E+00  0.792347E+00  0.843928E+00  0.871014E+00  0.957323E+00
  -658.200  0.496819E+00  0.798532E+00  0.852117E+00  0.880322E+00  0.970474E+00
  -658.100  0.492963E+00  0.800959E+00  0.856346E+00  0.885569E+00  0.979294E+00
  -658.000  0.486996E+00  0.799726E+00  0.856694E+00  0.886830E+00  0.983822E+00
  -657.900  0.479084E+00  0.794989E+00  0.853308E+00  0.884241E+00  0.984171E+00
  -657.800  0.469416E+00  0.786957E+00  0.846387E+00  0.877998E+00  0.980515E+00
  -657.700  0.458198E+00  0.775876E+00  0.836172E+00  0.868337E+00  0.973074E+00
  -657.600  0.445644E+00  0.762017E+00  0.822935E+00  0.855528E+00  0.962105E+00
  -657.500  0.431972E+00  0.745668E+00  0.806961E+00  0.839855E+00  0.947885E+00
  -657.400  0.417391E+00  0.727117E+00  0.788543E+00  0.821612E+00  0.930700E+00
  -657.300  0.402100E+00  0.706648E+00  0.767967E+00  0.801085E+00  0.910832E+00
  -657.200  0.386279E+00  0.684526E+00  0.745503E+00  0.778544E+00  0.888547E+00
  -657.100  0.370089E+00  0.660997E+00  0.721402E+00  0.754241E+00  0.864091E+00
  -657.000  0.353669E+00  0.636284E+00  0.695889E+00  0.728402E+00  0.837684E+00
  -656.900  0.337134E+00  0.610582E+00  0.669164E+00  0.701227E+00  0.809522E+00
  -656.800  0.320579E+00  0.584063E+00  0.641404E+00  0.672895E+00  0.779774E+00
  -656.700  0.304079E+00  0.556879E+00  0.612766E+00  0.643562E+00  0.748591E+00
  -656.600  0.287696E+00  0.529169E+00  0.583391E+00  0.613373E+00  0.716114E+00
  -656.500  0.271479E+00  0.501058E+00  0.553416E+00  0.582463E+00  0.682477E+00
  -656.400  0.255473E+00  0.472672E+00  0.522972E+00  0.550970E+00  0.647822E+00
  -656.300  0.239717E+00  0.444138E+00  0.492200E+00  0.519039E+00  0.612306E+00
  -656.200  0.224254E+00  0.415588E+00  0.461247E+00  0.486826E+00  0.576105E+00
  -656.100  0.209130E+00  0.387168E+00  0.430278E+00  0.454503E+00  0.539422E+00
  -656.000  0.194397E+00  0.359032E+00  0.399470E+00  0.422262E+00  0.502486E+00
  -655.900  0.180113E+00  0.331346E+00  0.369015E+00  0.390309E+00  0.465554E+00
  -655.800  0.166338E+00  0.304284E+00  0.339118E+00  0.358863E+00  0.428903E+00
  -655.700  0.153141E+00  0.278024E+00  0.309987E+00  0.328154E+00  0.392828E+00
  -655.600  0.140587E+00  0.252742E+00  0.281831E+00  0.298408E+00  0.357626E+00
  -655.500  0.128742E+00  0.228603E+00  0.254851E+00  0.269846E+00  0.323591E+00
  -655.400  0.117666E+00  0.205761E+00  0.229231E+00  0.242672E+00  0.291000E+00
  -655.300  0.107410E+00  0.184348E+00  0.205135E+00  0.217068E+00  0.260104E+00
  -655.200  0.980167E-01  0.164470E+00  0.182695E+00  0.193182E+00  0.231117E+00
  -655.100  0.895141E-01  0.146204E+00  0.162012E+00  0.171130E+00  0.204210E+00
  -655.000  0.819176E-01  0.129597E+00  0.143150E+00  0.150987E+00  0.179505E+00
  -654.900  0.752276E-01  0.114663E+00  0.126137E+00  0.132790E+00  0.157074E+00
  -654.800  0.694308E-01  0.101386E+00  0.110964E+00  0.116535E+00  0.136939E+00
  -654.700  0.645008E-01  0.897216E-01  0.975911E-01  0.102184E+00  0.119074E+00
  -654.600  0.603993E-01  0.796026E-01  0.859472E-01  0.896668E-01  0.103412E+00
  -654.500  0.570782E-01  0.709417E-01  0.759394E-01  0.788875E-01  0.898497E-01
  -654.400  0.544814E-01  0.636368E-01  0.674563E-01  0.697295E-01  0.782561E-01
  -654.300  0.525473E-01  0.575766E-01  0.603745E-01  0.620629E-01  0.684800E-01
  -654.200  0.512106E-01  0.526448E-01  0.545640E-01  0.557502E-01  0.603578E-01
  -654.100  0.504048E-01  0.487253E-01  0.498937E-01  0.506519E-01  0.537210E-01
  -654.000  0.500637E-01  0.457052E-01  0.462358E-01  0.466317E-01  0.484028E-01
  -653.900  0.501231E-01  0.434790E-01  0.434700E-01  0.435606E-01  0.442439E-01
  -653.800  0.505228E-01  0.419502E-01  0.414864E-01  0.413208E-01  0.410966E-01
  -653.700  0.512077E-01  0.410344E-01  0.401877E-01  0.398076E-01  0.388289E-01
  -653.600  0.521290E-01  0.406595E-01  0.394915E-01  0.389320E-01  0.373271E-01
  -653.500  0.532455E-01  0.407678E-01  0.393308E-01  0.386215E-01  0.364971E-01
  -653.400  0.545247E-01  0.413159E-01  0.396550E-01  0.388210E-01  0.362657E-01
  -653.300  0.559444E-01  0.422752E-01  0.404304E-01  0.394931E-01  0.365808E-01
  -653.200  0.574934E-01  0.436321E-01  0.416396E-01  0.406180E-01  0.374114E-01
  -653.100  0.591735E-01  0.453880E-01  0.432819E-01  0.421932E-01  0.387470E-01
  -653.000  0.610011E-01  0.475598E-01  0.453730E-01  0.442336E-01  0.405968E-01
  -652.900  0.630091E-01  0.501795E-01  0.479448E-01  0.467702E-01  0.429884E-01
  -652.800  0.652493E-01  0.532947E-01  0.510448E-01  0.498507E-01  0.459672E-01
  -652.700  0.677941E-01  0.569693E-01  0.547367E-01  0.535384E-01  0.495947E-01
  -652.600  0.707398E-01  0.612837E-01  0.591002E-01  0.579124E-01  0.539477E-01
  -652.500  0.742086E-01  0.663359E-01  0.642311E-01  0.630676E-01  0.591174E-01
  -652.400  0.783509E-01  0.722422E-01  0.702417E-01  0.691143E-01  0.652080E-01
  -652.300  0.833475E-01  0.791382E-01  0.772617E-01  0.761791E-01  0.723368E-01
  -652.200  0.894104E-01  0.871793E-01  0.854379E-01  0.844047E-01  0.806333E-01
  -652.100  0.967838E-01  0.965419E-01  0.949354E-01  0.939502E-01  0.902390E-01
  -652.000  0.105743E+00  0.107423E+00  0.105937E+00  0.104992E+00  0.101307E+00
  -651.900  0.116594E+00  0.120040E+00  0.118644E+00  0.117721E+00  0.114004E+00
  -651.800  0.129666E+00  0.134630E+00  0.133274E+00  0.132346E+00  0.128505E+00
  -651.700  0.145312E+00  0.151446E+00  0.150059E+00  0.149089E+00  0.144997E+00
  -651.600  0.163897E+00  0.170754E+00  0.169243E+00  0.168181E+00  0.163678E+00
  -651.500  0.185790E+00  0.192828E+00  0.191078E+00  0.189863E+00  0.184748E+00
  -651.400  0.211359E+00  0.217943E+00  0.215818E+00  0.214376E+00  0.208413E+00
  -651.300  0.240949E+00  0.246367E+00  0.243709E+00  0.241958E+00  0.234874E+00
  -651.200  0.274881E+00  0.278348E+00  0.274985E+00  0.272831E+00  0.264324E+00
  -651.100  0.313427E+00  0.314109E+00  0.309851E+00  0.307194E+00  0.296939E+00
  -651.000  0.356803E+00  0.353829E+00  0.348479E+00  0.345213E+00  0.332864E+00
  -650.900  0.405152E+00  0.397636E+00  0.390990E+00  0.387005E+00  0.372211E+00
  -650.800  0.458528E+00  0.445589E+00  0.437444E+00  0.432632E+00  0.415039E+00
  -650.700  0.516885E+00  0.497669E+00  0.487828E+00  0.482083E+00  0.461349E+00
  -650.600  0.580064E+00  0.553770E+00  0.542046E+00  0.535269E+00  0.511072E+00
  -650.500  0.647782E+00  0.613685E+00  0.599911E+00  0.592012E+00  0.564061E+00
  -650.400  0.719626E+00  0.677106E+00  0.661137E+00  0.652040E+00  0.620084E+00
  -650.300  0.795049E+00  0.743621E+00  0.725342E+00  0.714983E+00  0.678824E+00
  -650.200  0.873371E+00  0.812711E+00  0.792044E+00  0.780381E+00  0.739877E+00
  -650.100  0.953787E+00  0.883767E+00  0.860671E+00  0.847682E+00  0.802762E+00
  -650.000  0.103537E+01  0.956092E+00  0.930572E+00  0.916260E+00  0.866925E+00
  -649.900  0.111711E+01  0.102892E+01  0.100103E+01  0.985423E+00  0.931756E+00
  -649.800  0.119789E+01  0.110143E+01  0.107129E+01  0.105444E+01  0.996604E+00
  -649.700  0.127658E+01  0.117279E+01  0.114054E+01  0.112253E+01  0.106079E+01
  -649.600  0.135200E+01  0.124213E+01  0.120800E+01  0.118895E+01  0.112364E+01
  -649.500  0.142301E+01  0.130861E+01  0.127288E+01  0.125292E+01  0.118447E+01
  -649.400  0.148850E+01  0.137144E+01  0.133443E+01  0.131373E+01  0.124265E+01
  -649.300  0.154746E+01  0.142987E+01  0.139195E+01  0.137070E+01  0.129757E+01
  -649.200  0.159897E+01  0.148319E+01  0.144478E+01  0.142320E+01  0.134866E+01
  -649.100  0.164226E+01  0.153082E+01  0.149237E+01  0.147067E+01  0.139544E+01
  -649.000  0.167670E+01  0.157223E+01  0.153420E+01  0.151264E+01  0.143744E+01
  -648.900  0.170183E+01  0.160696E+01  0.156984E+01  0.154866E+01  0.147427E+01
  -648.800  0.171738E+01  0.163468E+01  0.159894E+01  0.157840E+01  0.150558E+01
  -648.700  0.172323E+01  0.165510E+01  0.162121E+01  0.160155E+01  0.153107E+01
  -648.600  0.171941E+01  0.166802E+01  0.163644E+01  0.161788E+01  0.155048E+01
  -648.500  0.170614E+01  0.167334E+01  0.164445E+01  0.162722E+01  0.156358E+01
  -648.400  0.168375E+01  0.167099E+01  0.164516E+01  0.162945E+01  0.157021E+01
  -648.300  0.165271E+01  0.166101E+01  0.163854E+01  0.162451E+01  0.157024E+01
  -648.200  0.161359E+01  0.164350E+01  0.162463E+01  0.161242E+01  0.156361E+01
  -648.100  0.156706E+01  0.161865E+01  0.160355E+01  0.159327E+01  0.155030E+01
  -648.000  0.151384E+01  0.158672E+01  0.157548E+01  0.156720E+01  0.153039E+01
  -647.900  0.145475E+01  0.154805E+01  0.154071E+01  0.153447E+01  0.150403E+01
  -647.800  0.139062E+01  0.150308E+01  0.149961E+01  0.149540E+01  0.147144E+01
  -647.700  0.132231E+01  0.145233E+01  0.145262E+01  0.145042E+01  0.143296E+01
  -647.600  0.125073E+01  0.139638E+01  0.140028E+01  0.140004E+01  0.138898E+01
  -647.500  0.117675E+01  0.133589E+01  0.134320E+01  0.134482E+01  0.134002E+01
  -647.400  0.110124E+01  0.127159E+01  0.128205E+01  0.128542E+01  0.128662E+01
  -647.300  0.102504E+01  0.120422E+01  0.121754E+01  0.122254E+01  0.122941E+01
  -647.200  0.948969E+00  0.113457E+01  0.115043E+01  0.115690E+01  0.116905E+01
  -647.100  0.873764E+00  0.106342E+01  0.108149E+01  0.108926E+01  0.110623E+01
  -647.000  0.800112E+00  0.991541E+00  0.101145E+01  0.102036E+01  0.104164E+01
  -646.900  0.728624E+00  0.919666E+00  0.941065E+00  0.950916E+00  0.975958E+00
  -646.800  0.659833E+00  0.848486E+00  0.871009E+00  0.881617E+00  0.909838E+00
  -646.700  0.594186E+00  0.778634E+00  0.801921E+00  0.813099E+00  0.843894E+00
  -646.600  0.532045E+00  0.710672E+00  0.734377E+00  0.745936E+00  0.778693E+00
  -646.500  0.473686E+00  0.645091E+00  0.668881E+00  0.680641E+00  0.714750E+00
  -646.400  0.419303E+00  0.582301E+00  0.605868E+00  0.617655E+00  0.652521E+00
  -646.300  0.369013E+00  0.522640E+00  0.545699E+00  0.557352E+00  0.592407E+00
  -646.200  0.322863E+00  0.466369E+00  0.488667E+00  0.500039E+00  0.534752E+00
  -646.100  0.280837E+00  0.413682E+00  0.434996E+00  0.445957E+00  0.479846E+00
  -646.000  0.242863E+00  0.364704E+00  0.384851E+00  0.395288E+00  0.427927E+00
  -645.900  0.208825E+00  0.319505E+00  0.338336E+00  0.348158E+00  0.379183E+00
  -645.800  0.178570E+00  0.278100E+00  0.295504E+00  0.304638E+00  0.333756E+00
  -645.700  0.151917E+00  0.240455E+00  0.256360E+00  0.264754E+00  0.291740E+00
  -645.600  0.128665E+00  0.206497E+00  0.220863E+00  0.228487E+00  0.253184E+00
  -645.500  0.108600E+00  0.176115E+00  0.188937E+00  0.195777E+00  0.218096E+00
  -645.400  0.915028E-01  0.149168E+00  0.160468E+00  0.166527E+00  0.186441E+00
  -645.300  0.771560E-01  0.125489E+00  0.135314E+00  0.140611E+00  0.158144E+00
  -645.200  0.653490E-01  0.104893E+00  0.113309E+00  0.117874E+00  0.133095E+00
  -645.100  0.558841E-01  0.871800E-01  0.942677E-01  0.981389E-01  0.111156E+00
  -645.000  0.485821E-01  0.721455E-01  0.779920E-01  0.812138E-01  0.921569E-01
  -644.900  0.432871E-01  0.595823E-01  0.642779E-01  0.668973E-01  0.759133E-01
  -644.800  0.398719E-01  0.492894E-01  0.529219E-01  0.549857E-01  0.622257E-01
  -644.700  0.382428E-01  0.410780E-01  0.437272E-01  0.452795E-01  0.508901E-01
  -644.600  0.383435E-01  0.347765E-01  0.365105E-01  0.375896E-01  0.417048E-01
  -644.500  0.401600E-01  0.302362E-01  0.311069E-01  0.317438E-01  0.344771E-01
  -644.400  0.437223E-01  0.273350E-01  0.273750E-01  0.275914E-01  0.290296E-01
  -644.300  0.491065E-01  0.259800E-01  0.252000E-01  0.250066E-01  0.252049E-01
  -644.200  0.564342E-01  0.261091E-01  0.244957E-01  0.238912E-01  0.228696E-01
  -644.100  0.658684E-01  0.276901E-01  0.252045E-01  0.241749E-01  0.219154E-01
  -644.000  0.776073E-01  0.307183E-01  0.272955E-01  0.258140E-01  0.222598E-01
  -643.900  0.918736E-01  0.352120E-01  0.307616E-01  0.287884E-01  0.238443E-01
  -643.800  0.108899E+00  0.412062E-01  0.356136E-01  0.330968E-01  0.266310E-01
  -643.700  0.128906E+00  0.487445E-01  0.418732E-01  0.387501E-01  0.305979E-01
  -643.600  0.152085E+00  0.578691E-01  0.495650E-01  0.457639E-01  0.357331E-01
  -643.500  0.178567E+00  0.686106E-01  0.587071E-01  0.541499E-01  0.420280E-01
  -643.400  0.208400E+00  0.809766E-01  0.693016E-01  0.639068E-01  0.494702E-01
  -643.300  0.241520E+00  0.949416E-01  0.813250E-01  0.750121E-01  0.580362E-01
  -643.200  0.277731E+00  0.110437E+00  0.947205E-01  0.874136E-01  0.676856E-01
  -643.100  0.316684E+00  0.127346E+00  0.109391E+00  0.101024E+00  0.783549E-01
  -643.000  0.357875E+00  0.145494E+00  0.125196E+00  0.115716E+00  0.899543E-01
  -642.900  0.400641E+00  0.164656E+00  0.141948E+00  0.131323E+00  0.102365E+00
  -642.800  0.444175E+00  0.184552E+00  0.159417E+00  0.147636E+00  0.115442E+00
  -642.700  0.487555E+00  0.204859E+00  0.177337E+00  0.164414E+00  0.129010E+00
  -642.600  0.529778E+00  0.225220E+00  0.195409E+00  0.181389E+00  0.142877E+00
  -642.500  0.569808E+00  0.245261E+00  0.213321E+00  0.198273E+00  0.156831E+00
  -642.400  0.606629E+00  0.264603E+00  0.230752E+00  0.214776E+00  0.170656E+00
  -642.300  0.639304E+00  0.282884E+00  0.247393E+00  0.230612E+00  0.184135E+00
  -642.200  0.667026E+00  0.299777E+00  0.262960E+00  0.245518E+00  0.197061E+00
  -642.100  0.689168E+00  0.315004E+00  0.277210E+00  0.259265E+00  0.209248E+00
  -642.000  0.705324E+00  0.328355E+00  0.289949E+00  0.271670E+00  0.220539E+00
  -641.900  0.715334E+00  0.339695E+00  0.301046E+00  0.282605E+00  0.230813E+00
  -641.800  0.719292E+00  0.348979E+00  0.310445E+00  0.292005E+00  0.239993E+00
  -641.700  0.717553E+00  0.356253E+00  0.318163E+00  0.299876E+00  0.248055E+00
  -641.600  0.710703E+00  0.361652E+00  0.324296E+00  0.306298E+00  0.255030E+00
  -641.500  0.699540E+00  0.365407E+00  0.329022E+00  0.311423E+00  0.261005E+00
  -641.400  0.685029E+00  0.367828E+00  0.332591E+00  0.315473E+00  0.266129E+00
  -641.300  0.668259E+00  0.369303E+00  0.335324E+00  0.318738E+00  0.270609E+00
  -641.200  0.650388E+00  0.370278E+00  0.337601E+00  0.321566E+00  0.274705E+00
  -641.100  0.632601E+00  0.371248E+00  0.339847E+00  0.324351E+00  0.278723E+00
  -641.000  0.616052E+00  0.372732E+00  0.342518E+00  0.327519E+00  0.283004E+00
  -640.900  0.601820E+00  0.375252E+00  0.346081E+00  0.331509E+00  0.287912E+00
  -640.800  0.590865E+00  0.379312E+00  0.350989E+00  0.336752E+00  0.293811E+00
  -640.700  0.583989E+00  0.385365E+00  0.357660E+00  0.343644E+00  0.301046E+00
  -640.600  0.581803E+00  0.393789E+00  0.366445E+00  0.352528E+00  0.309920E+00
  -640.500  0.584698E+00  0.404861E+00  0.377608E+00  0.363660E+00  0.320672E+00
  -640.400  0.592824E+00  0.418732E+00  0.391301E+00  0.377192E+00  0.333453E+00
  -640.300  0.606080E+00  0.435407E+00  0.407542E+00  0.393149E+00  0.348309E+00
  -640.200  0.624112E+00  0.454735E+00  0.426210E+00  0.411422E+00  0.365169E+00
  -640.100  0.646320E+00  0.476406E+00  0.447030E+00  0.431758E+00  0.383836E+00
  -640.000  0.671882E+00  0.499955E+00  0.469588E+00  0.453765E+00  0.403994E+00
  -639.900  0.699790E+00  0.524783E+00  0.493342E+00  0.476931E+00  0.425213E+00
  -639.800  0.728890E+00  0.550181E+00  0.517645E+00  0.500640E+00  0.446973E+00
  -639.700  0.757941E+00  0.575368E+00  0.541781E+00  0.524209E+00  0.468688E+00
  -639.600  0.785677E+00  0.599528E+00  0.565000E+00  0.546919E+00  0.489739E+00
  -639.500  0.810866E+00  0.621858E+00  0.586557E+00  0.568057E+00  0.509502E+00
  -639.400  0.832379E+00  0.641607E+00  0.605755E+00  0.586953E+00  0.527390E+00
  -639.300  0.849238E+00  0.658114E+00  0.621979E+00  0.603014E+00  0.542874E+00
  -639.200  0.860666E+00  0.670843E+00  0.634723E+00  0.615750E+00  0.555514E+00
  -639.100  0.866112E+00  0.679400E+00  0.643615E+00  0.624797E+00  0.564975E+00
  -639.000  0.865271E+00  0.683545E+00  0.648420E+00  0.629925E+00  0.571033E+00
  -638.900  0.858080E+00  0.683191E+00  0.649043E+00  0.631035E+00  0.573577E+00
  -638.800  0.844703E+00  0.678394E+00  0.645522E+00  0.628154E+00  0.572603E+00
  -638.700  0.825497E+00  0.669332E+00  0.638005E+00  0.621415E+00  0.568201E+00
  -638.600  0.800983E+00  0.656284E+00  0.626732E+00  0.611041E+00  0.560532E+00
  -638.500  0.771794E+00  0.639600E+00  0.612011E+00  0.597315E+00  0.549815E+00
  -638.400  0.738640E+00  0.619675E+00  0.594190E+00  0.580563E+00  0.536306E+00
  -638.300  0.702259E+00  0.596928E+00  0.573640E+00  0.561132E+00  0.520278E+00
  -638.200  0.663388E+00  0.571779E+00  0.550734E+00  0.539371E+00  0.502014E+00
  -638.100  0.622734E+00  0.544638E+00  0.525838E+00  0.515625E+00  0.481790E+00
  -638.000  0.580954E+00  0.515895E+00  0.499303E+00  0.490224E+00  0.459880E+00
  -637.900  0.538644E+00  0.485917E+00  0.471461E+00  0.463484E+00  0.436545E+00
  -637.800  0.496336E+00  0.455051E+00  0.442630E+00  0.435707E+00  0.412045E+00
  -637.700  0.454497E+00  0.423623E+00  0.413113E+00  0.407184E+00  0.386634E+00
  -637.600  0.413535E+00  0.391947E+00  0.383204E+00  0.378200E+00  0.360569E+00
  -637.500  0.373804E+00  0.360323E+00  0.353192E+00  0.349038E+00  0.334109E+00
  -637.400  0.335607E+00  0.329043E+00  0.323362E+00  0.319977E+00  0.307519E+00
  -637.300  0.299204E+00  0.298389E+00  0.293990E+00  0.291292E+00  0.281065E+00
  -637.200  0.264812E+00  0.268629E+00  0.265346E+00  0.263253E+00  0.255014E+00
  -637.100  0.232607E+00  0.240014E+00  0.237687E+00  0.236117E+00  0.229624E+00
  -637.000  0.202723E+00  0.212773E+00  0.211246E+00  0.210121E+00  0.205139E+00
  -636.900  0.175253E+00  0.187102E+00  0.186232E+00  0.185479E+00  0.181782E+00
  -636.800  0.150245E+00  0.163165E+00  0.162819E+00  0.162368E+00  0.159746E+00
  -636.700  0.127706E+00  0.141083E+00  0.141142E+00  0.140932E+00  0.139188E+00
  -636.600  0.107599E+00  0.120934E+00  0.121294E+00  0.121268E+00  0.120226E+00
  -636.500  0.898512E-01  0.102751E+00  0.103321E+00  0.103432E+00  0.102935E+00
  -636.400  0.743522E-01  0.865266E-01  0.872302E-01  0.874361E-01  0.873483E-01
  -636.300  0.609638E-01  0.722106E-01  0.729861E-01  0.732529E-01  0.734586E-01
  -636.200  0.495253E-01  0.597202E-01  0.605187E-01  0.608187E-01  0.612220E-01
  -636.100  0.398600E-01  0.489442E-01  0.497286E-01  0.500401E-01  0.505640E-01
  -636.000  0.317832E-01  0.397505E-01  0.404940E-01  0.408009E-01  0.413850E-01
  -635.900  0.251078E-01  0.319928E-01  0.326777E-01  0.329685E-01  0.335675E-01
  -635.800  0.196511E-01  0.255181E-01  0.261338E-01  0.264010E-01  0.269825E-01
  -635.700  0.152388E-01  0.201721E-01  0.207141E-01  0.209533E-01  0.214956E-01
  -635.600  0.117094E-01  0.158046E-01  0.162728E-01  0.164823E-01  0.169722E-01
  -635.500  0.891607E-02  0.122737E-01  0.126711E-01  0.128511E-01  0.132821E-01
  -635.400  0.672828E-02  0.944816E-02  0.978017E-02  0.993198E-02  0.103028E-01
  -635.300  0.503231E-02  0.720984E-02  0.748306E-02  0.760901E-02  0.792161E-02
  -635.200  0.373084E-02  0.545419E-02  0.567581E-02  0.577870E-02  0.603749E-02
  -635.100  0.274196E-02  0.409048E-02  0.426780E-02  0.435062E-02  0.456128E-02
  -635.000  0.199786E-02  0.304134E-02  0.318135E-02  0.324708E-02  0.341588E-02
  -634.900  0.144328E-02  0.224183E-02  0.235095E-02  0.240242E-02  0.253566E-02
  -634.800  0.103381E-02  0.163824E-02  0.172222E-02  0.176199E-02  0.186567E-02
  -634.700  0.734257E-03  0.118678E-02  0.125061E-02  0.128095E-02  0.136052E-02
  -634.600  0.517105E-03  0.852216E-03  0.900146E-03  0.922997E-03  0.983249E-03
  -634.500  0.361098E-03  0.606567E-03  0.642123E-03  0.659122E-03  0.704150E-03
  -634.400  0.250018E-03  0.427866E-03  0.453927E-03  0.466419E-03  0.499638E-03
  -634.300  0.171627E-03  0.299074E-03  0.317949E-03  0.327016E-03  0.351214E-03
  -634.200  0.116797E-03  0.207123E-03  0.220630E-03  0.227132E-03  0.244538E-03
  -634.100  0.787870E-04  0.142096E-03  0.151648E-03  0.156254E-03  0.168618E-03
  -634.000  0.526739E-04  0.965518E-04  0.103226E-03  0.106450E-03  0.115125E-03
  -633.900  0.348967E-04  0.649656E-04  0.695740E-04  0.718030E-04  0.778140E-04
  -633.800  0.229058E-04  0.432778E-04  0.464215E-04  0.479441E-04  0.520580E-04
  -633.700  0.148934E-04  0.285377E-04  0.306564E-04  0.316838E-04  0.344646E-04
  -633.600  0.959057E-05  0.186232E-04  0.200339E-04  0.207188E-04  0.225752E-04
  -633.500  0.000000E+00  0.120250E-04  0.129529E-04  0.134038E-04  0.146278E-04
  -633.400  0.000000E+00  0.768114E-05  0.828400E-05  0.857721E-05  0.937419E-05
  -633.300  0.000000E+00  0.000000E+00  0.000000E+00  0.000000E+00  0.000000E+00
  -633.200  0.000000E+00  0.000000E+00  0.000000E+00  0.000000E+00  0.000000E+00
  -633.100  0.000000E+00  0.000000E+00  0.000000E+00  0.000000E+00  0.000000E+00
  -633.000  0.000000E+00  0.000000E+00  0.000000E+00  0.000000E+00  0.000000E+00
  -632.900  0.000000E+00  0.000000E+00  0.000000E+00  0.000000E+00  0.000000E+00
  -632.800  0.000000E+00  0.000000E+00  0.000000E+00  0.000000E+00  0.000000E+00
  -632.700  0.000000E+00  0.000000E+00  0.000000E+00  0.000000E+00  0.000000E+00
  -632.600  0.000000E+00  0.000000E+00  0.000000E+00  0.000000E+00  0.000000E+00
  -632.500  0.000000E+00  0.000000E+00  0.000000E+00  0.000000E+00  0.000000E+00
  -632.400  0.000000E+00  0.000000E+00  0.000000E+00  0.000000E+00  0.000000E+00
  -632.300  0.000000E+00  0.000000E+00  0.000000E+00  0.000000E+00  0.000000E+00
  -632.200  0.000000E+00  0.000000E+00  0.000000E+00  0.000000E+00  0.000000E+00
  -632.100  0.000000E+00  0.000000E+00  0.000000E+00  0.000000E+00  0.000000E+00
  -632.000  0.000000E+00  0.000000E+00  0.000000E+00  0.000000E+00  0.000000E+00
  -631.900  0.000000E+00  0.000000E+00  0.000000E+00  0.000000E+00  0.000000E+00
  -631.800  0.000000E+00  0.000000E+00  0.000000E+00  0.000000E+00  0.000000E+00
  -631.700  0.000000E+00  0.000000E+00  0.000000E+00  0.000000E+00  0.000000E+00
  -631.600  0.000000E+00  0.000000E+00  0.000000E+00  0.000000E+00  0.000000E+00
  -631.500  0.000000E+00  0.000000E+00  0.000000E+00  0.000000E+00  0.000000E+00
  -631.400  0.000000E+00  0.000000E+00  0.000000E+00  0.000000E+00  0.000000E+00
  -631.300  0.000000E+00  0.000000E+00  0.000000E+00  0.000000E+00  0.000000E+00
  -631.200  0.000000E+00  0.000000E+00  0.000000E+00  0.000000E+00  0.000000E+00
  -631.100  0.000000E+00  0.000000E+00  0.000000E+00  0.000000E+00  0.000000E+00
  -631.000  0.000000E+00  0.000000E+00  0.000000E+00  0.000000E+00  0.000000E+00
  -630.900  0.000000E+00  0.000000E+00  0.000000E+00  0.000000E+00  0.000000E+00
  -630.800  0.000000E+00  0.000000E+00  0.000000E+00  0.000000E+00  0.000000E+00
  -630.700  0.000000E+00  0.000000E+00  0.000000E+00  0.000000E+00  0.000000E+00
  -630.600  0.000000E+00  0.000000E+00  0.000000E+00  0.000000E+00  0.000000E+00
  -630.500  0.000000E+00  0.000000E+00  0.000000E+00  0.000000E+00  0.000000E+00
  -630.400  0.000000E+00  0.000000E+00  0.000000E+00  0.000000E+00  0.000000E+00
  -630.300  0.000000E+00  0.000000E+00  0.000000E+00  0.000000E+00  0.000000E+00
  -630.200  0.000000E+00  0.000000E+00  0.000000E+00  0.000000E+00  0.000000E+00
  -630.100  0.000000E+00  0.000000E+00  0.000000E+00  0.000000E+00  0.000000E+00
  -630.000  0.000000E+00  0.000000E+00  0.000000E+00  0.000000E+00  0.000000E+00
  -629.900  0.000000E+00  0.000000E+00  0.000000E+00  0.000000E+00  0.000000E+00
  -629.800  0.000000E+00  0.000000E+00  0.000000E+00  0.000000E+00  0.000000E+00
  -629.700  0.000000E+00  0.000000E+00  0.000000E+00  0.000000E+00  0.000000E+00
  -629.600  0.000000E+00  0.000000E+00  0.000000E+00  0.000000E+00  0.000000E+00
  -629.500  0.000000E+00  0.000000E+00  0.000000E+00  0.000000E+00  0.000000E+00
  -629.400  0.000000E+00  0.000000E+00  0.000000E+00  0.000000E+00  0.000000E+00
  -629.300  0.000000E+00  0.000000E+00  0.000000E+00  0.000000E+00  0.000000E+00
  -629.200  0.000000E+00  0.000000E+00  0.000000E+00  0.000000E+00  0.000000E+00
  -629.100  0.000000E+00  0.000000E+00  0.000000E+00  0.000000E+00  0.000000E+00
  -629.000  0.000000E+00  0.000000E+00  0.000000E+00  0.000000E+00  0.000000E+00
  -628.900  0.000000E+00  0.000000E+00  0.000000E+00  0.000000E+00  0.000000E+00
  -628.800  0.000000E+00  0.000000E+00  0.000000E+00  0.000000E+00  0.000000E+00
  -628.700  0.000000E+00  0.000000E+00  0.000000E+00  0.000000E+00  0.000000E+00
  -628.600  0.000000E+00  0.000000E+00  0.000000E+00  0.000000E+00  0.000000E+00
  -628.500  0.000000E+00  0.000000E+00  0.000000E+00  0.000000E+00  0.000000E+00
  -628.400  0.000000E+00  0.000000E+00  0.000000E+00  0.000000E+00  0.000000E+00
  -628.300  0.000000E+00  0.000000E+00  0.000000E+00  0.000000E+00  0.000000E+00
  -628.200  0.000000E+00  0.000000E+00  0.000000E+00  0.000000E+00  0.000000E+00
  -628.100  0.000000E+00  0.000000E+00  0.000000E+00  0.000000E+00  0.000000E+00
  -628.000  0.000000E+00  0.000000E+00  0.000000E+00  0.000000E+00  0.000000E+00
  -627.900  0.000000E+00  0.000000E+00  0.000000E+00  0.000000E+00  0.000000E+00
  -627.800  0.000000E+00  0.000000E+00  0.000000E+00  0.000000E+00  0.000000E+00
  -627.700  0.000000E+00  0.000000E+00  0.000000E+00  0.000000E+00  0.000000E+00
  -627.600  0.000000E+00  0.000000E+00  0.000000E+00  0.000000E+00  0.000000E+00
  -627.500  0.000000E+00  0.000000E+00  0.000000E+00  0.000000E+00  0.000000E+00
  -627.400  0.000000E+00  0.000000E+00  0.000000E+00  0.000000E+00  0.000000E+00
  -627.300  0.000000E+00  0.000000E+00  0.000000E+00  0.000000E+00  0.000000E+00
  -627.200  0.000000E+00  0.000000E+00  0.000000E+00  0.000000E+00  0.000000E+00
  -627.100  0.000000E+00  0.000000E+00  0.000000E+00  0.000000E+00  0.000000E+00
  -627.000  0.000000E+00  0.000000E+00  0.000000E+00  0.000000E+00  0.000000E+00
  -626.900  0.000000E+00  0.000000E+00  0.000000E+00  0.000000E+00  0.000000E+00
  -626.800  0.000000E+00  0.000000E+00  0.000000E+00  0.000000E+00  0.000000E+00
  -626.700  0.000000E+00  0.000000E+00  0.000000E+00  0.000000E+00  0.000000E+00
  -626.600  0.000000E+00  0.000000E+00  0.000000E+00  0.000000E+00  0.000000E+00
  -626.500  0.000000E+00  0.000000E+00  0.000000E+00  0.000000E+00  0.000000E+00
  -626.400  0.000000E+00  0.000000E+00  0.000000E+00  0.000000E+00  0.000000E+00
  -626.300  0.000000E+00  0.000000E+00  0.000000E+00  0.000000E+00  0.000000E+00
  -626.200  0.000000E+00  0.000000E+00  0.000000E+00  0.000000E+00  0.000000E+00
  -626.100  0.000000E+00  0.000000E+00  0.000000E+00  0.000000E+00  0.000000E+00
  -626.000  0.000000E+00  0.000000E+00  0.000000E+00  0.000000E+00  0.000000E+00
  -625.900  0.000000E+00  0.000000E+00  0.000000E+00  0.000000E+00  0.000000E+00
  -625.800  0.000000E+00  0.000000E+00  0.000000E+00  0.000000E+00  0.000000E+00
  -625.700  0.000000E+00  0.000000E+00  0.000000E+00  0.000000E+00  0.000000E+00
  -625.600  0.000000E+00  0.000000E+00  0.000000E+00  0.000000E+00  0.000000E+00
  -625.500  0.000000E+00  0.000000E+00  0.000000E+00  0.000000E+00  0.000000E+00
  -625.400  0.000000E+00  0.000000E+00  0.000000E+00  0.000000E+00  0.000000E+00
  -625.300  0.000000E+00  0.000000E+00  0.000000E+00  0.000000E+00  0.000000E+00
  -625.200  0.000000E+00  0.000000E+00  0.000000E+00  0.000000E+00  0.000000E+00
  -625.100  0.000000E+00  0.000000E+00  0.000000E+00  0.000000E+00  0.000000E+00
  -625.000  0.000000E+00  0.000000E+00  0.000000E+00  0.000000E+00  0.000000E+00
  -624.900  0.000000E+00  0.000000E+00  0.000000E+00  0.000000E+00  0.000000E+00
  -624.800  0.000000E+00  0.000000E+00  0.000000E+00  0.000000E+00  0.000000E+00
  -624.700  0.000000E+00  0.000000E+00  0.000000E+00  0.000000E+00  0.000000E+00
  -624.600  0.000000E+00  0.000000E+00  0.000000E+00  0.000000E+00  0.000000E+00
  -624.500  0.000000E+00  0.000000E+00  0.000000E+00  0.000000E+00  0.000000E+00
  -624.400  0.000000E+00  0.000000E+00  0.000000E+00  0.000000E+00  0.000000E+00
  -624.300  0.000000E+00  0.000000E+00  0.000000E+00  0.000000E+00  0.000000E+00
  -624.200  0.000000E+00  0.000000E+00  0.000000E+00  0.000000E+00  0.000000E+00
  -624.100  0.000000E+00  0.000000E+00  0.000000E+00  0.000000E+00  0.000000E+00
  -624.000  0.000000E+00  0.000000E+00  0.000000E+00  0.000000E+00  0.000000E+00
  -623.900  0.000000E+00  0.000000E+00  0.000000E+00  0.000000E+00  0.000000E+00
  -623.800  0.000000E+00  0.000000E+00  0.000000E+00  0.000000E+00  0.000000E+00
  -623.700  0.000000E+00  0.000000E+00  0.000000E+00  0.000000E+00  0.000000E+00
  -623.600  0.000000E+00  0.000000E+00  0.000000E+00  0.000000E+00  0.000000E+00
  -623.500  0.000000E+00  0.000000E+00  0.000000E+00  0.000000E+00  0.000000E+00
  -623.400  0.000000E+00  0.000000E+00  0.000000E+00  0.000000E+00  0.000000E+00
  -623.300  0.000000E+00  0.000000E+00  0.000000E+00  0.000000E+00  0.000000E+00
  -623.200  0.000000E+00  0.000000E+00  0.000000E+00  0.000000E+00  0.000000E+00
  -623.100  0.000000E+00  0.000000E+00  0.000000E+00  0.000000E+00  0.000000E+00
  -623.000  0.000000E+00  0.000000E+00  0.000000E+00  0.000000E+00  0.000000E+00
  -622.900  0.000000E+00  0.000000E+00  0.000000E+00  0.000000E+00  0.000000E+00
  -622.800  0.000000E+00  0.000000E+00  0.000000E+00  0.000000E+00  0.000000E+00
  -622.700  0.000000E+00  0.000000E+00  0.000000E+00  0.000000E+00  0.000000E+00
  -622.600  0.000000E+00  0.000000E+00  0.000000E+00  0.000000E+00  0.000000E+00
  -622.500  0.000000E+00  0.000000E+00  0.000000E+00  0.000000E+00  0.000000E+00
  -622.400  0.000000E+00  0.000000E+00  0.000000E+00  0.000000E+00  0.000000E+00
  -622.300  0.000000E+00  0.000000E+00  0.000000E+00  0.000000E+00  0.000000E+00
  -622.200  0.000000E+00  0.000000E+00  0.000000E+00  0.000000E+00  0.000000E+00
  -622.100  0.000000E+00  0.000000E+00  0.000000E+00  0.000000E+00  0.000000E+00
  -622.000  0.000000E+00  0.000000E+00  0.000000E+00  0.000000E+00  0.000000E+00
  -621.900  0.000000E+00  0.000000E+00  0.000000E+00  0.000000E+00  0.000000E+00
  -621.800  0.000000E+00  0.000000E+00  0.000000E+00  0.000000E+00  0.000000E+00
  -621.700  0.000000E+00  0.000000E+00  0.000000E+00  0.000000E+00  0.000000E+00
  -621.600  0.000000E+00  0.000000E+00  0.000000E+00  0.000000E+00  0.000000E+00
  -621.500  0.000000E+00  0.000000E+00  0.000000E+00  0.000000E+00  0.000000E+00
  -621.400  0.000000E+00  0.000000E+00  0.000000E+00  0.000000E+00  0.000000E+00
  -621.300  0.000000E+00  0.000000E+00  0.000000E+00  0.000000E+00  0.000000E+00
  -621.200  0.000000E+00  0.000000E+00  0.000000E+00  0.000000E+00  0.000000E+00
  -621.100  0.000000E+00  0.000000E+00  0.000000E+00  0.000000E+00  0.000000E+00
  -621.000  0.000000E+00  0.000000E+00  0.000000E+00  0.000000E+00  0.000000E+00
  -620.900  0.000000E+00  0.000000E+00  0.000000E+00  0.000000E+00  0.000000E+00
  -620.800  0.000000E+00  0.000000E+00  0.000000E+00  0.000000E+00  0.000000E+00
  -620.700  0.000000E+00  0.000000E+00  0.000000E+00  0.000000E+00  0.000000E+00
  -620.600  0.000000E+00  0.000000E+00  0.000000E+00  0.000000E+00  0.000000E+00
  -620.500  0.000000E+00  0.000000E+00  0.000000E+00  0.000000E+00  0.000000E+00
  -620.400  0.000000E+00  0.000000E+00  0.000000E+00  0.000000E+00  0.000000E+00
  -620.300  0.000000E+00  0.000000E+00  0.000000E+00  0.000000E+00  0.000000E+00
  -620.200  0.000000E+00  0.000000E+00  0.000000E+00  0.000000E+00  0.000000E+00
  -620.100  0.000000E+00  0.000000E+00  0.000000E+00  0.000000E+00  0.000000E+00
  -620.000  0.000000E+00  0.000000E+00  0.000000E+00  0.000000E+00  0.000000E+00
