 x      300.00000000000000        873.00000000000000        1273.0000000000000        1673.0000000000000     
  -680.000  0.000000E+00  0.000000E+00  0.000000E+00  0.000000E+00  0.000000E+00
  -679.900  0.000000E+00  0.000000E+00  0.000000E+00  0.000000E+00  0.000000E+00
  -679.800  0.000000E+00  0.000000E+00  0.000000E+00  0.000000E+00  0.000000E+00
  -679.700  0.000000E+00  0.000000E+00  0.000000E+00  0.000000E+00  0.000000E+00
  -679.600  0.000000E+00  0.000000E+00  0.000000E+00  0.000000E+00  0.000000E+00
  -679.500  0.000000E+00  0.000000E+00  0.000000E+00  0.000000E+00  0.000000E+00
  -679.400  0.000000E+00  0.000000E+00  0.000000E+00  0.000000E+00  0.000000E+00
  -679.300  0.000000E+00  0.000000E+00  0.000000E+00  0.000000E+00  0.000000E+00
  -679.200  0.000000E+00  0.000000E+00  0.000000E+00  0.000000E+00  0.000000E+00
  -679.100  0.000000E+00  0.000000E+00  0.000000E+00  0.000000E+00  0.000000E+00
  -679.000  0.000000E+00  0.000000E+00  0.000000E+00  0.000000E+00  0.000000E+00
  -678.900  0.000000E+00  0.000000E+00  0.000000E+00  0.000000E+00  0.000000E+00
  -678.800  0.000000E+00  0.000000E+00  0.000000E+00  0.000000E+00  0.000000E+00
  -678.700  0.000000E+00  0.000000E+00  0.000000E+00  0.000000E+00  0.000000E+00
  -678.600  0.000000E+00  0.000000E+00  0.000000E+00  0.000000E+00  0.000000E+00
  -678.500  0.000000E+00  0.000000E+00  0.000000E+00  0.000000E+00  0.000000E+00
  -678.400  0.000000E+00  0.000000E+00  0.000000E+00  0.000000E+00  0.000000E+00
  -678.300  0.000000E+00  0.000000E+00  0.000000E+00  0.000000E+00  0.000000E+00
  -678.200  0.000000E+00  0.000000E+00  0.000000E+00  0.000000E+00  0.000000E+00
  -678.100  0.000000E+00  0.000000E+00  0.000000E+00  0.000000E+00  0.000000E+00
  -678.000  0.000000E+00  0.000000E+00  0.000000E+00  0.000000E+00  0.000000E+00
  -677.900  0.000000E+00  0.000000E+00  0.000000E+00  0.000000E+00  0.000000E+00
  -677.800  0.000000E+00  0.000000E+00  0.000000E+00  0.000000E+00  0.000000E+00
  -677.700  0.000000E+00  0.000000E+00  0.000000E+00  0.000000E+00  0.000000E+00
  -677.600  0.000000E+00  0.000000E+00  0.000000E+00  0.000000E+00  0.000000E+00
  -677.500  0.000000E+00  0.000000E+00  0.000000E+00  0.000000E+00  0.000000E+00
  -677.400  0.000000E+00  0.000000E+00  0.000000E+00  0.000000E+00  0.000000E+00
  -677.300  0.000000E+00  0.000000E+00  0.000000E+00  0.000000E+00  0.000000E+00
  -677.200  0.000000E+00  0.000000E+00  0.000000E+00  0.000000E+00  0.000000E+00
  -677.100  0.000000E+00  0.000000E+00  0.000000E+00  0.000000E+00  0.000000E+00
  -677.000  0.000000E+00  0.000000E+00  0.000000E+00  0.000000E+00  0.000000E+00
  -676.900  0.000000E+00  0.000000E+00  0.000000E+00  0.000000E+00  0.000000E+00
  -676.800  0.000000E+00  0.000000E+00  0.000000E+00  0.000000E+00  0.000000E+00
  -676.700  0.000000E+00  0.000000E+00  0.000000E+00  0.000000E+00  0.000000E+00
  -676.600  0.000000E+00  0.000000E+00  0.000000E+00  0.000000E+00  0.000000E+00
  -676.500  0.000000E+00  0.000000E+00  0.000000E+00  0.000000E+00  0.000000E+00
  -676.400  0.000000E+00  0.000000E+00  0.000000E+00  0.000000E+00  0.000000E+00
  -676.300  0.000000E+00  0.000000E+00  0.000000E+00  0.000000E+00  0.000000E+00
  -676.200  0.000000E+00  0.000000E+00  0.000000E+00  0.000000E+00  0.000000E+00
  -676.100  0.000000E+00  0.000000E+00  0.000000E+00  0.000000E+00  0.000000E+00
  -676.000  0.000000E+00  0.000000E+00  0.000000E+00  0.000000E+00  0.000000E+00
  -675.900  0.000000E+00  0.000000E+00  0.000000E+00  0.000000E+00  0.000000E+00
  -675.800  0.000000E+00  0.000000E+00  0.000000E+00  0.000000E+00  0.000000E+00
  -675.700  0.000000E+00  0.000000E+00  0.000000E+00  0.000000E+00  0.000000E+00
  -675.600  0.000000E+00  0.000000E+00  0.000000E+00  0.000000E+00  0.000000E+00
  -675.500  0.000000E+00  0.000000E+00  0.000000E+00  0.000000E+00  0.000000E+00
  -675.400  0.000000E+00  0.000000E+00  0.000000E+00  0.000000E+00  0.000000E+00
  -675.300  0.000000E+00  0.000000E+00  0.000000E+00  0.000000E+00  0.000000E+00
  -675.200  0.000000E+00  0.000000E+00  0.000000E+00  0.000000E+00  0.000000E+00
  -675.100  0.000000E+00  0.000000E+00  0.000000E+00  0.000000E+00  0.000000E+00
  -675.000  0.000000E+00  0.000000E+00  0.000000E+00  0.000000E+00  0.000000E+00
  -674.900  0.000000E+00  0.000000E+00  0.000000E+00  0.000000E+00  0.000000E+00
  -674.800  0.000000E+00  0.000000E+00  0.000000E+00  0.000000E+00  0.000000E+00
  -674.700  0.000000E+00  0.000000E+00  0.000000E+00  0.000000E+00  0.000000E+00
  -674.600  0.000000E+00  0.000000E+00  0.000000E+00  0.000000E+00  0.000000E+00
  -674.500  0.000000E+00  0.000000E+00  0.000000E+00  0.000000E+00  0.000000E+00
  -674.400  0.000000E+00  0.000000E+00  0.000000E+00  0.000000E+00  0.000000E+00
  -674.300  0.000000E+00  0.000000E+00  0.000000E+00  0.000000E+00  0.000000E+00
  -674.200  0.000000E+00  0.000000E+00  0.000000E+00  0.000000E+00  0.000000E+00
  -674.100  0.000000E+00  0.000000E+00  0.000000E+00  0.000000E+00  0.000000E+00
  -674.000  0.000000E+00  0.000000E+00  0.000000E+00  0.000000E+00  0.000000E+00
  -673.900  0.000000E+00  0.000000E+00  0.000000E+00  0.000000E+00  0.000000E+00
  -673.800  0.000000E+00  0.000000E+00  0.000000E+00  0.000000E+00  0.000000E+00
  -673.700  0.000000E+00  0.000000E+00  0.000000E+00  0.000000E+00  0.000000E+00
  -673.600  0.000000E+00  0.000000E+00  0.000000E+00  0.000000E+00  0.000000E+00
  -673.500  0.000000E+00  0.000000E+00  0.000000E+00  0.000000E+00  0.000000E+00
  -673.400  0.000000E+00  0.000000E+00  0.000000E+00  0.000000E+00  0.000000E+00
  -673.300  0.000000E+00  0.000000E+00  0.000000E+00  0.000000E+00  0.000000E+00
  -673.200  0.000000E+00  0.000000E+00  0.000000E+00  0.000000E+00  0.000000E+00
  -673.100  0.000000E+00  0.000000E+00  0.000000E+00  0.000000E+00  0.000000E+00
  -673.000  0.000000E+00  0.000000E+00  0.000000E+00  0.000000E+00  0.000000E+00
  -672.900  0.000000E+00  0.000000E+00  0.000000E+00  0.000000E+00  0.000000E+00
  -672.800  0.000000E+00  0.000000E+00  0.000000E+00  0.000000E+00  0.000000E+00
  -672.700  0.000000E+00  0.000000E+00  0.000000E+00  0.000000E+00  0.000000E+00
  -672.600  0.000000E+00  0.000000E+00  0.000000E+00  0.000000E+00  0.000000E+00
  -672.500  0.000000E+00  0.000000E+00  0.000000E+00  0.000000E+00  0.000000E+00
  -672.400  0.000000E+00  0.000000E+00  0.000000E+00  0.000000E+00  0.000000E+00
  -672.300  0.000000E+00  0.000000E+00  0.000000E+00  0.000000E+00  0.000000E+00
  -672.200  0.000000E+00  0.000000E+00  0.000000E+00  0.000000E+00  0.000000E+00
  -672.100  0.000000E+00  0.000000E+00  0.000000E+00  0.000000E+00  0.000000E+00
  -672.000  0.000000E+00  0.000000E+00  0.000000E+00  0.000000E+00  0.000000E+00
  -671.900  0.000000E+00  0.000000E+00  0.000000E+00  0.000000E+00  0.000000E+00
  -671.800  0.000000E+00  0.000000E+00  0.000000E+00  0.000000E+00  0.000000E+00
  -671.700  0.000000E+00  0.000000E+00  0.000000E+00  0.000000E+00  0.000000E+00
  -671.600  0.000000E+00  0.000000E+00  0.000000E+00  0.000000E+00  0.000000E+00
  -671.500  0.000000E+00  0.000000E+00  0.000000E+00  0.000000E+00  0.000000E+00
  -671.400  0.000000E+00  0.000000E+00  0.000000E+00  0.000000E+00  0.000000E+00
  -671.300  0.000000E+00  0.000000E+00  0.000000E+00  0.000000E+00  0.000000E+00
  -671.200  0.000000E+00  0.000000E+00  0.000000E+00  0.000000E+00  0.000000E+00
  -671.100  0.000000E+00  0.000000E+00  0.000000E+00  0.000000E+00  0.000000E+00
  -671.000  0.000000E+00  0.000000E+00  0.000000E+00  0.000000E+00  0.000000E+00
  -670.900  0.000000E+00  0.000000E+00  0.000000E+00  0.000000E+00  0.000000E+00
  -670.800  0.000000E+00  0.000000E+00  0.000000E+00  0.000000E+00  0.000000E+00
  -670.700  0.000000E+00  0.000000E+00  0.000000E+00  0.000000E+00  0.000000E+00
  -670.600  0.000000E+00  0.000000E+00  0.000000E+00  0.000000E+00  0.000000E+00
  -670.500  0.000000E+00  0.000000E+00  0.000000E+00  0.000000E+00  0.000000E+00
  -670.400  0.000000E+00  0.000000E+00  0.000000E+00  0.000000E+00  0.000000E+00
  -670.300  0.000000E+00  0.000000E+00  0.000000E+00  0.000000E+00  0.000000E+00
  -670.200  0.000000E+00  0.000000E+00  0.000000E+00  0.000000E+00  0.000000E+00
  -670.100  0.000000E+00  0.000000E+00  0.000000E+00  0.000000E+00  0.000000E+00
  -670.000  0.000000E+00  0.000000E+00  0.000000E+00  0.000000E+00  0.000000E+00
  -669.900  0.000000E+00  0.000000E+00  0.000000E+00  0.000000E+00  0.000000E+00
  -669.800  0.000000E+00  0.000000E+00  0.000000E+00  0.000000E+00  0.000000E+00
  -669.700  0.000000E+00  0.000000E+00  0.000000E+00  0.000000E+00  0.000000E+00
  -669.600  0.000000E+00  0.000000E+00  0.000000E+00  0.000000E+00  0.000000E+00
  -669.500  0.000000E+00  0.000000E+00  0.000000E+00  0.000000E+00  0.000000E+00
  -669.400  0.000000E+00  0.000000E+00  0.000000E+00  0.000000E+00  0.000000E+00
  -669.300  0.000000E+00  0.000000E+00  0.000000E+00  0.000000E+00  0.000000E+00
  -669.200  0.000000E+00  0.000000E+00  0.000000E+00  0.000000E+00  0.000000E+00
  -669.100  0.000000E+00  0.000000E+00  0.000000E+00  0.000000E+00  0.000000E+00
  -669.000  0.000000E+00  0.000000E+00  0.000000E+00  0.000000E+00  0.000000E+00
  -668.900  0.000000E+00  0.000000E+00  0.000000E+00  0.000000E+00  0.000000E+00
  -668.800  0.000000E+00  0.000000E+00  0.000000E+00  0.000000E+00  0.000000E+00
  -668.700  0.000000E+00  0.000000E+00  0.000000E+00  0.000000E+00  0.000000E+00
  -668.600  0.000000E+00  0.000000E+00  0.000000E+00  0.000000E+00  0.000000E+00
  -668.500  0.000000E+00  0.000000E+00  0.000000E+00  0.000000E+00  0.000000E+00
  -668.400  0.000000E+00  0.000000E+00  0.000000E+00  0.000000E+00  0.000000E+00
  -668.300  0.000000E+00  0.000000E+00  0.000000E+00  0.000000E+00  0.000000E+00
  -668.200  0.000000E+00  0.000000E+00  0.000000E+00  0.000000E+00  0.000000E+00
  -668.100  0.000000E+00  0.000000E+00  0.000000E+00  0.000000E+00  0.000000E+00
  -668.000  0.000000E+00  0.000000E+00  0.000000E+00  0.000000E+00  0.000000E+00
  -667.900  0.000000E+00  0.000000E+00  0.000000E+00  0.000000E+00  0.000000E+00
  -667.800  0.000000E+00  0.000000E+00  0.000000E+00  0.000000E+00  0.000000E+00
  -667.700  0.000000E+00  0.000000E+00  0.000000E+00  0.000000E+00  0.000000E+00
  -667.600  0.000000E+00  0.000000E+00  0.000000E+00  0.000000E+00  0.000000E+00
  -667.500  0.000000E+00  0.000000E+00  0.000000E+00  0.000000E+00  0.000000E+00
  -667.400  0.000000E+00  0.000000E+00  0.000000E+00  0.000000E+00  0.000000E+00
  -667.300  0.000000E+00  0.000000E+00  0.000000E+00  0.000000E+00  0.000000E+00
  -667.200  0.000000E+00  0.000000E+00  0.000000E+00  0.000000E+00  0.000000E+00
  -667.100  0.000000E+00  0.000000E+00  0.000000E+00  0.000000E+00  0.000000E+00
  -667.000  0.000000E+00  0.000000E+00  0.000000E+00  0.000000E+00  0.000000E+00
  -666.900  0.000000E+00  0.000000E+00  0.000000E+00  0.000000E+00  0.000000E+00
  -666.800  0.204310E-04  0.162853E-04  0.149849E-04  0.142868E-04  0.000000E+00
  -666.700  0.308874E-04  0.246717E-04  0.227266E-04  0.216819E-04  0.183475E-04
  -666.600  0.463045E-04  0.370740E-04  0.341906E-04  0.326411E-04  0.276905E-04
  -666.500  0.688375E-04  0.552611E-04  0.510250E-04  0.487472E-04  0.414612E-04
  -666.400  0.101479E-03  0.817038E-04  0.755356E-04  0.722166E-04  0.615880E-04
  -666.300  0.148339E-03  0.119815E-03  0.110914E-03  0.106121E-03  0.907530E-04
  -666.200  0.214989E-03  0.174255E-03  0.161526E-03  0.154667E-03  0.132645E-03
  -666.100  0.308895E-03  0.251311E-03  0.233274E-03  0.223547E-03  0.192276E-03
  -666.000  0.439919E-03  0.359356E-03  0.334037E-03  0.320370E-03  0.276376E-03
  -665.900  0.620919E-03  0.509399E-03  0.474194E-03  0.455174E-03  0.393862E-03
  -665.800  0.868410E-03  0.715712E-03  0.667238E-03  0.641024E-03  0.556400E-03
  -665.700  0.120329E-02  0.996541E-03  0.930461E-03  0.894688E-03  0.779039E-03
  -665.600  0.165158E-02  0.137487E-02  0.128571E-02  0.123739E-02  0.108093E-02
  -665.500  0.224517E-02  0.187922E-02  0.176017E-02  0.169558E-02  0.148611E-02
  -665.400  0.302245E-02  0.254445E-02  0.238719E-02  0.230177E-02  0.202428E-02
  -665.300  0.402887E-02  0.341245E-02  0.320701E-02  0.309526E-02  0.273166E-02
  -665.200  0.531717E-02  0.453282E-02  0.426745E-02  0.412291E-02  0.365172E-02
  -665.100  0.694742E-02  0.596327E-02  0.562445E-02  0.543961E-02  0.483591E-02
  -665.000  0.898663E-02  0.776984E-02  0.734236E-02  0.710876E-02  0.634421E-02
  -664.900  0.115079E-01  0.100269E-01  0.949409E-02  0.920239E-02  0.824553E-02
  -664.800  0.145893E-01  0.128166E-01  0.121608E-01  0.118010E-01  0.106179E-01
  -664.700  0.183119E-01  0.162284E-01  0.154316E-01  0.149934E-01  0.135484E-01
  -664.600  0.227576E-01  0.203578E-01  0.194024E-01  0.188756E-01  0.171331E-01
  -664.500  0.280069E-01  0.253051E-01  0.241754E-01  0.235505E-01  0.214761E-01
  -664.400  0.341358E-01  0.311740E-01  0.298571E-01  0.291261E-01  0.266894E-01
  -664.300  0.412131E-01  0.380696E-01  0.365577E-01  0.357148E-01  0.328917E-01
  -664.200  0.492976E-01  0.460971E-01  0.443888E-01  0.434316E-01  0.402075E-01
  -664.100  0.584357E-01  0.553596E-01  0.534625E-01  0.523929E-01  0.487660E-01
  -664.000  0.686590E-01  0.659572E-01  0.638898E-01  0.627151E-01  0.587000E-01
  -663.900  0.799833E-01  0.779847E-01  0.757788E-01  0.745134E-01  0.701449E-01
  -663.800  0.924073E-01  0.915311E-01  0.892342E-01  0.879001E-01  0.832369E-01
  -663.700  0.105912E+00  0.106678E+00  0.104355E+00  0.102983E+00  0.981119E-01
  -663.600  0.120464E+00  0.123498E+00  0.121234E+00  0.119866E+00  0.114904E+00
  -663.500  0.136009E+00  0.142054E+00  0.139955E+00  0.138644E+00  0.133742E+00
  -663.400  0.152484E+00  0.162398E+00  0.160593E+00  0.159402E+00  0.154750E+00
  -663.300  0.169810E+00  0.184568E+00  0.183209E+00  0.182215E+00  0.178040E+00
  -663.200  0.187896E+00  0.208588E+00  0.207851E+00  0.207142E+00  0.203713E+00
  -663.100  0.206644E+00  0.234463E+00  0.234546E+00  0.234225E+00  0.231851E+00
  -663.000  0.225950E+00  0.262179E+00  0.263303E+00  0.263483E+00  0.262515E+00
  -662.900  0.245701E+00  0.291698E+00  0.294106E+00  0.294911E+00  0.295740E+00
  -662.800  0.265786E+00  0.322958E+00  0.326910E+00  0.328477E+00  0.331529E+00
  -662.700  0.286093E+00  0.355874E+00  0.361643E+00  0.364116E+00  0.369852E+00
  -662.600  0.306513E+00  0.390332E+00  0.398203E+00  0.401734E+00  0.410643E+00
  -662.500  0.326947E+00  0.426195E+00  0.436460E+00  0.441204E+00  0.453797E+00
  -662.400  0.347308E+00  0.463307E+00  0.476255E+00  0.482370E+00  0.499170E+00
  -662.300  0.367526E+00  0.501494E+00  0.517409E+00  0.525051E+00  0.546584E+00
  -662.200  0.387559E+00  0.540574E+00  0.559728E+00  0.569046E+00  0.595830E+00
  -662.100  0.407392E+00  0.580367E+00  0.603009E+00  0.614145E+00  0.646675E+00
  -662.000  0.427049E+00  0.620702E+00  0.647052E+00  0.660134E+00  0.698869E+00
  -661.900  0.446595E+00  0.661426E+00  0.691671E+00  0.706808E+00  0.752156E+00
  -661.800  0.466142E+00  0.702422E+00  0.736703E+00  0.753984E+00  0.806285E+00
  -661.700  0.485848E+00  0.743607E+00  0.782019E+00  0.801506E+00  0.861022E+00
  -661.600  0.505916E+00  0.784949E+00  0.827532E+00  0.849258E+00  0.916157E+00
  -661.500  0.526591E+00  0.826465E+00  0.873203E+00  0.897171E+00  0.971519E+00
  -661.400  0.548149E+00  0.868228E+00  0.919047E+00  0.945227E+00  0.102698E+01
  -661.300  0.570889E+00  0.910359E+00  0.965128E+00  0.993460E+00  0.108246E+01
  -661.200  0.595113E+00  0.953022E+00  0.101156E+01  0.104195E+01  0.113793E+01
  -661.100  0.621109E+00  0.996418E+00  0.105850E+01  0.109083E+01  0.119342E+01
  -661.000  0.649133E+00  0.104076E+01  0.110612E+01  0.114025E+01  0.124899E+01
  -660.900  0.679387E+00  0.108628E+01  0.115463E+01  0.119040E+01  0.130477E+01
  -660.800  0.711999E+00  0.113316E+01  0.120421E+01  0.124146E+01  0.136087E+01
  -660.700  0.747005E+00  0.118159E+01  0.125505E+01  0.129361E+01  0.141747E+01
  -660.600  0.784338E+00  0.123167E+01  0.130726E+01  0.134697E+01  0.147470E+01
  -660.500  0.823816E+00  0.128343E+01  0.136093E+01  0.140165E+01  0.153269E+01
  -660.400  0.865142E+00  0.133683E+01  0.141603E+01  0.145764E+01  0.159152E+01
  -660.300  0.907906E+00  0.139169E+01  0.147249E+01  0.151490E+01  0.165122E+01
  -660.200  0.951600E+00  0.144776E+01  0.153009E+01  0.157325E+01  0.171174E+01
  -660.100  0.995626E+00  0.150466E+01  0.158852E+01  0.163242E+01  0.177292E+01
  -660.000  0.103933E+01  0.156190E+01  0.164738E+01  0.169203E+01  0.183451E+01
  -659.900  0.108201E+01  0.161889E+01  0.170612E+01  0.175159E+01  0.189616E+01
  -659.800  0.112296E+01  0.167497E+01  0.176414E+01  0.181051E+01  0.195739E+01
  -659.700  0.116151E+01  0.172941E+01  0.182073E+01  0.186812E+01  0.201761E+01
  -659.600  0.119702E+01  0.178143E+01  0.187515E+01  0.192367E+01  0.207615E+01
  -659.500  0.122892E+01  0.183025E+01  0.192659E+01  0.197638E+01  0.213225E+01
  -659.400  0.125673E+01  0.187508E+01  0.197425E+01  0.202543E+01  0.218508E+01
  -659.300  0.128011E+01  0.191518E+01  0.201735E+01  0.207002E+01  0.223382E+01
  -659.200  0.129879E+01  0.194990E+01  0.205515E+01  0.210938E+01  0.227759E+01
  -659.100  0.131267E+01  0.197864E+01  0.208699E+01  0.214279E+01  0.231558E+01
  -659.000  0.132173E+01  0.200093E+01  0.211230E+01  0.216966E+01  0.234704E+01
  -658.900  0.132609E+01  0.201642E+01  0.213063E+01  0.218947E+01  0.237130E+01
  -658.800  0.132596E+01  0.202493E+01  0.214168E+01  0.220187E+01  0.238782E+01
  -658.700  0.132165E+01  0.202639E+01  0.214530E+01  0.220666E+01  0.239623E+01
  -658.600  0.131352E+01  0.202090E+01  0.214148E+01  0.220377E+01  0.239630E+01
  -658.500  0.130202E+01  0.200871E+01  0.213040E+01  0.219333E+01  0.238801E+01
  -658.400  0.128760E+01  0.199018E+01  0.211236E+01  0.217562E+01  0.237150E+01
  -658.300  0.127075E+01  0.196581E+01  0.208783E+01  0.215108E+01  0.234712E+01
  -658.200  0.125193E+01  0.193622E+01  0.205739E+01  0.212027E+01  0.231537E+01
  -658.100  0.123162E+01  0.190207E+01  0.202172E+01  0.208388E+01  0.227694E+01
  -658.000  0.121024E+01  0.186411E+01  0.198159E+01  0.204269E+01  0.223260E+01
  -657.900  0.118818E+01  0.182309E+01  0.193781E+01  0.199752E+01  0.218326E+01
  -657.800  0.116577E+01  0.177979E+01  0.189120E+01  0.194924E+01  0.212986E+01
  -657.700  0.114328E+01  0.173493E+01  0.184260E+01  0.189871E+01  0.207339E+01
  -657.600  0.112091E+01  0.168921E+01  0.179277E+01  0.184675E+01  0.201481E+01
  -657.500  0.109881E+01  0.164325E+01  0.174243E+01  0.179414E+01  0.195504E+01
  -657.400  0.107704E+01  0.159757E+01  0.169222E+01  0.174154E+01  0.189492E+01
  -657.300  0.105561E+01  0.155263E+01  0.164267E+01  0.168956E+01  0.183520E+01
  -657.200  0.103450E+01  0.150875E+01  0.159420E+01  0.163866E+01  0.177650E+01
  -657.100  0.101360E+01  0.146618E+01  0.154713E+01  0.158920E+01  0.171933E+01
  -657.000  0.992806E+00  0.142503E+01  0.150166E+01  0.154141E+01  0.166404E+01
  -656.900  0.971971E+00  0.138537E+01  0.145790E+01  0.149543E+01  0.161086E+01
  -656.800  0.950948E+00  0.134715E+01  0.141583E+01  0.145130E+01  0.155992E+01
  -656.700  0.929594E+00  0.131027E+01  0.137541E+01  0.140895E+01  0.151123E+01
  -656.600  0.907784E+00  0.127460E+01  0.133650E+01  0.136827E+01  0.146470E+01
  -656.500  0.885424E+00  0.123995E+01  0.129893E+01  0.132910E+01  0.142019E+01
  -656.400  0.862458E+00  0.120615E+01  0.126251E+01  0.129124E+01  0.137752E+01
  -656.300  0.838879E+00  0.117301E+01  0.122705E+01  0.125450E+01  0.133649E+01
  -656.200  0.814735E+00  0.114038E+01  0.119237E+01  0.121869E+01  0.129688E+01
  -656.100  0.790127E+00  0.110814E+01  0.115832E+01  0.118365E+01  0.125852E+01
  -656.000  0.765214E+00  0.107620E+01  0.112480E+01  0.114926E+01  0.122125E+01
  -655.900  0.740206E+00  0.104455E+01  0.109175E+01  0.111546E+01  0.118496E+01
  -655.800  0.715358E+00  0.101320E+01  0.105917E+01  0.108221E+01  0.114959E+01
  -655.700  0.690963E+00  0.982256E+00  0.102711E+01  0.104957E+01  0.111515E+01
  -655.600  0.667338E+00  0.951838E+00  0.995680E+00  0.101763E+01  0.108168E+01
  -655.500  0.644812E+00  0.922132E+00  0.965028E+00  0.986511E+00  0.104927E+01
  -655.400  0.623714E+00  0.893353E+00  0.935342E+00  0.956397E+00  0.101805E+01
  -655.300  0.604353E+00  0.865740E+00  0.906836E+00  0.927485E+00  0.988160E+00
  -655.200  0.587010E+00  0.839540E+00  0.879733E+00  0.899985E+00  0.959773E+00
  -655.100  0.571919E+00  0.814999E+00  0.854257E+00  0.874106E+00  0.933042E+00
  -655.000  0.559259E+00  0.792343E+00  0.830615E+00  0.850042E+00  0.908111E+00
  -654.900  0.549145E+00  0.771770E+00  0.808986E+00  0.827961E+00  0.885095E+00
  -654.800  0.541619E+00  0.753436E+00  0.789515E+00  0.807997E+00  0.864079E+00
  -654.700  0.536647E+00  0.737450E+00  0.772298E+00  0.790237E+00  0.845104E+00
  -654.600  0.534125E+00  0.723864E+00  0.757384E+00  0.774722E+00  0.828172E+00
  -654.500  0.533875E+00  0.712676E+00  0.744767E+00  0.761444E+00  0.813243E+00
  -654.400  0.535654E+00  0.703824E+00  0.734393E+00  0.750345E+00  0.800238E+00
  -654.300  0.539165E+00  0.697192E+00  0.726155E+00  0.741322E+00  0.789045E+00
  -654.200  0.544067E+00  0.692616E+00  0.719906E+00  0.734232E+00  0.779526E+00
  -654.100  0.549984E+00  0.689887E+00  0.715457E+00  0.728898E+00  0.771522E+00
  -654.000  0.556524E+00  0.688759E+00  0.712592E+00  0.725115E+00  0.764862E+00
  -653.900  0.563285E+00  0.688961E+00  0.711069E+00  0.722657E+00  0.759367E+00
  -653.800  0.569877E+00  0.690200E+00  0.710631E+00  0.721286E+00  0.754858E+00
  -653.700  0.575926E+00  0.692175E+00  0.711011E+00  0.720755E+00  0.751153E+00
  -653.600  0.581092E+00  0.694582E+00  0.711941E+00  0.720816E+00  0.748078E+00
  -653.500  0.585077E+00  0.697124E+00  0.713155E+00  0.721222E+00  0.745459E+00
  -653.400  0.587633E+00  0.699515E+00  0.714395E+00  0.721735E+00  0.743129E+00
  -653.300  0.588572E+00  0.701490E+00  0.715420E+00  0.722127E+00  0.740923E+00
  -653.200  0.587774E+00  0.702813E+00  0.716004E+00  0.722185E+00  0.738679E+00
  -653.100  0.585188E+00  0.703278E+00  0.715948E+00  0.721713E+00  0.736243E+00
  -653.000  0.580838E+00  0.702719E+00  0.715078E+00  0.720541E+00  0.733461E+00
  -652.900  0.574825E+00  0.701011E+00  0.713254E+00  0.718523E+00  0.730192E+00
  -652.800  0.567327E+00  0.698076E+00  0.710371E+00  0.715544E+00  0.726301E+00
  -652.700  0.558595E+00  0.693889E+00  0.706366E+00  0.711523E+00  0.721673E+00
  -652.600  0.548958E+00  0.688473E+00  0.701218E+00  0.706418E+00  0.716210E+00
  -652.500  0.538810E+00  0.681908E+00  0.694953E+00  0.700230E+00  0.709841E+00
  -652.400  0.528609E+00  0.674325E+00  0.687644E+00  0.693002E+00  0.702526E+00
  -652.300  0.518871E+00  0.665911E+00  0.679413E+00  0.684824E+00  0.694259E+00
  -652.200  0.510159E+00  0.656902E+00  0.670432E+00  0.675835E+00  0.685080E+00
  -652.100  0.503079E+00  0.647584E+00  0.660920E+00  0.666220E+00  0.675067E+00
  -652.000  0.498263E+00  0.638290E+00  0.651147E+00  0.656213E+00  0.664351E+00
  -651.900  0.496367E+00  0.629391E+00  0.641422E+00  0.646093E+00  0.653110E+00
  -651.800  0.498050E+00  0.621298E+00  0.632100E+00  0.636184E+00  0.641572E+00
  -651.700  0.503969E+00  0.614450E+00  0.623570E+00  0.626850E+00  0.630014E+00
  -651.600  0.514758E+00  0.609308E+00  0.616252E+00  0.618487E+00  0.618758E+00
  -651.500  0.531018E+00  0.606349E+00  0.610589E+00  0.611520E+00  0.608167E+00
  -651.400  0.553292E+00  0.606050E+00  0.607038E+00  0.606391E+00  0.598637E+00
  -651.300  0.582055E+00  0.608878E+00  0.606053E+00  0.603550E+00  0.590587E+00
  -651.200  0.617687E+00  0.615277E+00  0.608079E+00  0.603439E+00  0.584445E+00
  -651.100  0.660451E+00  0.625643E+00  0.613528E+00  0.606477E+00  0.580639E+00
  -651.000  0.710479E+00  0.640317E+00  0.622767E+00  0.613040E+00  0.579572E+00
  -650.900  0.767744E+00  0.659554E+00  0.636093E+00  0.623447E+00  0.581609E+00
  -650.800  0.832045E+00  0.683511E+00  0.653719E+00  0.637935E+00  0.587055E+00
  -650.700  0.902993E+00  0.712228E+00  0.675752E+00  0.656645E+00  0.596139E+00
  -650.600  0.980000E+00  0.745611E+00  0.702178E+00  0.679601E+00  0.608992E+00
  -650.500  0.106228E+01  0.783423E+00  0.732853E+00  0.706703E+00  0.625638E+00
  -650.400  0.114884E+01  0.825278E+00  0.767489E+00  0.737715E+00  0.645980E+00
  -650.300  0.123853E+01  0.870644E+00  0.805660E+00  0.772262E+00  0.669795E+00
  -650.200  0.133003E+01  0.918850E+00  0.846808E+00  0.809839E+00  0.696738E+00
  -650.100  0.142190E+01  0.969105E+00  0.890250E+00  0.849822E+00  0.726344E+00
  -650.000  0.151262E+01  0.102052E+01  0.935208E+00  0.891483E+00  0.758047E+00
  -649.900  0.160065E+01  0.107215E+01  0.980827E+00  0.934022E+00  0.791198E+00
  -649.800  0.168446E+01  0.112301E+01  0.102622E+01  0.976589E+00  0.825089E+00
  -649.700  0.176262E+01  0.117212E+01  0.107047E+01  0.101833E+01  0.858981E+00
  -649.600  0.183382E+01  0.121856E+01  0.111273E+01  0.105839E+01  0.892134E+00
  -649.500  0.189692E+01  0.126147E+01  0.115218E+01  0.109600E+01  0.923839E+00
  -649.400  0.195102E+01  0.130012E+01  0.118810E+01  0.113045E+01  0.953439E+00
  -649.300  0.199546E+01  0.133392E+01  0.121991E+01  0.116116E+01  0.980361E+00
  -649.200  0.202980E+01  0.136241E+01  0.124714E+01  0.118764E+01  0.100413E+01
  -649.100  0.205391E+01  0.138531E+01  0.126946E+01  0.120957E+01  0.102437E+01
  -649.000  0.206786E+01  0.140248E+01  0.128671E+01  0.122675E+01  0.104084E+01
  -648.900  0.207193E+01  0.141394E+01  0.129883E+01  0.123910E+01  0.105340E+01
  -648.800  0.206660E+01  0.141982E+01  0.130590E+01  0.124668E+01  0.106200E+01
  -648.700  0.205245E+01  0.142036E+01  0.130810E+01  0.124962E+01  0.106671E+01
  -648.600  0.203017E+01  0.141585E+01  0.130566E+01  0.124813E+01  0.106766E+01
  -648.500  0.200048E+01  0.140665E+01  0.129888E+01  0.124248E+01  0.106502E+01
  -648.400  0.196408E+01  0.139310E+01  0.128806E+01  0.123296E+01  0.105900E+01
  -648.300  0.192168E+01  0.137557E+01  0.127351E+01  0.121984E+01  0.104984E+01
  -648.200  0.187388E+01  0.135435E+01  0.125552E+01  0.120339E+01  0.103774E+01
  -648.100  0.182127E+01  0.132974E+01  0.123432E+01  0.118385E+01  0.102292E+01
  -648.000  0.176431E+01  0.130194E+01  0.121013E+01  0.116142E+01  0.100553E+01
  -647.900  0.170344E+01  0.127112E+01  0.118310E+01  0.113626E+01  0.985729E+00
  -647.800  0.163903E+01  0.123743E+01  0.115336E+01  0.110846E+01  0.963605E+00
  -647.700  0.157140E+01  0.120096E+01  0.112100E+01  0.107813E+01  0.939237E+00
  -647.600  0.150090E+01  0.116178E+01  0.108607E+01  0.104533E+01  0.912680E+00
  -647.500  0.142785E+01  0.111998E+01  0.104866E+01  0.101011E+01  0.883977E+00
  -647.400  0.135262E+01  0.107566E+01  0.100884E+01  0.972554E+00  0.853175E+00
  -647.300  0.127561E+01  0.102896E+01  0.966720E+00  0.932751E+00  0.820339E+00
  -647.200  0.119729E+01  0.980044E+00  0.922447E+00  0.890837E+00  0.785559E+00
  -647.100  0.111815E+01  0.929164E+00  0.876221E+00  0.846992E+00  0.748965E+00
  -647.000  0.103876E+01  0.876611E+00  0.828297E+00  0.801450E+00  0.710732E+00
  -646.900  0.959727E+00  0.822744E+00  0.778988E+00  0.754503E+00  0.671085E+00
  -646.800  0.881677E+00  0.767975E+00  0.728662E+00  0.706494E+00  0.630298E+00
  -646.700  0.805256E+00  0.712766E+00  0.677732E+00  0.657813E+00  0.588691E+00
  -646.600  0.731101E+00  0.657610E+00  0.626652E+00  0.608891E+00  0.546623E+00
  -646.500  0.659829E+00  0.603022E+00  0.575896E+00  0.560182E+00  0.504483E+00
  -646.400  0.592020E+00  0.549521E+00  0.525949E+00  0.512152E+00  0.462676E+00
  -646.300  0.528198E+00  0.497612E+00  0.477289E+00  0.465264E+00  0.421613E+00
  -646.200  0.468828E+00  0.447775E+00  0.430377E+00  0.419964E+00  0.381695E+00
  -646.100  0.414306E+00  0.400450E+00  0.385635E+00  0.376669E+00  0.343303E+00
  -646.000  0.364953E+00  0.356026E+00  0.343446E+00  0.335751E+00  0.306785E+00
  -645.900  0.321018E+00  0.314835E+00  0.304136E+00  0.297537E+00  0.272448E+00
  -645.800  0.282682E+00  0.277143E+00  0.267975E+00  0.262292E+00  0.240550E+00
  -645.700  0.250056E+00  0.243153E+00  0.235168E+00  0.230227E+00  0.211297E+00
  -645.600  0.223189E+00  0.213002E+00  0.205863E+00  0.201488E+00  0.184841E+00
  -645.500  0.202074E+00  0.186768E+00  0.180145E+00  0.176166E+00  0.161280E+00
  -645.400  0.186648E+00  0.164467E+00  0.158042E+00  0.154295E+00  0.140659E+00
  -645.300  0.176799E+00  0.146067E+00  0.139532E+00  0.135859E+00  0.122979E+00
  -645.200  0.172362E+00  0.131486E+00  0.124550E+00  0.120796E+00  0.108196E+00
  -645.100  0.173125E+00  0.120605E+00  0.112986E+00  0.109007E+00  0.962289E-01
  -645.000  0.178823E+00  0.113266E+00  0.104702E+00  0.100359E+00  0.869669E-01
  -644.900  0.189138E+00  0.109285E+00  0.995269E-01  0.946898E-01  0.802735E-01
  -644.800  0.203700E+00  0.108451E+00  0.972697E-01  0.918178E-01  0.759925E-01
  -644.700  0.222086E+00  0.110532E+00  0.977198E-01  0.915423E-01  0.739531E-01
  -644.600  0.243823E+00  0.115279E+00  0.100652E+00  0.936494E-01  0.739736E-01
  -644.500  0.268391E+00  0.122431E+00  0.105830E+00  0.979155E-01  0.758658E-01
  -644.400  0.295234E+00  0.131713E+00  0.113010E+00  0.104110E+00  0.794379E-01
  -644.300  0.323768E+00  0.142846E+00  0.121942E+00  0.112000E+00  0.844969E-01
  -644.200  0.353398E+00  0.155545E+00  0.132377E+00  0.121349E+00  0.908507E-01
  -644.100  0.383527E+00  0.169523E+00  0.144061E+00  0.131921E+00  0.983091E-01
  -644.000  0.413578E+00  0.184497E+00  0.156745E+00  0.143484E+00  0.106685E+00
  -643.900  0.443003E+00  0.200184E+00  0.170183E+00  0.155807E+00  0.115795E+00
  -643.800  0.471301E+00  0.216309E+00  0.184130E+00  0.168663E+00  0.125456E+00
  -643.700  0.498025E+00  0.232602E+00  0.198348E+00  0.181827E+00  0.135492E+00
  -643.600  0.522790E+00  0.248800E+00  0.212602E+00  0.195080E+00  0.145722E+00
  -643.500  0.545276E+00  0.264646E+00  0.226659E+00  0.208201E+00  0.155970E+00
  -643.400  0.565225E+00  0.279889E+00  0.240290E+00  0.220974E+00  0.166057E+00
  -643.300  0.582440E+00  0.294284E+00  0.253267E+00  0.233182E+00  0.175802E+00
  -643.200  0.596776E+00  0.307591E+00  0.265367E+00  0.244609E+00  0.185023E+00
  -643.100  0.608133E+00  0.319577E+00  0.276367E+00  0.255042E+00  0.193540E+00
  -643.000  0.616448E+00  0.330019E+00  0.286055E+00  0.264275E+00  0.201174E+00
  -642.900  0.621693E+00  0.338707E+00  0.294226E+00  0.272110E+00  0.207753E+00
  -642.800  0.623866E+00  0.345449E+00  0.300693E+00  0.278364E+00  0.213117E+00
  -642.700  0.622992E+00  0.350078E+00  0.305292E+00  0.282877E+00  0.217121E+00
  -642.600  0.619124E+00  0.352463E+00  0.307889E+00  0.285515E+00  0.219647E+00
  -642.500  0.612348E+00  0.352510E+00  0.308388E+00  0.286183E+00  0.220605E+00
  -642.400  0.602785E+00  0.350176E+00  0.306738E+00  0.284828E+00  0.219941E+00
  -642.300  0.590595E+00  0.345472E+00  0.302939E+00  0.281444E+00  0.217641E+00
  -642.200  0.575986E+00  0.338464E+00  0.297043E+00  0.276079E+00  0.213735E+00
  -642.100  0.559211E+00  0.329282E+00  0.289159E+00  0.268832E+00  0.208297E+00
  -642.000  0.540570E+00  0.318112E+00  0.279451E+00  0.259854E+00  0.201442E+00
  -641.900  0.520412E+00  0.305193E+00  0.268131E+00  0.249343E+00  0.193328E+00
  -641.800  0.499122E+00  0.290810E+00  0.255453E+00  0.237539E+00  0.184143E+00
  -641.700  0.477124E+00  0.275288E+00  0.241707E+00  0.224711E+00  0.174103E+00
  -641.600  0.454863E+00  0.258973E+00  0.227205E+00  0.211155E+00  0.163441E+00
  -641.500  0.432807E+00  0.242230E+00  0.212272E+00  0.197174E+00  0.152400E+00
  -641.400  0.411429E+00  0.225423E+00  0.197235E+00  0.183075E+00  0.141224E+00
  -641.300  0.391200E+00  0.208906E+00  0.182412E+00  0.169155E+00  0.130147E+00
  -641.200  0.372581E+00  0.193017E+00  0.168100E+00  0.155695E+00  0.119391E+00
  -641.100  0.356015E+00  0.178062E+00  0.154574E+00  0.142949E+00  0.109153E+00
  -641.000  0.341911E+00  0.164314E+00  0.142072E+00  0.131141E+00  0.996087E-01
  -640.900  0.330641E+00  0.152003E+00  0.130800E+00  0.120459E+00  0.909030E-01
  -640.800  0.322524E+00  0.141317E+00  0.120919E+00  0.111055E+00  0.831518E-01
  -640.700  0.317812E+00  0.132396E+00  0.112552E+00  0.103043E+00  0.764405E-01
  -640.600  0.316683E+00  0.125332E+00  0.105780E+00  0.964949E-01  0.708249E-01
  -640.500  0.319225E+00  0.120170E+00  0.100640E+00  0.914486E-01  0.663322E-01
  -640.400  0.325423E+00  0.116906E+00  0.971340E-01  0.879037E-01  0.629633E-01
  -640.300  0.335151E+00  0.115494E+00  0.952221E-01  0.858261E-01  0.606944E-01
  -640.200  0.348167E+00  0.115843E+00  0.948313E-01  0.851501E-01  0.594798E-01
  -640.100  0.364113E+00  0.117823E+00  0.958563E-01  0.857815E-01  0.592542E-01
  -640.000  0.382520E+00  0.121271E+00  0.981634E-01  0.876009E-01  0.599349E-01
  -639.900  0.402820E+00  0.125990E+00  0.101595E+00  0.904671E-01  0.614252E-01
  -639.800  0.424363E+00  0.131764E+00  0.105973E+00  0.942219E-01  0.636163E-01
  -639.700  0.446446E+00  0.138355E+00  0.111107E+00  0.986938E-01  0.663904E-01
  -639.600  0.468336E+00  0.145516E+00  0.116794E+00  0.103703E+00  0.696236E-01
  -639.500  0.489302E+00  0.152996E+00  0.122830E+00  0.109065E+00  0.731884E-01
  -639.400  0.508650E+00  0.160549E+00  0.129011E+00  0.114597E+00  0.769568E-01
  -639.300  0.525745E+00  0.167936E+00  0.135140E+00  0.120121E+00  0.808028E-01
  -639.200  0.540039E+00  0.174937E+00  0.141031E+00  0.125468E+00  0.846048E-01
  -639.100  0.551090E+00  0.181348E+00  0.146513E+00  0.130480E+00  0.882483E-01
  -639.000  0.558572E+00  0.186993E+00  0.151431E+00  0.135018E+00  0.916273E-01
  -638.900  0.562279E+00  0.191720E+00  0.155651E+00  0.138955E+00  0.946463E-01
  -638.800  0.562124E+00  0.195406E+00  0.159062E+00  0.142185E+00  0.972214E-01
  -638.700  0.558128E+00  0.197953E+00  0.161571E+00  0.144623E+00  0.992814E-01
  -638.600  0.550409E+00  0.199293E+00  0.163111E+00  0.146200E+00  0.100768E+00
  -638.500  0.539165E+00  0.199383E+00  0.163633E+00  0.146868E+00  0.101637E+00
  -638.400  0.524658E+00  0.198207E+00  0.163112E+00  0.146598E+00  0.101856E+00
  -638.300  0.507196E+00  0.195770E+00  0.161542E+00  0.145382E+00  0.101410E+00
  -638.200  0.487121E+00  0.192101E+00  0.158938E+00  0.143226E+00  0.100295E+00
  -638.100  0.464795E+00  0.187250E+00  0.155331E+00  0.140157E+00  0.985204E-01
  -638.000  0.440590E+00  0.181290E+00  0.150774E+00  0.136217E+00  0.961103E-01
  -637.900  0.414883E+00  0.174309E+00  0.145335E+00  0.131468E+00  0.931006E-01
  -637.800  0.388050E+00  0.166416E+00  0.139099E+00  0.125982E+00  0.895392E-01
  -637.700  0.360460E+00  0.157735E+00  0.132167E+00  0.119848E+00  0.854850E-01
  -637.600  0.332477E+00  0.148402E+00  0.124649E+00  0.113167E+00  0.810063E-01
  -637.500  0.304449E+00  0.138567E+00  0.116668E+00  0.106048E+00  0.761788E-01
  -637.400  0.276710E+00  0.128382E+00  0.108354E+00  0.986076E-01  0.710843E-01
  -637.300  0.249574E+00  0.118007E+00  0.998364E-01  0.909651E-01  0.658074E-01
  -637.200  0.223328E+00  0.107595E+00  0.912481E-01  0.832400E-01  0.604336E-01
  -637.100  0.198227E+00  0.972970E-01  0.827156E-01  0.755479E-01  0.550465E-01
  -637.000  0.174491E+00  0.872502E-01  0.743573E-01  0.679973E-01  0.497254E-01
  -636.900  0.152296E+00  0.775786E-01  0.662800E-01  0.606863E-01  0.445429E-01
  -636.800  0.131778E+00  0.683881E-01  0.585761E-01  0.537004E-01  0.395629E-01
  -636.700  0.113023E+00  0.597647E-01  0.513217E-01  0.471103E-01  0.348397E-01
  -636.600  0.960759E-01  0.517729E-01  0.445753E-01  0.409709E-01  0.304161E-01
  -636.500  0.809354E-01  0.444559E-01  0.383774E-01  0.353208E-01  0.263240E-01
  -636.400  0.675627E-01  0.378361E-01  0.327510E-01  0.301831E-01  0.225838E-01
  -636.300  0.558855E-01  0.319170E-01  0.277031E-01  0.255657E-01  0.192054E-01
  -636.200  0.458037E-01  0.266851E-01  0.232261E-01  0.214637E-01  0.161887E-01
  -636.100  0.371969E-01  0.221125E-01  0.193002E-01  0.178604E-01  0.135255E-01
  -636.000  0.299309E-01  0.181607E-01  0.158958E-01  0.147304E-01  0.112004E-01
  -635.900  0.238644E-01  0.147825E-01  0.129756E-01  0.120412E-01  0.919270E-02
  -635.800  0.188543E-01  0.119258E-01  0.104979E-01  0.975549E-02  0.747778E-02
  -635.700  0.147612E-01  0.953561E-02  0.841775E-02  0.783338E-02  0.602851E-02
  -635.600  0.114525E-01  0.755671E-02  0.668971E-02  0.623392E-02  0.481661E-02
  -635.500  0.880579E-02  0.593520E-02  0.526900E-02  0.491673E-02  0.381375E-02
  -635.400  0.671042E-02  0.462009E-02  0.411289E-02  0.384310E-02  0.299243E-02
  -635.300  0.506828E-02  0.356424E-02  0.318163E-02  0.297687E-02  0.232666E-02
  -635.200  0.379419E-02  0.272503E-02  0.243903E-02  0.228503E-02  0.179249E-02
  -635.100  0.281538E-02  0.206463E-02  0.185279E-02  0.173801E-02  0.136825E-02
  -635.000  0.207071E-02  0.155008E-02  0.139460E-02  0.130982E-02  0.103472E-02
  -634.900  0.150962E-02  0.115314E-02  0.104005E-02  0.977987E-03  0.775165E-03
  -634.800  0.109087E-02  0.849933E-03  0.768423E-03  0.723402E-03  0.575224E-03
  -634.700  0.781309E-03  0.620617E-03  0.562401E-03  0.530038E-03  0.422770E-03
  -634.600  0.554619E-03  0.448904E-03  0.407702E-03  0.384651E-03  0.307714E-03
  -634.500  0.390174E-03  0.321605E-03  0.292712E-03  0.276444E-03  0.221775E-03
  -634.400  0.272005E-03  0.228180E-03  0.208105E-03  0.196731E-03  0.158251E-03
  -634.300  0.187890E-03  0.160309E-03  0.146491E-03  0.138613E-03  0.111786E-03
  -634.200  0.128585E-03  0.111508E-03  0.102085E-03  0.966809E-04  0.781587E-04
  -634.100  0.871724E-04  0.767810E-04  0.704172E-04  0.667450E-04  0.540821E-04
  -634.000  0.585337E-04  0.523286E-04  0.480718E-04  0.456010E-04  0.370300E-04
  -633.900  0.389230E-04  0.352935E-04  0.324738E-04  0.308279E-04  0.250850E-04
  -633.800  0.256277E-04  0.235534E-04  0.217041E-04  0.206186E-04  0.168101E-04
  -633.700  0.167049E-04  0.155506E-04  0.143499E-04  0.000000E+00  0.000000E+00
  -633.600  0.000000E+00  0.000000E+00  0.000000E+00  0.000000E+00  0.000000E+00
  -633.500  0.000000E+00  0.000000E+00  0.000000E+00  0.000000E+00  0.000000E+00
  -633.400  0.000000E+00  0.000000E+00  0.000000E+00  0.000000E+00  0.000000E+00
  -633.300  0.000000E+00  0.000000E+00  0.000000E+00  0.000000E+00  0.000000E+00
  -633.200  0.000000E+00  0.000000E+00  0.000000E+00  0.000000E+00  0.000000E+00
  -633.100  0.000000E+00  0.000000E+00  0.000000E+00  0.000000E+00  0.000000E+00
  -633.000  0.000000E+00  0.000000E+00  0.000000E+00  0.000000E+00  0.000000E+00
  -632.900  0.000000E+00  0.000000E+00  0.000000E+00  0.000000E+00  0.000000E+00
  -632.800  0.000000E+00  0.000000E+00  0.000000E+00  0.000000E+00  0.000000E+00
  -632.700  0.000000E+00  0.000000E+00  0.000000E+00  0.000000E+00  0.000000E+00
  -632.600  0.000000E+00  0.000000E+00  0.000000E+00  0.000000E+00  0.000000E+00
  -632.500  0.000000E+00  0.000000E+00  0.000000E+00  0.000000E+00  0.000000E+00
  -632.400  0.000000E+00  0.000000E+00  0.000000E+00  0.000000E+00  0.000000E+00
  -632.300  0.000000E+00  0.000000E+00  0.000000E+00  0.000000E+00  0.000000E+00
  -632.200  0.000000E+00  0.000000E+00  0.000000E+00  0.000000E+00  0.000000E+00
  -632.100  0.000000E+00  0.000000E+00  0.000000E+00  0.000000E+00  0.000000E+00
  -632.000  0.000000E+00  0.000000E+00  0.000000E+00  0.000000E+00  0.000000E+00
  -631.900  0.000000E+00  0.000000E+00  0.000000E+00  0.000000E+00  0.000000E+00
  -631.800  0.000000E+00  0.000000E+00  0.000000E+00  0.000000E+00  0.000000E+00
  -631.700  0.000000E+00  0.000000E+00  0.000000E+00  0.000000E+00  0.000000E+00
  -631.600  0.000000E+00  0.000000E+00  0.000000E+00  0.000000E+00  0.000000E+00
  -631.500  0.000000E+00  0.000000E+00  0.000000E+00  0.000000E+00  0.000000E+00
  -631.400  0.000000E+00  0.000000E+00  0.000000E+00  0.000000E+00  0.000000E+00
  -631.300  0.000000E+00  0.000000E+00  0.000000E+00  0.000000E+00  0.000000E+00
  -631.200  0.000000E+00  0.000000E+00  0.000000E+00  0.000000E+00  0.000000E+00
  -631.100  0.000000E+00  0.000000E+00  0.000000E+00  0.000000E+00  0.000000E+00
  -631.000  0.000000E+00  0.000000E+00  0.000000E+00  0.000000E+00  0.000000E+00
  -630.900  0.000000E+00  0.000000E+00  0.000000E+00  0.000000E+00  0.000000E+00
  -630.800  0.000000E+00  0.000000E+00  0.000000E+00  0.000000E+00  0.000000E+00
  -630.700  0.000000E+00  0.000000E+00  0.000000E+00  0.000000E+00  0.000000E+00
  -630.600  0.000000E+00  0.000000E+00  0.000000E+00  0.000000E+00  0.000000E+00
  -630.500  0.000000E+00  0.000000E+00  0.000000E+00  0.000000E+00  0.000000E+00
  -630.400  0.000000E+00  0.000000E+00  0.000000E+00  0.000000E+00  0.000000E+00
  -630.300  0.000000E+00  0.000000E+00  0.000000E+00  0.000000E+00  0.000000E+00
  -630.200  0.000000E+00  0.000000E+00  0.000000E+00  0.000000E+00  0.000000E+00
  -630.100  0.000000E+00  0.000000E+00  0.000000E+00  0.000000E+00  0.000000E+00
  -630.000  0.000000E+00  0.000000E+00  0.000000E+00  0.000000E+00  0.000000E+00
  -629.900  0.000000E+00  0.000000E+00  0.000000E+00  0.000000E+00  0.000000E+00
  -629.800  0.000000E+00  0.000000E+00  0.000000E+00  0.000000E+00  0.000000E+00
  -629.700  0.000000E+00  0.000000E+00  0.000000E+00  0.000000E+00  0.000000E+00
  -629.600  0.000000E+00  0.000000E+00  0.000000E+00  0.000000E+00  0.000000E+00
  -629.500  0.000000E+00  0.000000E+00  0.000000E+00  0.000000E+00  0.000000E+00
  -629.400  0.000000E+00  0.000000E+00  0.000000E+00  0.000000E+00  0.000000E+00
  -629.300  0.000000E+00  0.000000E+00  0.000000E+00  0.000000E+00  0.000000E+00
  -629.200  0.000000E+00  0.000000E+00  0.000000E+00  0.000000E+00  0.000000E+00
  -629.100  0.000000E+00  0.000000E+00  0.000000E+00  0.000000E+00  0.000000E+00
  -629.000  0.000000E+00  0.000000E+00  0.000000E+00  0.000000E+00  0.000000E+00
  -628.900  0.000000E+00  0.000000E+00  0.000000E+00  0.000000E+00  0.000000E+00
  -628.800  0.000000E+00  0.000000E+00  0.000000E+00  0.000000E+00  0.000000E+00
  -628.700  0.000000E+00  0.000000E+00  0.000000E+00  0.000000E+00  0.000000E+00
  -628.600  0.000000E+00  0.000000E+00  0.000000E+00  0.000000E+00  0.000000E+00
  -628.500  0.000000E+00  0.000000E+00  0.000000E+00  0.000000E+00  0.000000E+00
  -628.400  0.000000E+00  0.000000E+00  0.000000E+00  0.000000E+00  0.000000E+00
  -628.300  0.000000E+00  0.000000E+00  0.000000E+00  0.000000E+00  0.000000E+00
  -628.200  0.000000E+00  0.000000E+00  0.000000E+00  0.000000E+00  0.000000E+00
  -628.100  0.000000E+00  0.000000E+00  0.000000E+00  0.000000E+00  0.000000E+00
  -628.000  0.000000E+00  0.000000E+00  0.000000E+00  0.000000E+00  0.000000E+00
  -627.900  0.000000E+00  0.000000E+00  0.000000E+00  0.000000E+00  0.000000E+00
  -627.800  0.000000E+00  0.000000E+00  0.000000E+00  0.000000E+00  0.000000E+00
  -627.700  0.000000E+00  0.000000E+00  0.000000E+00  0.000000E+00  0.000000E+00
  -627.600  0.000000E+00  0.000000E+00  0.000000E+00  0.000000E+00  0.000000E+00
  -627.500  0.000000E+00  0.000000E+00  0.000000E+00  0.000000E+00  0.000000E+00
  -627.400  0.000000E+00  0.000000E+00  0.000000E+00  0.000000E+00  0.000000E+00
  -627.300  0.000000E+00  0.000000E+00  0.000000E+00  0.000000E+00  0.000000E+00
  -627.200  0.000000E+00  0.000000E+00  0.000000E+00  0.000000E+00  0.000000E+00
  -627.100  0.000000E+00  0.000000E+00  0.000000E+00  0.000000E+00  0.000000E+00
  -627.000  0.000000E+00  0.000000E+00  0.000000E+00  0.000000E+00  0.000000E+00
  -626.900  0.000000E+00  0.000000E+00  0.000000E+00  0.000000E+00  0.000000E+00
  -626.800  0.000000E+00  0.000000E+00  0.000000E+00  0.000000E+00  0.000000E+00
  -626.700  0.000000E+00  0.000000E+00  0.000000E+00  0.000000E+00  0.000000E+00
  -626.600  0.000000E+00  0.000000E+00  0.000000E+00  0.000000E+00  0.000000E+00
  -626.500  0.000000E+00  0.000000E+00  0.000000E+00  0.000000E+00  0.000000E+00
  -626.400  0.000000E+00  0.000000E+00  0.000000E+00  0.000000E+00  0.000000E+00
  -626.300  0.000000E+00  0.000000E+00  0.000000E+00  0.000000E+00  0.000000E+00
  -626.200  0.000000E+00  0.000000E+00  0.000000E+00  0.000000E+00  0.000000E+00
  -626.100  0.000000E+00  0.000000E+00  0.000000E+00  0.000000E+00  0.000000E+00
  -626.000  0.000000E+00  0.000000E+00  0.000000E+00  0.000000E+00  0.000000E+00
  -625.900  0.000000E+00  0.000000E+00  0.000000E+00  0.000000E+00  0.000000E+00
  -625.800  0.000000E+00  0.000000E+00  0.000000E+00  0.000000E+00  0.000000E+00
  -625.700  0.000000E+00  0.000000E+00  0.000000E+00  0.000000E+00  0.000000E+00
  -625.600  0.000000E+00  0.000000E+00  0.000000E+00  0.000000E+00  0.000000E+00
  -625.500  0.000000E+00  0.000000E+00  0.000000E+00  0.000000E+00  0.000000E+00
  -625.400  0.000000E+00  0.000000E+00  0.000000E+00  0.000000E+00  0.000000E+00
  -625.300  0.000000E+00  0.000000E+00  0.000000E+00  0.000000E+00  0.000000E+00
  -625.200  0.000000E+00  0.000000E+00  0.000000E+00  0.000000E+00  0.000000E+00
  -625.100  0.000000E+00  0.000000E+00  0.000000E+00  0.000000E+00  0.000000E+00
  -625.000  0.000000E+00  0.000000E+00  0.000000E+00  0.000000E+00  0.000000E+00
  -624.900  0.000000E+00  0.000000E+00  0.000000E+00  0.000000E+00  0.000000E+00
  -624.800  0.000000E+00  0.000000E+00  0.000000E+00  0.000000E+00  0.000000E+00
  -624.700  0.000000E+00  0.000000E+00  0.000000E+00  0.000000E+00  0.000000E+00
  -624.600  0.000000E+00  0.000000E+00  0.000000E+00  0.000000E+00  0.000000E+00
  -624.500  0.000000E+00  0.000000E+00  0.000000E+00  0.000000E+00  0.000000E+00
  -624.400  0.000000E+00  0.000000E+00  0.000000E+00  0.000000E+00  0.000000E+00
  -624.300  0.000000E+00  0.000000E+00  0.000000E+00  0.000000E+00  0.000000E+00
  -624.200  0.000000E+00  0.000000E+00  0.000000E+00  0.000000E+00  0.000000E+00
  -624.100  0.000000E+00  0.000000E+00  0.000000E+00  0.000000E+00  0.000000E+00
  -624.000  0.000000E+00  0.000000E+00  0.000000E+00  0.000000E+00  0.000000E+00
  -623.900  0.000000E+00  0.000000E+00  0.000000E+00  0.000000E+00  0.000000E+00
  -623.800  0.000000E+00  0.000000E+00  0.000000E+00  0.000000E+00  0.000000E+00
  -623.700  0.000000E+00  0.000000E+00  0.000000E+00  0.000000E+00  0.000000E+00
  -623.600  0.000000E+00  0.000000E+00  0.000000E+00  0.000000E+00  0.000000E+00
  -623.500  0.000000E+00  0.000000E+00  0.000000E+00  0.000000E+00  0.000000E+00
  -623.400  0.000000E+00  0.000000E+00  0.000000E+00  0.000000E+00  0.000000E+00
  -623.300  0.000000E+00  0.000000E+00  0.000000E+00  0.000000E+00  0.000000E+00
  -623.200  0.000000E+00  0.000000E+00  0.000000E+00  0.000000E+00  0.000000E+00
  -623.100  0.000000E+00  0.000000E+00  0.000000E+00  0.000000E+00  0.000000E+00
  -623.000  0.000000E+00  0.000000E+00  0.000000E+00  0.000000E+00  0.000000E+00
  -622.900  0.000000E+00  0.000000E+00  0.000000E+00  0.000000E+00  0.000000E+00
  -622.800  0.000000E+00  0.000000E+00  0.000000E+00  0.000000E+00  0.000000E+00
  -622.700  0.000000E+00  0.000000E+00  0.000000E+00  0.000000E+00  0.000000E+00
  -622.600  0.000000E+00  0.000000E+00  0.000000E+00  0.000000E+00  0.000000E+00
  -622.500  0.000000E+00  0.000000E+00  0.000000E+00  0.000000E+00  0.000000E+00
  -622.400  0.000000E+00  0.000000E+00  0.000000E+00  0.000000E+00  0.000000E+00
  -622.300  0.000000E+00  0.000000E+00  0.000000E+00  0.000000E+00  0.000000E+00
  -622.200  0.000000E+00  0.000000E+00  0.000000E+00  0.000000E+00  0.000000E+00
  -622.100  0.000000E+00  0.000000E+00  0.000000E+00  0.000000E+00  0.000000E+00
  -622.000  0.000000E+00  0.000000E+00  0.000000E+00  0.000000E+00  0.000000E+00
  -621.900  0.000000E+00  0.000000E+00  0.000000E+00  0.000000E+00  0.000000E+00
  -621.800  0.000000E+00  0.000000E+00  0.000000E+00  0.000000E+00  0.000000E+00
  -621.700  0.000000E+00  0.000000E+00  0.000000E+00  0.000000E+00  0.000000E+00
  -621.600  0.000000E+00  0.000000E+00  0.000000E+00  0.000000E+00  0.000000E+00
  -621.500  0.000000E+00  0.000000E+00  0.000000E+00  0.000000E+00  0.000000E+00
  -621.400  0.000000E+00  0.000000E+00  0.000000E+00  0.000000E+00  0.000000E+00
  -621.300  0.000000E+00  0.000000E+00  0.000000E+00  0.000000E+00  0.000000E+00
  -621.200  0.000000E+00  0.000000E+00  0.000000E+00  0.000000E+00  0.000000E+00
  -621.100  0.000000E+00  0.000000E+00  0.000000E+00  0.000000E+00  0.000000E+00
  -621.000  0.000000E+00  0.000000E+00  0.000000E+00  0.000000E+00  0.000000E+00
  -620.900  0.000000E+00  0.000000E+00  0.000000E+00  0.000000E+00  0.000000E+00
  -620.800  0.000000E+00  0.000000E+00  0.000000E+00  0.000000E+00  0.000000E+00
  -620.700  0.000000E+00  0.000000E+00  0.000000E+00  0.000000E+00  0.000000E+00
  -620.600  0.000000E+00  0.000000E+00  0.000000E+00  0.000000E+00  0.000000E+00
  -620.500  0.000000E+00  0.000000E+00  0.000000E+00  0.000000E+00  0.000000E+00
  -620.400  0.000000E+00  0.000000E+00  0.000000E+00  0.000000E+00  0.000000E+00
  -620.300  0.000000E+00  0.000000E+00  0.000000E+00  0.000000E+00  0.000000E+00
  -620.200  0.000000E+00  0.000000E+00  0.000000E+00  0.000000E+00  0.000000E+00
  -620.100  0.000000E+00  0.000000E+00  0.000000E+00  0.000000E+00  0.000000E+00
  -620.000  0.000000E+00  0.000000E+00  0.000000E+00  0.000000E+00  0.000000E+00
