  x           300.0          473.0          873.0         1273.0         1673.0      Infinity
  -680.000  0.000000E+00  0.000000E+00  0.000000E+00  0.000000E+00  0.000000E+00  0.000000E+00
  -679.900  0.000000E+00  0.000000E+00  0.000000E+00  0.000000E+00  0.000000E+00  0.000000E+00
  -679.800  0.000000E+00  0.000000E+00  0.000000E+00  0.000000E+00  0.000000E+00  0.000000E+00
  -679.700  0.000000E+00  0.000000E+00  0.000000E+00  0.000000E+00  0.000000E+00  0.000000E+00
  -679.600  0.000000E+00  0.000000E+00  0.000000E+00  0.000000E+00  0.000000E+00  0.000000E+00
  -679.500  0.000000E+00  0.000000E+00  0.000000E+00  0.000000E+00  0.000000E+00  0.000000E+00
  -679.400  0.000000E+00  0.000000E+00  0.000000E+00  0.000000E+00  0.000000E+00  0.000000E+00
  -679.300  0.000000E+00  0.000000E+00  0.000000E+00  0.000000E+00  0.000000E+00  0.000000E+00
  -679.200  0.000000E+00  0.000000E+00  0.000000E+00  0.000000E+00  0.000000E+00  0.000000E+00
  -679.100  0.000000E+00  0.000000E+00  0.000000E+00  0.000000E+00  0.000000E+00  0.000000E+00
  -679.000  0.000000E+00  0.000000E+00  0.000000E+00  0.000000E+00  0.000000E+00  0.000000E+00
  -678.900  0.000000E+00  0.000000E+00  0.000000E+00  0.000000E+00  0.000000E+00  0.000000E+00
  -678.800  0.000000E+00  0.000000E+00  0.000000E+00  0.000000E+00  0.000000E+00  0.000000E+00
  -678.700  0.000000E+00  0.000000E+00  0.000000E+00  0.000000E+00  0.000000E+00  0.000000E+00
  -678.600  0.000000E+00  0.000000E+00  0.000000E+00  0.000000E+00  0.000000E+00  0.000000E+00
  -678.500  0.000000E+00  0.000000E+00  0.000000E+00  0.000000E+00  0.000000E+00  0.000000E+00
  -678.400  0.000000E+00  0.000000E+00  0.000000E+00  0.000000E+00  0.000000E+00  0.000000E+00
  -678.300  0.000000E+00  0.000000E+00  0.000000E+00  0.000000E+00  0.000000E+00  0.000000E+00
  -678.200  0.000000E+00  0.000000E+00  0.000000E+00  0.000000E+00  0.000000E+00  0.000000E+00
  -678.100  0.000000E+00  0.000000E+00  0.000000E+00  0.000000E+00  0.000000E+00  0.000000E+00
  -678.000  0.000000E+00  0.000000E+00  0.000000E+00  0.000000E+00  0.000000E+00  0.000000E+00
  -677.900  0.000000E+00  0.000000E+00  0.000000E+00  0.000000E+00  0.000000E+00  0.000000E+00
  -677.800  0.000000E+00  0.000000E+00  0.000000E+00  0.000000E+00  0.000000E+00  0.000000E+00
  -677.700  0.000000E+00  0.000000E+00  0.000000E+00  0.000000E+00  0.000000E+00  0.000000E+00
  -677.600  0.000000E+00  0.000000E+00  0.000000E+00  0.000000E+00  0.000000E+00  0.000000E+00
  -677.500  0.000000E+00  0.000000E+00  0.000000E+00  0.000000E+00  0.000000E+00  0.000000E+00
  -677.400  0.000000E+00  0.000000E+00  0.000000E+00  0.000000E+00  0.000000E+00  0.000000E+00
  -677.300  0.000000E+00  0.000000E+00  0.000000E+00  0.000000E+00  0.000000E+00  0.000000E+00
  -677.200  0.000000E+00  0.000000E+00  0.000000E+00  0.000000E+00  0.000000E+00  0.000000E+00
  -677.100  0.000000E+00  0.000000E+00  0.000000E+00  0.000000E+00  0.000000E+00  0.000000E+00
  -677.000  0.000000E+00  0.000000E+00  0.000000E+00  0.000000E+00  0.000000E+00  0.000000E+00
  -676.900  0.000000E+00  0.000000E+00  0.000000E+00  0.000000E+00  0.000000E+00  0.000000E+00
  -676.800  0.000000E+00  0.000000E+00  0.000000E+00  0.000000E+00  0.000000E+00  0.000000E+00
  -676.700  0.000000E+00  0.000000E+00  0.000000E+00  0.000000E+00  0.000000E+00  0.000000E+00
  -676.600  0.000000E+00  0.000000E+00  0.000000E+00  0.000000E+00  0.000000E+00  0.000000E+00
  -676.500  0.000000E+00  0.000000E+00  0.000000E+00  0.000000E+00  0.000000E+00  0.000000E+00
  -676.400  0.000000E+00  0.000000E+00  0.000000E+00  0.000000E+00  0.000000E+00  0.000000E+00
  -676.300  0.000000E+00  0.000000E+00  0.000000E+00  0.000000E+00  0.000000E+00  0.000000E+00
  -676.200  0.000000E+00  0.000000E+00  0.000000E+00  0.000000E+00  0.000000E+00  0.000000E+00
  -676.100  0.000000E+00  0.000000E+00  0.000000E+00  0.000000E+00  0.000000E+00  0.000000E+00
  -676.000  0.000000E+00  0.000000E+00  0.000000E+00  0.000000E+00  0.000000E+00  0.000000E+00
  -675.900  0.000000E+00  0.000000E+00  0.000000E+00  0.000000E+00  0.000000E+00  0.000000E+00
  -675.800  0.000000E+00  0.000000E+00  0.000000E+00  0.000000E+00  0.000000E+00  0.000000E+00
  -675.700  0.000000E+00  0.000000E+00  0.000000E+00  0.000000E+00  0.000000E+00  0.000000E+00
  -675.600  0.000000E+00  0.000000E+00  0.000000E+00  0.000000E+00  0.000000E+00  0.000000E+00
  -675.500  0.000000E+00  0.000000E+00  0.000000E+00  0.000000E+00  0.000000E+00  0.000000E+00
  -675.400  0.000000E+00  0.000000E+00  0.000000E+00  0.000000E+00  0.000000E+00  0.000000E+00
  -675.300  0.000000E+00  0.000000E+00  0.000000E+00  0.000000E+00  0.000000E+00  0.000000E+00
  -675.200  0.000000E+00  0.000000E+00  0.000000E+00  0.000000E+00  0.000000E+00  0.000000E+00
  -675.100  0.000000E+00  0.000000E+00  0.000000E+00  0.000000E+00  0.000000E+00  0.000000E+00
  -675.000  0.000000E+00  0.000000E+00  0.000000E+00  0.000000E+00  0.000000E+00  0.000000E+00
  -674.900  0.000000E+00  0.000000E+00  0.000000E+00  0.000000E+00  0.000000E+00  0.000000E+00
  -674.800  0.000000E+00  0.000000E+00  0.000000E+00  0.000000E+00  0.000000E+00  0.000000E+00
  -674.700  0.000000E+00  0.000000E+00  0.000000E+00  0.000000E+00  0.000000E+00  0.000000E+00
  -674.600  0.000000E+00  0.000000E+00  0.000000E+00  0.000000E+00  0.000000E+00  0.000000E+00
  -674.500  0.000000E+00  0.000000E+00  0.000000E+00  0.000000E+00  0.000000E+00  0.000000E+00
  -674.400  0.000000E+00  0.000000E+00  0.000000E+00  0.000000E+00  0.000000E+00  0.000000E+00
  -674.300  0.000000E+00  0.000000E+00  0.000000E+00  0.000000E+00  0.000000E+00  0.000000E+00
  -674.200  0.000000E+00  0.000000E+00  0.000000E+00  0.000000E+00  0.000000E+00  0.000000E+00
  -674.100  0.000000E+00  0.000000E+00  0.000000E+00  0.000000E+00  0.000000E+00  0.000000E+00
  -674.000  0.000000E+00  0.000000E+00  0.000000E+00  0.000000E+00  0.000000E+00  0.000000E+00
  -673.900  0.000000E+00  0.000000E+00  0.000000E+00  0.000000E+00  0.000000E+00  0.000000E+00
  -673.800  0.000000E+00  0.000000E+00  0.000000E+00  0.000000E+00  0.000000E+00  0.000000E+00
  -673.700  0.000000E+00  0.000000E+00  0.000000E+00  0.000000E+00  0.000000E+00  0.000000E+00
  -673.600  0.000000E+00  0.000000E+00  0.000000E+00  0.000000E+00  0.000000E+00  0.000000E+00
  -673.500  0.000000E+00  0.000000E+00  0.000000E+00  0.000000E+00  0.000000E+00  0.000000E+00
  -673.400  0.000000E+00  0.000000E+00  0.000000E+00  0.000000E+00  0.000000E+00  0.000000E+00
  -673.300  0.000000E+00  0.000000E+00  0.000000E+00  0.000000E+00  0.000000E+00  0.000000E+00
  -673.200  0.000000E+00  0.000000E+00  0.000000E+00  0.000000E+00  0.000000E+00  0.000000E+00
  -673.100  0.000000E+00  0.000000E+00  0.000000E+00  0.000000E+00  0.000000E+00  0.000000E+00
  -673.000  0.000000E+00  0.000000E+00  0.000000E+00  0.000000E+00  0.000000E+00  0.000000E+00
  -672.900  0.000000E+00  0.000000E+00  0.000000E+00  0.000000E+00  0.000000E+00  0.000000E+00
  -672.800  0.000000E+00  0.000000E+00  0.000000E+00  0.000000E+00  0.000000E+00  0.000000E+00
  -672.700  0.000000E+00  0.000000E+00  0.000000E+00  0.000000E+00  0.000000E+00  0.000000E+00
  -672.600  0.000000E+00  0.000000E+00  0.000000E+00  0.000000E+00  0.000000E+00  0.000000E+00
  -672.500  0.000000E+00  0.000000E+00  0.000000E+00  0.000000E+00  0.000000E+00  0.000000E+00
  -672.400  0.000000E+00  0.000000E+00  0.000000E+00  0.000000E+00  0.000000E+00  0.000000E+00
  -672.300  0.000000E+00  0.000000E+00  0.000000E+00  0.000000E+00  0.000000E+00  0.000000E+00
  -672.200  0.000000E+00  0.000000E+00  0.000000E+00  0.000000E+00  0.000000E+00  0.000000E+00
  -672.100  0.000000E+00  0.000000E+00  0.000000E+00  0.000000E+00  0.000000E+00  0.000000E+00
  -672.000  0.000000E+00  0.000000E+00  0.000000E+00  0.000000E+00  0.000000E+00  0.000000E+00
  -671.900  0.000000E+00  0.000000E+00  0.000000E+00  0.000000E+00  0.000000E+00  0.000000E+00
  -671.800  0.000000E+00  0.000000E+00  0.000000E+00  0.000000E+00  0.000000E+00  0.000000E+00
  -671.700  0.000000E+00  0.000000E+00  0.000000E+00  0.000000E+00  0.000000E+00  0.000000E+00
  -671.600  0.000000E+00  0.000000E+00  0.000000E+00  0.000000E+00  0.000000E+00  0.000000E+00
  -671.500  0.000000E+00  0.000000E+00  0.000000E+00  0.000000E+00  0.000000E+00  0.000000E+00
  -671.400  0.000000E+00  0.000000E+00  0.000000E+00  0.000000E+00  0.000000E+00  0.000000E+00
  -671.300  0.000000E+00  0.000000E+00  0.000000E+00  0.000000E+00  0.000000E+00  0.000000E+00
  -671.200  0.000000E+00  0.000000E+00  0.000000E+00  0.000000E+00  0.000000E+00  0.000000E+00
  -671.100  0.000000E+00  0.000000E+00  0.000000E+00  0.000000E+00  0.000000E+00  0.000000E+00
  -671.000  0.000000E+00  0.000000E+00  0.000000E+00  0.000000E+00  0.000000E+00  0.000000E+00
  -670.900  0.000000E+00  0.000000E+00  0.000000E+00  0.000000E+00  0.000000E+00  0.000000E+00
  -670.800  0.000000E+00  0.000000E+00  0.000000E+00  0.000000E+00  0.000000E+00  0.000000E+00
  -670.700  0.000000E+00  0.000000E+00  0.000000E+00  0.000000E+00  0.000000E+00  0.000000E+00
  -670.600  0.000000E+00  0.000000E+00  0.000000E+00  0.000000E+00  0.000000E+00  0.000000E+00
  -670.500  0.000000E+00  0.000000E+00  0.000000E+00  0.000000E+00  0.000000E+00  0.000000E+00
  -670.400  0.000000E+00  0.000000E+00  0.000000E+00  0.000000E+00  0.000000E+00  0.000000E+00
  -670.300  0.000000E+00  0.000000E+00  0.000000E+00  0.000000E+00  0.000000E+00  0.000000E+00
  -670.200  0.000000E+00  0.000000E+00  0.000000E+00  0.000000E+00  0.000000E+00  0.000000E+00
  -670.100  0.000000E+00  0.000000E+00  0.000000E+00  0.000000E+00  0.000000E+00  0.000000E+00
  -670.000  0.000000E+00  0.000000E+00  0.000000E+00  0.000000E+00  0.000000E+00  0.000000E+00
  -669.900  0.000000E+00  0.000000E+00  0.000000E+00  0.000000E+00  0.000000E+00  0.000000E+00
  -669.800  0.000000E+00  0.000000E+00  0.000000E+00  0.000000E+00  0.000000E+00  0.000000E+00
  -669.700  0.000000E+00  0.000000E+00  0.000000E+00  0.000000E+00  0.000000E+00  0.000000E+00
  -669.600  0.000000E+00  0.000000E+00  0.000000E+00  0.000000E+00  0.000000E+00  0.000000E+00
  -669.500  0.000000E+00  0.000000E+00  0.000000E+00  0.000000E+00  0.000000E+00  0.000000E+00
  -669.400  0.000000E+00  0.000000E+00  0.000000E+00  0.000000E+00  0.000000E+00  0.000000E+00
  -669.300  0.000000E+00  0.000000E+00  0.000000E+00  0.000000E+00  0.000000E+00  0.000000E+00
  -669.200  0.000000E+00  0.000000E+00  0.000000E+00  0.000000E+00  0.000000E+00  0.000000E+00
  -669.100  0.000000E+00  0.000000E+00  0.000000E+00  0.000000E+00  0.000000E+00  0.000000E+00
  -669.000  0.000000E+00  0.000000E+00  0.000000E+00  0.000000E+00  0.000000E+00  0.000000E+00
  -668.900  0.000000E+00  0.000000E+00  0.000000E+00  0.000000E+00  0.000000E+00  0.000000E+00
  -668.800  0.000000E+00  0.000000E+00  0.000000E+00  0.000000E+00  0.000000E+00  0.000000E+00
  -668.700  0.000000E+00  0.000000E+00  0.000000E+00  0.000000E+00  0.000000E+00  0.000000E+00
  -668.600  0.000000E+00  0.000000E+00  0.000000E+00  0.000000E+00  0.000000E+00  0.000000E+00
  -668.500  0.000000E+00  0.000000E+00  0.000000E+00  0.000000E+00  0.000000E+00  0.000000E+00
  -668.400  0.000000E+00  0.000000E+00  0.000000E+00  0.000000E+00  0.000000E+00  0.000000E+00
  -668.300  0.000000E+00  0.000000E+00  0.000000E+00  0.000000E+00  0.000000E+00  0.000000E+00
  -668.200  0.000000E+00  0.000000E+00  0.000000E+00  0.000000E+00  0.000000E+00  0.000000E+00
  -668.100  0.000000E+00  0.000000E+00  0.000000E+00  0.000000E+00  0.000000E+00  0.000000E+00
  -668.000  0.000000E+00  0.000000E+00  0.000000E+00  0.000000E+00  0.000000E+00  0.000000E+00
  -667.900  0.000000E+00  0.000000E+00  0.000000E+00  0.000000E+00  0.000000E+00  0.000000E+00
  -667.800  0.000000E+00  0.000000E+00  0.000000E+00  0.000000E+00  0.000000E+00  0.000000E+00
  -667.700  0.000000E+00  0.000000E+00  0.000000E+00  0.000000E+00  0.000000E+00  0.000000E+00
  -667.600  0.000000E+00  0.000000E+00  0.000000E+00  0.000000E+00  0.000000E+00  0.000000E+00
  -667.500  0.000000E+00  0.000000E+00  0.000000E+00  0.000000E+00  0.000000E+00  0.000000E+00
  -667.400  0.151285E-04  0.142550E-04  0.122389E-04  0.000000E+00  0.000000E+00  0.000000E+00
  -667.300  0.220174E-04  0.207609E-04  0.178602E-04  0.165502E-04  0.158444E-04  0.135800E-04
  -667.200  0.318165E-04  0.300253E-04  0.258834E-04  0.240108E-04  0.230012E-04  0.197591E-04
  -667.100  0.456499E-04  0.431195E-04  0.372506E-04  0.345938E-04  0.331606E-04  0.285530E-04
  -667.000  0.650293E-04  0.614876E-04  0.532360E-04  0.494951E-04  0.474756E-04  0.409768E-04
  -666.900  0.919686E-04  0.870584E-04  0.755470E-04  0.703198E-04  0.674960E-04  0.583987E-04
  -666.800  0.129125E-03  0.122383E-03  0.106451E-03  0.992027E-04  0.952844E-04  0.826469E-04
  -666.700  0.179967E-03  0.170803E-03  0.148928E-03  0.138956E-03  0.133561E-03  0.116141E-03
  -666.600  0.248984E-03  0.236653E-03  0.206861E-03  0.193251E-03  0.185881E-03  0.162056E-03
  -666.500  0.341915E-03  0.325499E-03  0.285258E-03  0.266829E-03  0.256841E-03  0.224512E-03
  -666.400  0.466028E-03  0.444412E-03  0.390509E-03  0.365757E-03  0.352330E-03  0.308814E-03
  -666.300  0.630424E-03  0.602288E-03  0.530695E-03  0.497722E-03  0.479818E-03  0.421716E-03
  -666.200  0.846373E-03  0.810188E-03  0.715917E-03  0.672359E-03  0.648683E-03  0.571742E-03
  -666.100  0.112767E-02  0.108173E-02  0.958682E-03  0.901626E-03  0.870578E-03  0.769534E-03
  -666.000  0.149102E-02  0.143347E-02  0.127430E-02  0.120020E-02  0.115984E-02  0.102826E-02
  -665.900  0.195637E-02  0.188536E-02  0.168133E-02  0.158594E-02  0.153390E-02  0.136402E-02
  -665.800  0.254732E-02  0.246110E-02  0.220201E-02  0.208028E-02  0.201379E-02  0.179635E-02
  -665.700  0.329137E-02  0.318857E-02  0.286268E-02  0.270876E-02  0.262455E-02  0.234867E-02
  -665.600  0.422017E-02  0.410013E-02  0.369424E-02  0.350139E-02  0.339571E-02  0.304880E-02
  -665.500  0.536973E-02  0.523297E-02  0.473252E-02  0.449314E-02  0.436174E-02  0.392946E-02
  -665.400  0.678034E-02  0.662918E-02  0.601857E-02  0.572429E-02  0.556243E-02  0.502871E-02
  -665.300  0.849656E-02  0.833593E-02  0.759893E-02  0.724069E-02  0.704322E-02  0.639042E-02
  -665.200  0.105668E-01  0.104053E-01  0.952575E-02  0.909405E-02  0.885549E-02  0.806465E-02
  -665.100  0.130431E-01  0.128942E-01  0.118568E-01  0.113420E-01  0.110567E-01  0.101080E-01
  -665.000  0.159801E-01  0.158636E-01  0.146555E-01  0.140480E-01  0.137104E-01  0.125836E-01
  -664.900  0.194345E-01  0.193784E-01  0.179902E-01  0.172815E-01  0.168862E-01  0.155617E-01
  -664.800  0.234638E-01  0.235065E-01  0.219343E-01  0.211172E-01  0.206595E-01  0.191192E-01
  -664.700  0.281251E-01  0.283178E-01  0.265654E-01  0.256349E-01  0.251112E-01  0.233397E-01
  -664.600  0.334741E-01  0.338830E-01  0.319646E-01  0.309190E-01  0.303271E-01  0.283133E-01
  -664.500  0.395631E-01  0.402729E-01  0.382155E-01  0.370572E-01  0.363973E-01  0.341360E-01
  -664.400  0.464400E-01  0.475566E-01  0.454033E-01  0.441405E-01  0.434151E-01  0.409092E-01
  -664.300  0.541466E-01  0.558004E-01  0.536140E-01  0.522614E-01  0.514767E-01  0.487390E-01
  -664.200  0.627174E-01  0.650664E-01  0.629325E-01  0.615132E-01  0.606794E-01  0.577352E-01
  -664.100  0.721783E-01  0.754113E-01  0.734420E-01  0.719885E-01  0.711207E-01  0.680101E-01
  -664.000  0.825454E-01  0.868848E-01  0.852221E-01  0.837780E-01  0.828970E-01  0.796775E-01
  -663.900  0.938247E-01  0.995289E-01  0.983478E-01  0.969690E-01  0.961020E-01  0.928508E-01
  -663.800  0.106011E+00  0.113376E+00  0.112888E+00  0.111644E+00  0.110825E+00  0.107642E+00
  -663.700  0.119088E+00  0.128450E+00  0.128903E+00  0.127879E+00  0.127151E+00  0.124159E+00
  -663.600  0.133028E+00  0.144762E+00  0.146446E+00  0.145741E+00  0.145154E+00  0.142503E+00
  -663.500  0.147795E+00  0.162314E+00  0.165557E+00  0.165289E+00  0.164901E+00  0.162771E+00
  -663.400  0.163339E+00  0.181094E+00  0.186267E+00  0.186569E+00  0.186448E+00  0.185045E+00
  -663.300  0.179606E+00  0.201080E+00  0.208592E+00  0.209614E+00  0.209837E+00  0.209398E+00
  -663.200  0.196532E+00  0.222239E+00  0.232536E+00  0.234442E+00  0.235096E+00  0.235887E+00
  -663.100  0.214051E+00  0.244526E+00  0.258085E+00  0.261057E+00  0.262235E+00  0.264552E+00
  -663.000  0.232090E+00  0.267886E+00  0.285214E+00  0.289446E+00  0.291249E+00  0.295414E+00
  -662.900  0.250579E+00  0.292256E+00  0.313880E+00  0.319578E+00  0.322115E+00  0.328475E+00
  -662.800  0.269448E+00  0.317567E+00  0.344028E+00  0.351405E+00  0.354790E+00  0.363712E+00
  -662.700  0.288636E+00  0.343744E+00  0.375587E+00  0.384865E+00  0.389216E+00  0.401083E+00
  -662.600  0.308085E+00  0.370711E+00  0.408479E+00  0.419879E+00  0.425315E+00  0.440522E+00
  -662.500  0.327752E+00  0.398393E+00  0.442612E+00  0.456356E+00  0.462996E+00  0.481943E+00
  -662.400  0.347609E+00  0.426720E+00  0.477892E+00  0.494195E+00  0.502157E+00  0.525240E+00
  -662.300  0.367643E+00  0.455632E+00  0.514222E+00  0.533287E+00  0.542685E+00  0.570289E+00
  -662.200  0.387862E+00  0.485078E+00  0.551506E+00  0.573523E+00  0.584462E+00  0.616954E+00
  -662.100  0.408295E+00  0.515023E+00  0.589653E+00  0.614792E+00  0.627368E+00  0.665089E+00
  -662.000  0.428993E+00  0.545452E+00  0.628584E+00  0.656992E+00  0.671290E+00  0.714541E+00
  -661.900  0.450030E+00  0.576367E+00  0.668232E+00  0.700028E+00  0.716117E+00  0.765159E+00
  -661.800  0.471502E+00  0.607795E+00  0.708548E+00  0.743820E+00  0.761756E+00  0.816795E+00
  -661.700  0.493520E+00  0.639782E+00  0.749499E+00  0.788305E+00  0.808123E+00  0.869312E+00
  -661.600  0.516215E+00  0.672393E+00  0.791074E+00  0.833437E+00  0.855156E+00  0.922584E+00
  -661.500  0.539721E+00  0.705712E+00  0.833283E+00  0.879192E+00  0.902812E+00  0.976502E+00
  -661.400  0.564180E+00  0.739833E+00  0.876151E+00  0.925563E+00  0.951064E+00  0.103098E+01
  -661.300  0.589726E+00  0.774855E+00  0.919719E+00  0.972561E+00  0.999906E+00  0.108594E+01
  -661.200  0.616481E+00  0.810880E+00  0.964036E+00  0.102021E+01  0.104935E+01  0.114134E+01
  -661.100  0.644544E+00  0.847995E+00  0.100916E+01  0.106853E+01  0.109940E+01  0.119714E+01
  -661.000  0.673983E+00  0.886270E+00  0.105513E+01  0.111757E+01  0.115009E+01  0.125332E+01
  -660.900  0.704826E+00  0.925747E+00  0.110198E+01  0.116735E+01  0.120144E+01  0.130986E+01
  -660.800  0.737056E+00  0.966431E+00  0.114973E+01  0.121788E+01  0.125345E+01  0.136676E+01
  -660.700  0.770601E+00  0.100828E+01  0.119837E+01  0.126914E+01  0.130610E+01  0.142399E+01
  -660.600  0.805333E+00  0.105120E+01  0.124783E+01  0.132108E+01  0.135937E+01  0.148151E+01
  -660.500  0.841067E+00  0.109504E+01  0.129800E+01  0.137363E+01  0.141316E+01  0.153927E+01
  -660.400  0.877561E+00  0.113960E+01  0.134875E+01  0.142665E+01  0.146735E+01  0.159717E+01
  -660.300  0.914519E+00  0.118460E+01  0.139984E+01  0.147994E+01  0.152177E+01  0.165507E+01
  -660.200  0.951598E+00  0.122972E+01  0.145101E+01  0.153326E+01  0.157618E+01  0.171280E+01
  -660.100  0.988416E+00  0.127458E+01  0.150194E+01  0.158632E+01  0.163031E+01  0.177011E+01
  -660.000  0.102457E+01  0.131876E+01  0.155224E+01  0.163875E+01  0.168381E+01  0.182672E+01
  -659.900  0.105962E+01  0.136181E+01  0.160150E+01  0.169016E+01  0.173629E+01  0.188227E+01
  -659.800  0.109316E+01  0.140326E+01  0.164923E+01  0.174008E+01  0.178730E+01  0.193637E+01
  -659.700  0.112476E+01  0.144262E+01  0.169495E+01  0.178804E+01  0.183637E+01  0.198855E+01
  -659.600  0.115404E+01  0.147942E+01  0.173816E+01  0.183353E+01  0.188298E+01  0.203835E+01
  -659.500  0.118065E+01  0.151321E+01  0.177835E+01  0.187603E+01  0.192663E+01  0.208522E+01
  -659.400  0.120427E+01  0.154357E+01  0.181503E+01  0.191502E+01  0.196678E+01  0.212865E+01
  -659.300  0.122466E+01  0.157014E+01  0.184773E+01  0.195003E+01  0.200294E+01  0.216809E+01
  -659.200  0.124163E+01  0.159260E+01  0.187605E+01  0.198058E+01  0.203463E+01  0.220302E+01
  -659.100  0.125508E+01  0.161072E+01  0.189961E+01  0.200629E+01  0.206142E+01  0.223296E+01
  -659.000  0.126494E+01  0.162433E+01  0.191813E+01  0.202680E+01  0.208296E+01  0.225748E+01
  -658.900  0.127124E+01  0.163336E+01  0.193140E+01  0.204186E+01  0.209895E+01  0.227619E+01
  -658.800  0.127407E+01  0.163779E+01  0.193928E+01  0.205129E+01  0.210919E+01  0.228882E+01
  -658.700  0.127356E+01  0.163771E+01  0.194175E+01  0.205500E+01  0.211355E+01  0.229515E+01
  -658.600  0.126991E+01  0.163326E+01  0.193886E+01  0.205299E+01  0.211204E+01  0.229510E+01
  -658.500  0.126335E+01  0.162466E+01  0.193075E+01  0.204538E+01  0.210471E+01  0.228867E+01
  -658.400  0.125414E+01  0.161220E+01  0.191764E+01  0.203235E+01  0.209176E+01  0.227597E+01
  -658.300  0.124258E+01  0.159619E+01  0.189984E+01  0.201419E+01  0.207345E+01  0.225722E+01
  -658.200  0.122895E+01  0.157700E+01  0.187771E+01  0.199125E+01  0.205013E+01  0.223275E+01
  -658.100  0.121356E+01  0.155501E+01  0.185167E+01  0.196396E+01  0.202222E+01  0.220297E+01
  -658.000  0.119669E+01  0.153063E+01  0.182218E+01  0.193278E+01  0.199019E+01  0.216835E+01
  -657.900  0.117861E+01  0.150426E+01  0.178973E+01  0.189822E+01  0.195457E+01  0.212944E+01
  -657.800  0.115957E+01  0.147628E+01  0.175480E+01  0.186081E+01  0.191589E+01  0.208683E+01
  -657.700  0.113978E+01  0.144707E+01  0.171789E+01  0.182109E+01  0.187472E+01  0.204114E+01
  -657.600  0.111943E+01  0.141695E+01  0.167947E+01  0.177958E+01  0.183160E+01  0.199298E+01
  -657.500  0.109866E+01  0.138623E+01  0.163999E+01  0.173677E+01  0.178706E+01  0.194297E+01
  -657.400  0.107760E+01  0.135518E+01  0.159986E+01  0.169314E+01  0.174159E+01  0.189170E+01
  -657.300  0.105631E+01  0.132400E+01  0.155942E+01  0.164909E+01  0.169565E+01  0.183970E+01
  -657.200  0.103486E+01  0.129286E+01  0.151900E+01  0.160500E+01  0.164962E+01  0.178747E+01
  -657.100  0.101328E+01  0.126191E+01  0.147886E+01  0.156118E+01  0.160384E+01  0.173544E+01
  -657.000  0.991553E+00  0.123122E+01  0.143918E+01  0.151787E+01  0.155860E+01  0.168397E+01
  -656.900  0.969692E+00  0.120084E+01  0.140013E+01  0.147527E+01  0.151411E+01  0.163337E+01
  -656.800  0.947678E+00  0.117082E+01  0.136180E+01  0.143353E+01  0.147054E+01  0.158386E+01
  -656.700  0.925500E+00  0.114115E+01  0.132427E+01  0.139274E+01  0.142800E+01  0.153562E+01
  -656.600  0.903150E+00  0.111182E+01  0.128756E+01  0.135294E+01  0.138654E+01  0.148876E+01
  -656.500  0.880637E+00  0.108281E+01  0.125167E+01  0.131417E+01  0.134621E+01  0.144334E+01
  -656.400  0.857984E+00  0.105412E+01  0.121659E+01  0.127641E+01  0.130701E+01  0.139941E+01
  -656.300  0.835237E+00  0.102574E+01  0.118231E+01  0.123965E+01  0.126891E+01  0.135694E+01
  -656.200  0.812466E+00  0.997673E+00  0.114880E+01  0.120386E+01  0.123189E+01  0.131593E+01
  -656.100  0.789767E+00  0.969945E+00  0.111605E+01  0.116902E+01  0.119594E+01  0.127635E+01
  -656.000  0.767260E+00  0.942603E+00  0.108405E+01  0.113512E+01  0.116102E+01  0.123816E+01
  -655.900  0.745086E+00  0.915717E+00  0.105283E+01  0.110216E+01  0.112713E+01  0.120132E+01
  -655.800  0.723409E+00  0.889380E+00  0.102241E+01  0.107014E+01  0.109428E+01  0.116584E+01
  -655.700  0.702403E+00  0.863706E+00  0.992864E+00  0.103912E+01  0.106249E+01  0.113170E+01
  -655.600  0.682253E+00  0.838825E+00  0.964254E+00  0.100914E+01  0.103180E+01  0.109890E+01
  -655.500  0.663144E+00  0.814883E+00  0.936677E+00  0.980267E+00  0.100228E+01  0.106748E+01
  -655.400  0.645257E+00  0.792035E+00  0.910238E+00  0.952595E+00  0.973999E+00  0.103746E+01
  -655.300  0.628758E+00  0.770435E+00  0.885053E+00  0.926216E+00  0.947038E+00  0.100889E+01
  -655.200  0.613795E+00  0.750234E+00  0.861239E+00  0.901227E+00  0.921484E+00  0.981823E+00
  -655.100  0.600486E+00  0.731570E+00  0.838911E+00  0.877727E+00  0.897427E+00  0.956297E+00
  -655.000  0.588920E+00  0.714564E+00  0.818174E+00  0.855807E+00  0.874948E+00  0.932360E+00
  -654.900  0.579146E+00  0.699311E+00  0.799119E+00  0.835545E+00  0.854116E+00  0.910049E+00
  -654.800  0.571173E+00  0.685877E+00  0.781815E+00  0.817002E+00  0.834986E+00  0.889386E+00
  -654.700  0.564970E+00  0.674294E+00  0.766306E+00  0.800218E+00  0.817592E+00  0.870379E+00
  -654.600  0.560460E+00  0.664555E+00  0.752610E+00  0.785206E+00  0.801946E+00  0.853019E+00
  -654.500  0.557528E+00  0.656618E+00  0.740711E+00  0.771954E+00  0.788032E+00  0.837275E+00
  -654.400  0.556021E+00  0.650401E+00  0.730563E+00  0.760419E+00  0.775810E+00  0.823099E+00
  -654.300  0.555752E+00  0.645785E+00  0.722087E+00  0.750532E+00  0.765211E+00  0.810424E+00
  -654.200  0.556508E+00  0.642619E+00  0.715176E+00  0.742196E+00  0.756144E+00  0.799161E+00
  -654.100  0.558055E+00  0.640721E+00  0.709693E+00  0.735289E+00  0.748492E+00  0.789210E+00
  -654.000  0.560146E+00  0.639887E+00  0.705479E+00  0.729666E+00  0.742118E+00  0.780453E+00
  -653.900  0.562532E+00  0.639894E+00  0.702353E+00  0.725164E+00  0.736869E+00  0.772763E+00
  -653.800  0.564965E+00  0.640511E+00  0.700122E+00  0.721607E+00  0.732578E+00  0.766001E+00
  -653.700  0.567214E+00  0.641501E+00  0.698583E+00  0.718810E+00  0.729067E+00  0.760025E+00
  -653.600  0.569065E+00  0.642635E+00  0.697528E+00  0.716580E+00  0.726156E+00  0.754687E+00
  -653.500  0.570336E+00  0.643697E+00  0.696755E+00  0.714729E+00  0.723663E+00  0.749840E+00
  -653.400  0.570880E+00  0.644489E+00  0.696068E+00  0.713070E+00  0.721411E+00  0.745336E+00
  -653.300  0.570592E+00  0.644842E+00  0.695286E+00  0.711431E+00  0.719229E+00  0.741033E+00
  -653.200  0.569417E+00  0.644620E+00  0.694249E+00  0.709649E+00  0.716962E+00  0.736794E+00
  -653.100  0.567348E+00  0.643726E+00  0.692819E+00  0.707586E+00  0.714469E+00  0.732491E+00
  -653.000  0.564437E+00  0.642106E+00  0.690890E+00  0.705124E+00  0.711630E+00  0.728008E+00
  -652.900  0.560791E+00  0.639754E+00  0.688386E+00  0.702172E+00  0.708350E+00  0.723243E+00
  -652.800  0.556573E+00  0.636713E+00  0.685270E+00  0.698670E+00  0.704558E+00  0.718109E+00
  -652.700  0.552005E+00  0.633075E+00  0.681540E+00  0.694592E+00  0.700217E+00  0.712540E+00
  -652.600  0.547361E+00  0.628984E+00  0.677238E+00  0.689944E+00  0.695318E+00  0.706493E+00
  -652.500  0.542966E+00  0.624632E+00  0.672445E+00  0.684772E+00  0.689889E+00  0.699948E+00
  -652.400  0.539192E+00  0.620259E+00  0.667281E+00  0.679157E+00  0.683993E+00  0.692915E+00
  -652.300  0.536449E+00  0.616146E+00  0.661911E+00  0.673219E+00  0.677726E+00  0.685430E+00
  -652.200  0.535181E+00  0.612613E+00  0.656533E+00  0.667113E+00  0.671224E+00  0.677564E+00
  -652.100  0.535856E+00  0.610012E+00  0.651382E+00  0.661031E+00  0.664654E+00  0.669418E+00
  -652.000  0.538956E+00  0.608718E+00  0.646725E+00  0.655196E+00  0.658218E+00  0.661126E+00
  -651.900  0.544966E+00  0.609125E+00  0.642854E+00  0.649860E+00  0.652147E+00  0.652854E+00
  -651.800  0.554365E+00  0.611633E+00  0.640081E+00  0.645297E+00  0.646696E+00  0.644794E+00
  -651.700  0.567610E+00  0.616640E+00  0.638730E+00  0.641802E+00  0.642142E+00  0.637170E+00
  -651.600  0.585125E+00  0.624529E+00  0.639131E+00  0.639677E+00  0.638774E+00  0.630221E+00
  -651.500  0.607286E+00  0.635659E+00  0.641608E+00  0.639230E+00  0.636888E+00  0.624208E+00
  -651.400  0.634409E+00  0.650352E+00  0.646470E+00  0.640760E+00  0.636778E+00  0.619395E+00
  -651.300  0.666734E+00  0.668877E+00  0.654004E+00  0.644550E+00  0.638724E+00  0.616052E+00
  -651.200  0.704415E+00  0.691448E+00  0.664456E+00  0.650858E+00  0.642986E+00  0.614438E+00
  -651.100  0.747504E+00  0.718200E+00  0.678032E+00  0.659903E+00  0.649791E+00  0.614793E+00
  -651.000  0.795946E+00  0.749189E+00  0.694874E+00  0.671859E+00  0.659324E+00  0.617332E+00
  -650.900  0.849566E+00  0.784379E+00  0.715064E+00  0.686840E+00  0.671718E+00  0.622231E+00
  -650.800  0.908067E+00  0.823636E+00  0.738606E+00  0.704898E+00  0.687046E+00  0.629618E+00
  -650.700  0.971028E+00  0.866725E+00  0.765425E+00  0.726012E+00  0.705311E+00  0.639569E+00
  -650.600  0.103790E+01  0.913306E+00  0.795363E+00  0.750083E+00  0.726446E+00  0.652096E+00
  -650.500  0.110803E+01  0.962943E+00  0.828174E+00  0.776933E+00  0.750305E+00  0.667147E+00
  -650.400  0.118065E+01  0.101510E+01  0.863533E+00  0.806308E+00  0.776667E+00  0.684601E+00
  -650.300  0.125489E+01  0.106917E+01  0.901033E+00  0.837874E+00  0.805238E+00  0.704267E+00
  -650.200  0.132983E+01  0.112447E+01  0.940199E+00  0.871231E+00  0.835653E+00  0.725890E+00
  -650.100  0.140446E+01  0.118024E+01  0.980497E+00  0.905919E+00  0.867489E+00  0.749156E+00
  -650.000  0.147779E+01  0.123573E+01  0.102135E+01  0.941429E+00  0.900273E+00  0.773697E+00
  -649.900  0.154879E+01  0.129013E+01  0.106214E+01  0.977217E+00  0.933495E+00  0.799103E+00
  -649.800  0.161648E+01  0.134267E+01  0.110226E+01  0.101272E+01  0.966623E+00  0.824936E+00
  -649.700  0.167989E+01  0.139259E+01  0.114108E+01  0.104738E+01  0.999120E+00  0.850740E+00
  -649.600  0.173818E+01  0.143918E+01  0.117802E+01  0.108063E+01  0.103045E+01  0.876053E+00
  -649.500  0.179056E+01  0.148180E+01  0.121251E+01  0.111197E+01  0.106012E+01  0.900426E+00
  -649.400  0.183637E+01  0.151989E+01  0.124405E+01  0.114089E+01  0.108765E+01  0.923432E+00
  -649.300  0.187507E+01  0.155298E+01  0.127221E+01  0.116698E+01  0.111261E+01  0.944676E+00
  -649.200  0.190627E+01  0.158070E+01  0.129660E+01  0.118987E+01  0.113465E+01  0.963808E+00
  -649.100  0.192969E+01  0.160278E+01  0.131694E+01  0.120925E+01  0.115347E+01  0.980524E+00
  -649.000  0.194519E+01  0.161906E+01  0.133302E+01  0.122491E+01  0.116882E+01  0.994579E+00
  -648.900  0.195277E+01  0.162946E+01  0.134469E+01  0.123667E+01  0.118055E+01  0.100578E+01
  -648.800  0.195253E+01  0.163401E+01  0.135190E+01  0.124446E+01  0.118854E+01  0.101399E+01
  -648.700  0.194467E+01  0.163279E+01  0.135463E+01  0.124823E+01  0.119275E+01  0.101912E+01
  -648.600  0.192949E+01  0.162596E+01  0.135295E+01  0.124802E+01  0.119319E+01  0.102115E+01
  -648.500  0.190732E+01  0.161373E+01  0.134696E+01  0.124387E+01  0.118990E+01  0.102006E+01
  -648.400  0.187857E+01  0.159633E+01  0.133679E+01  0.123591E+01  0.118297E+01  0.101591E+01
  -648.300  0.184369E+01  0.157403E+01  0.132260E+01  0.122425E+01  0.117252E+01  0.100876E+01
  -648.200  0.180314E+01  0.154712E+01  0.130458E+01  0.120904E+01  0.115867E+01  0.998694E+00
  -648.100  0.175737E+01  0.151589E+01  0.128291E+01  0.119045E+01  0.114156E+01  0.985817E+00
  -648.000  0.170688E+01  0.148062E+01  0.125779E+01  0.116863E+01  0.112136E+01  0.970240E+00
  -647.900  0.165213E+01  0.144161E+01  0.122942E+01  0.114376E+01  0.109822E+01  0.952082E+00
  -647.800  0.159360E+01  0.139914E+01  0.119798E+01  0.111602E+01  0.107230E+01  0.931465E+00
  -647.700  0.153174E+01  0.135351E+01  0.116370E+01  0.108556E+01  0.104375E+01  0.908516E+00
  -647.600  0.146704E+01  0.130500E+01  0.112676E+01  0.105258E+01  0.101274E+01  0.883364E+00
  -647.500  0.139994E+01  0.125392E+01  0.108738E+01  0.101725E+01  0.979456E+00  0.856146E+00
  -647.400  0.133093E+01  0.120057E+01  0.104578E+01  0.979781E+00  0.944068E+00  0.827006E+00
  -647.300  0.126048E+01  0.114528E+01  0.100220E+01  0.940373E+00  0.906775E+00  0.796101E+00
  -647.200  0.118906E+01  0.108840E+01  0.956902E+00  0.899253E+00  0.867790E+00  0.763601E+00
  -647.100  0.111717E+01  0.103028E+01  0.910151E+00  0.856668E+00  0.827343E+00  0.729693E+00
  -647.000  0.104531E+01  0.971324E+00  0.862247E+00  0.812885E+00  0.785685E+00  0.694581E+00
  -646.900  0.973983E+00  0.911921E+00  0.813511E+00  0.768191E+00  0.743089E+00  0.658489E+00
  -646.800  0.903681E+00  0.852496E+00  0.764279E+00  0.722893E+00  0.699844E+00  0.621660E+00
  -646.700  0.834907E+00  0.793481E+00  0.714905E+00  0.677314E+00  0.656258E+00  0.584352E+00
  -646.600  0.768147E+00  0.735310E+00  0.665755E+00  0.631791E+00  0.612652E+00  0.546838E+00
  -646.500  0.703868E+00  0.678419E+00  0.617199E+00  0.586666E+00  0.569356E+00  0.509401E+00
  -646.400  0.642516E+00  0.623231E+00  0.569607E+00  0.542285E+00  0.526700E+00  0.472328E+00
  -646.300  0.584504E+00  0.570152E+00  0.523341E+00  0.498987E+00  0.485012E+00  0.435906E+00
  -646.200  0.530206E+00  0.519567E+00  0.478747E+00  0.457101E+00  0.444609E+00  0.400418E+00
  -646.100  0.479957E+00  0.471826E+00  0.436152E+00  0.416936E+00  0.405792E+00  0.366133E+00
  -646.000  0.434043E+00  0.427242E+00  0.395852E+00  0.378778E+00  0.368840E+00  0.333303E+00
  -645.900  0.392699E+00  0.386086E+00  0.358112E+00  0.342882E+00  0.334003E+00  0.302158E+00
  -645.800  0.356108E+00  0.348584E+00  0.323159E+00  0.309471E+00  0.301499E+00  0.272901E+00
  -645.700  0.324397E+00  0.314912E+00  0.291179E+00  0.278730E+00  0.271512E+00  0.245705E+00
  -645.600  0.297639E+00  0.285196E+00  0.262316E+00  0.250804E+00  0.244187E+00  0.220711E+00
  -645.500  0.275852E+00  0.259514E+00  0.236672E+00  0.225798E+00  0.219631E+00  0.198024E+00
  -645.400  0.258996E+00  0.237892E+00  0.214304E+00  0.203778E+00  0.197910E+00  0.177719E+00
  -645.300  0.246980E+00  0.220309E+00  0.195228E+00  0.184768E+00  0.179055E+00  0.159832E+00
  -645.200  0.239661E+00  0.206698E+00  0.179420E+00  0.168757E+00  0.163058E+00  0.144371E+00
  -645.100  0.236843E+00  0.196950E+00  0.166819E+00  0.155696E+00  0.149878E+00  0.131310E+00
  -645.000  0.238287E+00  0.190915E+00  0.157328E+00  0.145506E+00  0.139444E+00  0.120596E+00
  -644.900  0.243706E+00  0.188406E+00  0.150821E+00  0.138078E+00  0.131653E+00  0.112154E+00
  -644.800  0.252775E+00  0.189205E+00  0.147144E+00  0.133278E+00  0.126382E+00  0.105881E+00
  -644.700  0.265130E+00  0.193064E+00  0.146117E+00  0.130947E+00  0.123483E+00  0.101662E+00
  -644.600  0.280379E+00  0.199710E+00  0.147543E+00  0.130910E+00  0.122790E+00  0.993600E-01
  -644.500  0.298103E+00  0.208849E+00  0.151206E+00  0.132976E+00  0.124125E+00  0.988293E-01
  -644.400  0.317864E+00  0.220170E+00  0.156875E+00  0.136940E+00  0.127294E+00  0.999124E-01
  -644.300  0.339213E+00  0.233351E+00  0.164311E+00  0.142588E+00  0.132097E+00  0.102444E+00
  -644.200  0.361696E+00  0.248058E+00  0.173265E+00  0.149699E+00  0.138325E+00  0.106254E+00
  -644.100  0.384862E+00  0.263956E+00  0.183484E+00  0.158045E+00  0.145764E+00  0.111167E+00
  -644.000  0.408270E+00  0.280708E+00  0.194710E+00  0.167397E+00  0.154199E+00  0.117005E+00
  -643.900  0.431494E+00  0.297979E+00  0.206685E+00  0.177524E+00  0.163412E+00  0.123592E+00
  -643.800  0.454134E+00  0.315443E+00  0.219154E+00  0.188196E+00  0.173184E+00  0.130748E+00
  -643.700  0.475817E+00  0.332780E+00  0.231863E+00  0.199183E+00  0.183300E+00  0.138295E+00
  -643.600  0.496204E+00  0.349687E+00  0.244563E+00  0.210260E+00  0.193547E+00  0.146059E+00
  -643.500  0.514991E+00  0.365873E+00  0.257013E+00  0.221206E+00  0.203716E+00  0.153865E+00
  -643.400  0.531917E+00  0.381067E+00  0.268979E+00  0.231809E+00  0.213603E+00  0.161546E+00
  -643.300  0.546757E+00  0.395019E+00  0.280240E+00  0.241863E+00  0.223013E+00  0.168938E+00
  -643.200  0.559332E+00  0.407499E+00  0.290587E+00  0.251173E+00  0.231761E+00  0.175884E+00
  -643.100  0.569502E+00  0.418305E+00  0.299826E+00  0.259560E+00  0.239672E+00  0.182238E+00
  -643.000  0.577169E+00  0.427261E+00  0.307784E+00  0.266857E+00  0.246588E+00  0.187862E+00
  -642.900  0.582277E+00  0.434224E+00  0.314308E+00  0.272918E+00  0.252367E+00  0.192635E+00
  -642.800  0.584806E+00  0.439080E+00  0.319270E+00  0.277619E+00  0.256887E+00  0.196450E+00
  -642.700  0.584781E+00  0.441753E+00  0.322568E+00  0.280859E+00  0.260050E+00  0.199217E+00
  -642.600  0.582260E+00  0.442201E+00  0.324134E+00  0.282566E+00  0.261784E+00  0.200870E+00
  -642.500  0.577342E+00  0.440424E+00  0.323928E+00  0.282697E+00  0.262043E+00  0.201363E+00
  -642.400  0.570161E+00  0.436460E+00  0.321950E+00  0.281239E+00  0.260812E+00  0.200675E+00
  -642.300  0.560887E+00  0.430391E+00  0.318230E+00  0.278215E+00  0.258109E+00  0.198812E+00
  -642.200  0.549724E+00  0.422335E+00  0.312839E+00  0.273678E+00  0.253980E+00  0.195804E+00
  -642.100  0.536909E+00  0.412454E+00  0.305879E+00  0.267715E+00  0.248504E+00  0.191706E+00
  -642.000  0.522710E+00  0.400944E+00  0.297489E+00  0.260443E+00  0.241787E+00  0.186598E+00
  -641.900  0.507419E+00  0.388037E+00  0.287836E+00  0.252006E+00  0.233965E+00  0.180582E+00
  -641.800  0.491353E+00  0.373992E+00  0.277113E+00  0.242576E+00  0.225193E+00  0.173779E+00
  -641.700  0.474849E+00  0.359093E+00  0.265538E+00  0.232341E+00  0.215650E+00  0.166326E+00
  -641.600  0.458254E+00  0.343641E+00  0.253341E+00  0.221507E+00  0.205525E+00  0.158371E+00
  -641.500  0.441923E+00  0.327949E+00  0.240766E+00  0.210287E+00  0.195019E+00  0.150071E+00
  -641.400  0.426212E+00  0.312330E+00  0.228058E+00  0.198901E+00  0.184335E+00  0.141584E+00
  -641.300  0.411467E+00  0.297094E+00  0.215460E+00  0.187563E+00  0.173676E+00  0.133071E+00
  -641.200  0.398019E+00  0.282538E+00  0.203208E+00  0.176484E+00  0.163236E+00  0.124683E+00
  -641.100  0.386174E+00  0.268939E+00  0.191521E+00  0.165858E+00  0.153199E+00  0.116566E+00
  -641.000  0.376207E+00  0.256549E+00  0.180600E+00  0.155865E+00  0.143732E+00  0.108850E+00
  -640.900  0.368352E+00  0.245583E+00  0.170620E+00  0.146662E+00  0.134982E+00  0.101653E+00
  -640.800  0.362792E+00  0.236223E+00  0.161730E+00  0.138381E+00  0.127075E+00  0.950722E-01
  -640.700  0.359658E+00  0.228604E+00  0.154045E+00  0.131128E+00  0.120109E+00  0.891889E-01
  -640.600  0.359017E+00  0.222816E+00  0.147650E+00  0.124982E+00  0.114158E+00  0.840626E-01
  -640.500  0.360871E+00  0.218903E+00  0.142594E+00  0.119988E+00  0.109269E+00  0.797329E-01
  -640.400  0.365155E+00  0.216860E+00  0.138894E+00  0.116168E+00  0.105462E+00  0.762195E-01
  -640.300  0.371734E+00  0.216632E+00  0.136531E+00  0.113510E+00  0.102730E+00  0.735225E-01
  -640.200  0.380404E+00  0.218121E+00  0.135457E+00  0.111980E+00  0.101042E+00  0.716241E-01
  -640.100  0.390900E+00  0.221186E+00  0.135594E+00  0.111515E+00  0.100345E+00  0.704893E-01
  -640.000  0.402899E+00  0.225646E+00  0.136838E+00  0.112032E+00  0.100565E+00  0.700685E-01
  -639.900  0.416029E+00  0.231290E+00  0.139063E+00  0.113429E+00  0.101610E+00  0.702988E-01
  -639.800  0.429881E+00  0.237878E+00  0.142123E+00  0.115588E+00  0.103373E+00  0.711064E-01
  -639.700  0.444022E+00  0.245155E+00  0.145859E+00  0.118376E+00  0.105737E+00  0.724086E-01
  -639.600  0.458003E+00  0.252850E+00  0.150100E+00  0.121654E+00  0.108576E+00  0.741165E-01
  -639.500  0.471381E+00  0.260689E+00  0.154673E+00  0.125276E+00  0.111757E+00  0.761367E-01
  -639.400  0.483724E+00  0.268402E+00  0.159401E+00  0.129095E+00  0.115148E+00  0.783735E-01
  -639.300  0.494633E+00  0.275729E+00  0.164111E+00  0.132966E+00  0.118616E+00  0.807314E-01
  -639.200  0.503744E+00  0.282424E+00  0.168637E+00  0.136747E+00  0.122032E+00  0.831168E-01
  -639.100  0.510747E+00  0.288266E+00  0.172822E+00  0.140305E+00  0.125274E+00  0.854398E-01
  -639.000  0.515386E+00  0.293059E+00  0.176524E+00  0.143517E+00  0.128230E+00  0.876157E-01
  -638.900  0.517469E+00  0.296636E+00  0.179617E+00  0.146273E+00  0.130796E+00  0.895668E-01
  -638.800  0.516869E+00  0.298863E+00  0.181991E+00  0.148475E+00  0.132882E+00  0.912236E-01
  -638.700  0.513523E+00  0.299642E+00  0.183558E+00  0.150042E+00  0.134412E+00  0.925254E-01
  -638.600  0.507433E+00  0.298907E+00  0.184248E+00  0.150910E+00  0.135323E+00  0.934218E-01
  -638.500  0.498659E+00  0.296625E+00  0.184012E+00  0.151031E+00  0.135570E+00  0.938727E-01
  -638.400  0.487318E+00  0.292799E+00  0.182823E+00  0.150373E+00  0.135121E+00  0.938490E-01
  -638.300  0.473571E+00  0.287460E+00  0.180673E+00  0.148924E+00  0.133960E+00  0.933327E-01
  -638.200  0.457623E+00  0.280669E+00  0.177575E+00  0.146686E+00  0.132088E+00  0.923169E-01
  -638.100  0.439709E+00  0.272513E+00  0.173561E+00  0.143679E+00  0.129518E+00  0.908052E-01
  -638.000  0.420092E+00  0.263101E+00  0.168678E+00  0.139937E+00  0.126280E+00  0.888119E-01
  -637.900  0.399051E+00  0.252562E+00  0.162990E+00  0.135508E+00  0.122412E+00  0.863607E-01
  -637.800  0.376876E+00  0.241041E+00  0.156576E+00  0.130452E+00  0.117969E+00  0.834839E-01
  -637.700  0.353861E+00  0.228695E+00  0.149524E+00  0.124839E+00  0.113011E+00  0.802218E-01
  -637.600  0.330299E+00  0.215691E+00  0.141932E+00  0.118749E+00  0.107609E+00  0.766210E-01
  -637.500  0.306475E+00  0.202200E+00  0.133906E+00  0.112267E+00  0.101840E+00  0.727335E-01
  -637.400  0.282658E+00  0.188393E+00  0.125554E+00  0.105482E+00  0.957831E-01  0.686149E-01
  -637.300  0.259106E+00  0.174441E+00  0.116988E+00  0.984873E-01  0.895224E-01  0.643230E-01
  -637.200  0.236049E+00  0.160506E+00  0.108316E+00  0.913733E-01  0.831402E-01  0.599166E-01
  -637.100  0.213699E+00  0.146743E+00  0.996439E-01  0.842295E-01  0.767177E-01  0.554538E-01
  -637.000  0.192237E+00  0.133295E+00  0.910721E-01  0.771407E-01  0.703323E-01  0.509904E-01
  -636.900  0.171818E+00  0.120287E+00  0.826921E-01  0.701855E-01  0.640558E-01  0.465793E-01
  -636.800  0.152567E+00  0.107831E+00  0.745860E-01  0.634347E-01  0.579534E-01  0.422684E-01
  -636.700  0.134577E+00  0.960176E-01  0.668246E-01  0.569502E-01  0.520823E-01  0.381009E-01
  -636.600  0.117914E+00  0.849210E-01  0.594670E-01  0.507842E-01  0.464909E-01  0.341134E-01
  -636.500  0.102616E+00  0.745947E-01  0.525596E-01  0.449783E-01  0.412182E-01  0.303366E-01
  -636.400  0.886909E-01  0.650734E-01  0.461364E-01  0.395638E-01  0.362940E-01  0.267940E-01
  -636.300  0.761263E-01  0.563740E-01  0.402189E-01  0.345617E-01  0.317383E-01  0.235029E-01
  -636.200  0.648863E-01  0.484971E-01  0.348172E-01  0.299831E-01  0.275627E-01  0.204739E-01
  -636.100  0.549176E-01  0.414281E-01  0.299310E-01  0.258301E-01  0.237701E-01  0.177116E-01
  -636.000  0.461520E-01  0.351402E-01  0.255504E-01  0.220970E-01  0.203564E-01  0.152154E-01
  -635.900  0.385098E-01  0.295958E-01  0.216577E-01  0.187709E-01  0.173108E-01  0.129795E-01
  -635.800  0.319036E-01  0.247492E-01  0.182287E-01  0.158333E-01  0.146174E-01  0.109945E-01
  -635.700  0.262414E-01  0.205491E-01  0.152342E-01  0.132611E-01  0.122560E-01  0.924749E-02
  -635.600  0.214290E-01  0.169402E-01  0.126414E-01  0.110283E-01  0.102035E-01  0.772309E-02
  -635.500  0.173732E-01  0.138654E-01  0.104154E-01  0.910637E-02  0.843443E-02  0.640425E-02
  -635.400  0.139835E-01  0.112676E-01  0.852034E-02  0.746595E-02  0.692258E-02  0.527286E-02
  -635.300  0.111740E-01  0.909103E-02  0.692046E-02  0.607745E-02  0.564126E-02  0.431037E-02
  -635.200  0.886464E-02  0.728248E-02  0.558090E-02  0.491188E-02  0.456429E-02  0.349837E-02
  -635.100  0.698189E-02  0.579198E-02  0.446847E-02  0.394147E-02  0.366650E-02  0.281896E-02
  -635.000  0.545942E-02  0.457358E-02  0.355218E-02  0.314011E-02  0.292418E-02  0.225515E-02
  -634.900  0.423825E-02  0.358563E-02  0.280354E-02  0.248372E-02  0.231539E-02  0.179107E-02
  -634.800  0.326660E-02  0.279097E-02  0.219679E-02  0.195039E-02  0.182012E-02  0.141218E-02
  -634.700  0.249965E-02  0.215686E-02  0.170895E-02  0.152052E-02  0.142044E-02  0.110534E-02
  -634.600  0.189906E-02  0.165487E-02  0.131986E-02  0.117681E-02  0.110048E-02  0.858853E-03
  -634.500  0.143245E-02  0.126059E-02  0.101197E-02  0.904172E-03  0.846380E-03  0.662432E-03
  -634.400  0.107276E-02  0.953349E-03  0.770266E-03  0.689628E-03  0.646190E-03  0.507166E-03
  -634.300  0.797648E-03  0.715792E-03  0.582016E-03  0.522136E-03  0.489724E-03  0.385414E-03
  -634.200  0.588844E-03  0.533545E-03  0.436552E-03  0.392412E-03  0.368403E-03  0.290709E-03
  -634.100  0.431589E-03  0.394815E-03  0.325034E-03  0.292734E-03  0.275079E-03  0.217631E-03
  -634.000  0.314062E-03  0.290030E-03  0.240213E-03  0.216750E-03  0.203862E-03  0.161695E-03
  -633.900  0.226898E-03  0.211497E-03  0.176206E-03  0.159287E-03  0.149948E-03  0.119224E-03
  -633.800  0.162745E-03  0.153095E-03  0.128286E-03  0.116176E-03  0.109458E-03  0.872377E-04
  -633.700  0.115886E-03  0.110001E-03  0.926947E-04  0.840897E-04  0.792929E-04  0.633418E-04
  -633.600  0.819209E-04  0.784494E-04  0.664694E-04  0.604003E-04  0.570006E-04  0.456352E-04
  -633.500  0.574881E-04  0.555290E-04  0.472995E-04  0.430507E-04  0.406590E-04  0.326218E-04
  -633.400  0.400466E-04  0.390089E-04  0.333991E-04  0.304467E-04  0.287768E-04  0.231360E-04
  -633.300  0.276908E-04  0.271954E-04  0.234008E-04  0.213646E-04  0.202073E-04  0.162786E-04
  -633.200  0.190050E-04  0.188145E-04  0.162674E-04  0.148735E-04  0.140776E-04  0.000000E+00
  -633.100  0.129461E-04  0.129159E-04  0.000000E+00  0.000000E+00  0.000000E+00  0.000000E+00
  -633.000  0.000000E+00  0.000000E+00  0.000000E+00  0.000000E+00  0.000000E+00  0.000000E+00
  -632.900  0.000000E+00  0.000000E+00  0.000000E+00  0.000000E+00  0.000000E+00  0.000000E+00
  -632.800  0.000000E+00  0.000000E+00  0.000000E+00  0.000000E+00  0.000000E+00  0.000000E+00
  -632.700  0.000000E+00  0.000000E+00  0.000000E+00  0.000000E+00  0.000000E+00  0.000000E+00
  -632.600  0.000000E+00  0.000000E+00  0.000000E+00  0.000000E+00  0.000000E+00  0.000000E+00
  -632.500  0.000000E+00  0.000000E+00  0.000000E+00  0.000000E+00  0.000000E+00  0.000000E+00
  -632.400  0.000000E+00  0.000000E+00  0.000000E+00  0.000000E+00  0.000000E+00  0.000000E+00
  -632.300  0.000000E+00  0.000000E+00  0.000000E+00  0.000000E+00  0.000000E+00  0.000000E+00
  -632.200  0.000000E+00  0.000000E+00  0.000000E+00  0.000000E+00  0.000000E+00  0.000000E+00
  -632.100  0.000000E+00  0.000000E+00  0.000000E+00  0.000000E+00  0.000000E+00  0.000000E+00
  -632.000  0.000000E+00  0.000000E+00  0.000000E+00  0.000000E+00  0.000000E+00  0.000000E+00
  -631.900  0.000000E+00  0.000000E+00  0.000000E+00  0.000000E+00  0.000000E+00  0.000000E+00
  -631.800  0.000000E+00  0.000000E+00  0.000000E+00  0.000000E+00  0.000000E+00  0.000000E+00
  -631.700  0.000000E+00  0.000000E+00  0.000000E+00  0.000000E+00  0.000000E+00  0.000000E+00
  -631.600  0.000000E+00  0.000000E+00  0.000000E+00  0.000000E+00  0.000000E+00  0.000000E+00
  -631.500  0.000000E+00  0.000000E+00  0.000000E+00  0.000000E+00  0.000000E+00  0.000000E+00
  -631.400  0.000000E+00  0.000000E+00  0.000000E+00  0.000000E+00  0.000000E+00  0.000000E+00
  -631.300  0.000000E+00  0.000000E+00  0.000000E+00  0.000000E+00  0.000000E+00  0.000000E+00
  -631.200  0.000000E+00  0.000000E+00  0.000000E+00  0.000000E+00  0.000000E+00  0.000000E+00
  -631.100  0.000000E+00  0.000000E+00  0.000000E+00  0.000000E+00  0.000000E+00  0.000000E+00
  -631.000  0.000000E+00  0.000000E+00  0.000000E+00  0.000000E+00  0.000000E+00  0.000000E+00
  -630.900  0.000000E+00  0.000000E+00  0.000000E+00  0.000000E+00  0.000000E+00  0.000000E+00
  -630.800  0.000000E+00  0.000000E+00  0.000000E+00  0.000000E+00  0.000000E+00  0.000000E+00
  -630.700  0.000000E+00  0.000000E+00  0.000000E+00  0.000000E+00  0.000000E+00  0.000000E+00
  -630.600  0.000000E+00  0.000000E+00  0.000000E+00  0.000000E+00  0.000000E+00  0.000000E+00
  -630.500  0.000000E+00  0.000000E+00  0.000000E+00  0.000000E+00  0.000000E+00  0.000000E+00
  -630.400  0.000000E+00  0.000000E+00  0.000000E+00  0.000000E+00  0.000000E+00  0.000000E+00
  -630.300  0.000000E+00  0.000000E+00  0.000000E+00  0.000000E+00  0.000000E+00  0.000000E+00
  -630.200  0.000000E+00  0.000000E+00  0.000000E+00  0.000000E+00  0.000000E+00  0.000000E+00
  -630.100  0.000000E+00  0.000000E+00  0.000000E+00  0.000000E+00  0.000000E+00  0.000000E+00
  -630.000  0.000000E+00  0.000000E+00  0.000000E+00  0.000000E+00  0.000000E+00  0.000000E+00
  -629.900  0.000000E+00  0.000000E+00  0.000000E+00  0.000000E+00  0.000000E+00  0.000000E+00
  -629.800  0.000000E+00  0.000000E+00  0.000000E+00  0.000000E+00  0.000000E+00  0.000000E+00
  -629.700  0.000000E+00  0.000000E+00  0.000000E+00  0.000000E+00  0.000000E+00  0.000000E+00
  -629.600  0.000000E+00  0.000000E+00  0.000000E+00  0.000000E+00  0.000000E+00  0.000000E+00
  -629.500  0.000000E+00  0.000000E+00  0.000000E+00  0.000000E+00  0.000000E+00  0.000000E+00
  -629.400  0.000000E+00  0.000000E+00  0.000000E+00  0.000000E+00  0.000000E+00  0.000000E+00
  -629.300  0.000000E+00  0.000000E+00  0.000000E+00  0.000000E+00  0.000000E+00  0.000000E+00
  -629.200  0.000000E+00  0.000000E+00  0.000000E+00  0.000000E+00  0.000000E+00  0.000000E+00
  -629.100  0.000000E+00  0.000000E+00  0.000000E+00  0.000000E+00  0.000000E+00  0.000000E+00
  -629.000  0.000000E+00  0.000000E+00  0.000000E+00  0.000000E+00  0.000000E+00  0.000000E+00
  -628.900  0.000000E+00  0.000000E+00  0.000000E+00  0.000000E+00  0.000000E+00  0.000000E+00
  -628.800  0.000000E+00  0.000000E+00  0.000000E+00  0.000000E+00  0.000000E+00  0.000000E+00
  -628.700  0.000000E+00  0.000000E+00  0.000000E+00  0.000000E+00  0.000000E+00  0.000000E+00
  -628.600  0.000000E+00  0.000000E+00  0.000000E+00  0.000000E+00  0.000000E+00  0.000000E+00
  -628.500  0.000000E+00  0.000000E+00  0.000000E+00  0.000000E+00  0.000000E+00  0.000000E+00
  -628.400  0.000000E+00  0.000000E+00  0.000000E+00  0.000000E+00  0.000000E+00  0.000000E+00
  -628.300  0.000000E+00  0.000000E+00  0.000000E+00  0.000000E+00  0.000000E+00  0.000000E+00
  -628.200  0.000000E+00  0.000000E+00  0.000000E+00  0.000000E+00  0.000000E+00  0.000000E+00
  -628.100  0.000000E+00  0.000000E+00  0.000000E+00  0.000000E+00  0.000000E+00  0.000000E+00
  -628.000  0.000000E+00  0.000000E+00  0.000000E+00  0.000000E+00  0.000000E+00  0.000000E+00
  -627.900  0.000000E+00  0.000000E+00  0.000000E+00  0.000000E+00  0.000000E+00  0.000000E+00
  -627.800  0.000000E+00  0.000000E+00  0.000000E+00  0.000000E+00  0.000000E+00  0.000000E+00
  -627.700  0.000000E+00  0.000000E+00  0.000000E+00  0.000000E+00  0.000000E+00  0.000000E+00
  -627.600  0.000000E+00  0.000000E+00  0.000000E+00  0.000000E+00  0.000000E+00  0.000000E+00
  -627.500  0.000000E+00  0.000000E+00  0.000000E+00  0.000000E+00  0.000000E+00  0.000000E+00
  -627.400  0.000000E+00  0.000000E+00  0.000000E+00  0.000000E+00  0.000000E+00  0.000000E+00
  -627.300  0.000000E+00  0.000000E+00  0.000000E+00  0.000000E+00  0.000000E+00  0.000000E+00
  -627.200  0.000000E+00  0.000000E+00  0.000000E+00  0.000000E+00  0.000000E+00  0.000000E+00
  -627.100  0.000000E+00  0.000000E+00  0.000000E+00  0.000000E+00  0.000000E+00  0.000000E+00
  -627.000  0.000000E+00  0.000000E+00  0.000000E+00  0.000000E+00  0.000000E+00  0.000000E+00
  -626.900  0.000000E+00  0.000000E+00  0.000000E+00  0.000000E+00  0.000000E+00  0.000000E+00
  -626.800  0.000000E+00  0.000000E+00  0.000000E+00  0.000000E+00  0.000000E+00  0.000000E+00
  -626.700  0.000000E+00  0.000000E+00  0.000000E+00  0.000000E+00  0.000000E+00  0.000000E+00
  -626.600  0.000000E+00  0.000000E+00  0.000000E+00  0.000000E+00  0.000000E+00  0.000000E+00
  -626.500  0.000000E+00  0.000000E+00  0.000000E+00  0.000000E+00  0.000000E+00  0.000000E+00
  -626.400  0.000000E+00  0.000000E+00  0.000000E+00  0.000000E+00  0.000000E+00  0.000000E+00
  -626.300  0.000000E+00  0.000000E+00  0.000000E+00  0.000000E+00  0.000000E+00  0.000000E+00
  -626.200  0.000000E+00  0.000000E+00  0.000000E+00  0.000000E+00  0.000000E+00  0.000000E+00
  -626.100  0.000000E+00  0.000000E+00  0.000000E+00  0.000000E+00  0.000000E+00  0.000000E+00
  -626.000  0.000000E+00  0.000000E+00  0.000000E+00  0.000000E+00  0.000000E+00  0.000000E+00
  -625.900  0.000000E+00  0.000000E+00  0.000000E+00  0.000000E+00  0.000000E+00  0.000000E+00
  -625.800  0.000000E+00  0.000000E+00  0.000000E+00  0.000000E+00  0.000000E+00  0.000000E+00
  -625.700  0.000000E+00  0.000000E+00  0.000000E+00  0.000000E+00  0.000000E+00  0.000000E+00
  -625.600  0.000000E+00  0.000000E+00  0.000000E+00  0.000000E+00  0.000000E+00  0.000000E+00
  -625.500  0.000000E+00  0.000000E+00  0.000000E+00  0.000000E+00  0.000000E+00  0.000000E+00
  -625.400  0.000000E+00  0.000000E+00  0.000000E+00  0.000000E+00  0.000000E+00  0.000000E+00
  -625.300  0.000000E+00  0.000000E+00  0.000000E+00  0.000000E+00  0.000000E+00  0.000000E+00
  -625.200  0.000000E+00  0.000000E+00  0.000000E+00  0.000000E+00  0.000000E+00  0.000000E+00
  -625.100  0.000000E+00  0.000000E+00  0.000000E+00  0.000000E+00  0.000000E+00  0.000000E+00
  -625.000  0.000000E+00  0.000000E+00  0.000000E+00  0.000000E+00  0.000000E+00  0.000000E+00
  -624.900  0.000000E+00  0.000000E+00  0.000000E+00  0.000000E+00  0.000000E+00  0.000000E+00
  -624.800  0.000000E+00  0.000000E+00  0.000000E+00  0.000000E+00  0.000000E+00  0.000000E+00
  -624.700  0.000000E+00  0.000000E+00  0.000000E+00  0.000000E+00  0.000000E+00  0.000000E+00
  -624.600  0.000000E+00  0.000000E+00  0.000000E+00  0.000000E+00  0.000000E+00  0.000000E+00
  -624.500  0.000000E+00  0.000000E+00  0.000000E+00  0.000000E+00  0.000000E+00  0.000000E+00
  -624.400  0.000000E+00  0.000000E+00  0.000000E+00  0.000000E+00  0.000000E+00  0.000000E+00
  -624.300  0.000000E+00  0.000000E+00  0.000000E+00  0.000000E+00  0.000000E+00  0.000000E+00
  -624.200  0.000000E+00  0.000000E+00  0.000000E+00  0.000000E+00  0.000000E+00  0.000000E+00
  -624.100  0.000000E+00  0.000000E+00  0.000000E+00  0.000000E+00  0.000000E+00  0.000000E+00
  -624.000  0.000000E+00  0.000000E+00  0.000000E+00  0.000000E+00  0.000000E+00  0.000000E+00
  -623.900  0.000000E+00  0.000000E+00  0.000000E+00  0.000000E+00  0.000000E+00  0.000000E+00
  -623.800  0.000000E+00  0.000000E+00  0.000000E+00  0.000000E+00  0.000000E+00  0.000000E+00
  -623.700  0.000000E+00  0.000000E+00  0.000000E+00  0.000000E+00  0.000000E+00  0.000000E+00
  -623.600  0.000000E+00  0.000000E+00  0.000000E+00  0.000000E+00  0.000000E+00  0.000000E+00
  -623.500  0.000000E+00  0.000000E+00  0.000000E+00  0.000000E+00  0.000000E+00  0.000000E+00
  -623.400  0.000000E+00  0.000000E+00  0.000000E+00  0.000000E+00  0.000000E+00  0.000000E+00
  -623.300  0.000000E+00  0.000000E+00  0.000000E+00  0.000000E+00  0.000000E+00  0.000000E+00
  -623.200  0.000000E+00  0.000000E+00  0.000000E+00  0.000000E+00  0.000000E+00  0.000000E+00
  -623.100  0.000000E+00  0.000000E+00  0.000000E+00  0.000000E+00  0.000000E+00  0.000000E+00
  -623.000  0.000000E+00  0.000000E+00  0.000000E+00  0.000000E+00  0.000000E+00  0.000000E+00
  -622.900  0.000000E+00  0.000000E+00  0.000000E+00  0.000000E+00  0.000000E+00  0.000000E+00
  -622.800  0.000000E+00  0.000000E+00  0.000000E+00  0.000000E+00  0.000000E+00  0.000000E+00
  -622.700  0.000000E+00  0.000000E+00  0.000000E+00  0.000000E+00  0.000000E+00  0.000000E+00
  -622.600  0.000000E+00  0.000000E+00  0.000000E+00  0.000000E+00  0.000000E+00  0.000000E+00
  -622.500  0.000000E+00  0.000000E+00  0.000000E+00  0.000000E+00  0.000000E+00  0.000000E+00
  -622.400  0.000000E+00  0.000000E+00  0.000000E+00  0.000000E+00  0.000000E+00  0.000000E+00
  -622.300  0.000000E+00  0.000000E+00  0.000000E+00  0.000000E+00  0.000000E+00  0.000000E+00
  -622.200  0.000000E+00  0.000000E+00  0.000000E+00  0.000000E+00  0.000000E+00  0.000000E+00
  -622.100  0.000000E+00  0.000000E+00  0.000000E+00  0.000000E+00  0.000000E+00  0.000000E+00
  -622.000  0.000000E+00  0.000000E+00  0.000000E+00  0.000000E+00  0.000000E+00  0.000000E+00
  -621.900  0.000000E+00  0.000000E+00  0.000000E+00  0.000000E+00  0.000000E+00  0.000000E+00
  -621.800  0.000000E+00  0.000000E+00  0.000000E+00  0.000000E+00  0.000000E+00  0.000000E+00
  -621.700  0.000000E+00  0.000000E+00  0.000000E+00  0.000000E+00  0.000000E+00  0.000000E+00
  -621.600  0.000000E+00  0.000000E+00  0.000000E+00  0.000000E+00  0.000000E+00  0.000000E+00
  -621.500  0.000000E+00  0.000000E+00  0.000000E+00  0.000000E+00  0.000000E+00  0.000000E+00
  -621.400  0.000000E+00  0.000000E+00  0.000000E+00  0.000000E+00  0.000000E+00  0.000000E+00
  -621.300  0.000000E+00  0.000000E+00  0.000000E+00  0.000000E+00  0.000000E+00  0.000000E+00
  -621.200  0.000000E+00  0.000000E+00  0.000000E+00  0.000000E+00  0.000000E+00  0.000000E+00
  -621.100  0.000000E+00  0.000000E+00  0.000000E+00  0.000000E+00  0.000000E+00  0.000000E+00
  -621.000  0.000000E+00  0.000000E+00  0.000000E+00  0.000000E+00  0.000000E+00  0.000000E+00
  -620.900  0.000000E+00  0.000000E+00  0.000000E+00  0.000000E+00  0.000000E+00  0.000000E+00
  -620.800  0.000000E+00  0.000000E+00  0.000000E+00  0.000000E+00  0.000000E+00  0.000000E+00
  -620.700  0.000000E+00  0.000000E+00  0.000000E+00  0.000000E+00  0.000000E+00  0.000000E+00
  -620.600  0.000000E+00  0.000000E+00  0.000000E+00  0.000000E+00  0.000000E+00  0.000000E+00
  -620.500  0.000000E+00  0.000000E+00  0.000000E+00  0.000000E+00  0.000000E+00  0.000000E+00
  -620.400  0.000000E+00  0.000000E+00  0.000000E+00  0.000000E+00  0.000000E+00  0.000000E+00
  -620.300  0.000000E+00  0.000000E+00  0.000000E+00  0.000000E+00  0.000000E+00  0.000000E+00
  -620.200  0.000000E+00  0.000000E+00  0.000000E+00  0.000000E+00  0.000000E+00  0.000000E+00
  -620.100  0.000000E+00  0.000000E+00  0.000000E+00  0.000000E+00  0.000000E+00  0.000000E+00
  -620.000  0.000000E+00  0.000000E+00  0.000000E+00  0.000000E+00  0.000000E+00  0.000000E+00
