 x      300.00000000000000        873.00000000000000        1273.0000000000000        1673.0000000000000     
  -680.000  0.000000E+00  0.000000E+00  0.000000E+00  0.000000E+00  0.000000E+00
  -679.900  0.000000E+00  0.000000E+00  0.000000E+00  0.000000E+00  0.000000E+00
  -679.800  0.000000E+00  0.000000E+00  0.000000E+00  0.000000E+00  0.000000E+00
  -679.700  0.000000E+00  0.000000E+00  0.000000E+00  0.000000E+00  0.000000E+00
  -679.600  0.000000E+00  0.000000E+00  0.000000E+00  0.000000E+00  0.000000E+00
  -679.500  0.000000E+00  0.000000E+00  0.000000E+00  0.000000E+00  0.000000E+00
  -679.400  0.000000E+00  0.000000E+00  0.000000E+00  0.000000E+00  0.000000E+00
  -679.300  0.000000E+00  0.000000E+00  0.000000E+00  0.000000E+00  0.000000E+00
  -679.200  0.000000E+00  0.000000E+00  0.000000E+00  0.000000E+00  0.000000E+00
  -679.100  0.000000E+00  0.000000E+00  0.000000E+00  0.000000E+00  0.000000E+00
  -679.000  0.000000E+00  0.000000E+00  0.000000E+00  0.000000E+00  0.000000E+00
  -678.900  0.000000E+00  0.000000E+00  0.000000E+00  0.000000E+00  0.000000E+00
  -678.800  0.000000E+00  0.000000E+00  0.000000E+00  0.000000E+00  0.000000E+00
  -678.700  0.000000E+00  0.000000E+00  0.000000E+00  0.000000E+00  0.000000E+00
  -678.600  0.000000E+00  0.000000E+00  0.000000E+00  0.000000E+00  0.000000E+00
  -678.500  0.000000E+00  0.000000E+00  0.000000E+00  0.000000E+00  0.000000E+00
  -678.400  0.000000E+00  0.000000E+00  0.000000E+00  0.000000E+00  0.000000E+00
  -678.300  0.000000E+00  0.000000E+00  0.000000E+00  0.000000E+00  0.000000E+00
  -678.200  0.000000E+00  0.000000E+00  0.000000E+00  0.000000E+00  0.000000E+00
  -678.100  0.000000E+00  0.000000E+00  0.000000E+00  0.000000E+00  0.000000E+00
  -678.000  0.000000E+00  0.000000E+00  0.000000E+00  0.000000E+00  0.000000E+00
  -677.900  0.000000E+00  0.000000E+00  0.000000E+00  0.000000E+00  0.000000E+00
  -677.800  0.000000E+00  0.000000E+00  0.000000E+00  0.000000E+00  0.000000E+00
  -677.700  0.000000E+00  0.000000E+00  0.000000E+00  0.000000E+00  0.000000E+00
  -677.600  0.000000E+00  0.000000E+00  0.000000E+00  0.000000E+00  0.000000E+00
  -677.500  0.000000E+00  0.000000E+00  0.000000E+00  0.000000E+00  0.000000E+00
  -677.400  0.000000E+00  0.000000E+00  0.000000E+00  0.000000E+00  0.000000E+00
  -677.300  0.000000E+00  0.000000E+00  0.000000E+00  0.000000E+00  0.000000E+00
  -677.200  0.000000E+00  0.000000E+00  0.000000E+00  0.000000E+00  0.000000E+00
  -677.100  0.000000E+00  0.000000E+00  0.000000E+00  0.000000E+00  0.000000E+00
  -677.000  0.000000E+00  0.000000E+00  0.000000E+00  0.000000E+00  0.000000E+00
  -676.900  0.000000E+00  0.000000E+00  0.000000E+00  0.000000E+00  0.000000E+00
  -676.800  0.000000E+00  0.000000E+00  0.000000E+00  0.000000E+00  0.000000E+00
  -676.700  0.000000E+00  0.000000E+00  0.000000E+00  0.000000E+00  0.000000E+00
  -676.600  0.000000E+00  0.000000E+00  0.000000E+00  0.000000E+00  0.000000E+00
  -676.500  0.000000E+00  0.000000E+00  0.000000E+00  0.000000E+00  0.000000E+00
  -676.400  0.000000E+00  0.000000E+00  0.000000E+00  0.000000E+00  0.000000E+00
  -676.300  0.000000E+00  0.000000E+00  0.000000E+00  0.000000E+00  0.000000E+00
  -676.200  0.000000E+00  0.000000E+00  0.000000E+00  0.000000E+00  0.000000E+00
  -676.100  0.000000E+00  0.000000E+00  0.000000E+00  0.000000E+00  0.000000E+00
  -676.000  0.000000E+00  0.000000E+00  0.000000E+00  0.000000E+00  0.000000E+00
  -675.900  0.000000E+00  0.000000E+00  0.000000E+00  0.000000E+00  0.000000E+00
  -675.800  0.000000E+00  0.000000E+00  0.000000E+00  0.000000E+00  0.000000E+00
  -675.700  0.000000E+00  0.000000E+00  0.000000E+00  0.000000E+00  0.000000E+00
  -675.600  0.000000E+00  0.000000E+00  0.000000E+00  0.000000E+00  0.000000E+00
  -675.500  0.000000E+00  0.000000E+00  0.000000E+00  0.000000E+00  0.000000E+00
  -675.400  0.000000E+00  0.000000E+00  0.000000E+00  0.000000E+00  0.000000E+00
  -675.300  0.000000E+00  0.000000E+00  0.000000E+00  0.000000E+00  0.000000E+00
  -675.200  0.000000E+00  0.000000E+00  0.000000E+00  0.000000E+00  0.000000E+00
  -675.100  0.000000E+00  0.000000E+00  0.000000E+00  0.000000E+00  0.000000E+00
  -675.000  0.000000E+00  0.000000E+00  0.000000E+00  0.000000E+00  0.000000E+00
  -674.900  0.000000E+00  0.000000E+00  0.000000E+00  0.000000E+00  0.000000E+00
  -674.800  0.000000E+00  0.000000E+00  0.000000E+00  0.000000E+00  0.000000E+00
  -674.700  0.000000E+00  0.000000E+00  0.000000E+00  0.000000E+00  0.000000E+00
  -674.600  0.000000E+00  0.000000E+00  0.000000E+00  0.000000E+00  0.000000E+00
  -674.500  0.000000E+00  0.000000E+00  0.000000E+00  0.000000E+00  0.000000E+00
  -674.400  0.000000E+00  0.000000E+00  0.000000E+00  0.000000E+00  0.000000E+00
  -674.300  0.000000E+00  0.000000E+00  0.000000E+00  0.000000E+00  0.000000E+00
  -674.200  0.000000E+00  0.000000E+00  0.000000E+00  0.000000E+00  0.000000E+00
  -674.100  0.000000E+00  0.000000E+00  0.000000E+00  0.000000E+00  0.000000E+00
  -674.000  0.000000E+00  0.000000E+00  0.000000E+00  0.000000E+00  0.000000E+00
  -673.900  0.000000E+00  0.000000E+00  0.000000E+00  0.000000E+00  0.000000E+00
  -673.800  0.000000E+00  0.000000E+00  0.000000E+00  0.000000E+00  0.000000E+00
  -673.700  0.000000E+00  0.000000E+00  0.000000E+00  0.000000E+00  0.000000E+00
  -673.600  0.000000E+00  0.000000E+00  0.000000E+00  0.000000E+00  0.000000E+00
  -673.500  0.000000E+00  0.000000E+00  0.000000E+00  0.000000E+00  0.000000E+00
  -673.400  0.000000E+00  0.000000E+00  0.000000E+00  0.000000E+00  0.000000E+00
  -673.300  0.000000E+00  0.000000E+00  0.000000E+00  0.000000E+00  0.000000E+00
  -673.200  0.000000E+00  0.000000E+00  0.000000E+00  0.000000E+00  0.000000E+00
  -673.100  0.000000E+00  0.000000E+00  0.000000E+00  0.000000E+00  0.000000E+00
  -673.000  0.000000E+00  0.000000E+00  0.000000E+00  0.000000E+00  0.000000E+00
  -672.900  0.000000E+00  0.000000E+00  0.000000E+00  0.000000E+00  0.000000E+00
  -672.800  0.000000E+00  0.000000E+00  0.000000E+00  0.000000E+00  0.000000E+00
  -672.700  0.000000E+00  0.000000E+00  0.000000E+00  0.000000E+00  0.000000E+00
  -672.600  0.000000E+00  0.000000E+00  0.000000E+00  0.000000E+00  0.000000E+00
  -672.500  0.000000E+00  0.000000E+00  0.000000E+00  0.000000E+00  0.000000E+00
  -672.400  0.000000E+00  0.000000E+00  0.000000E+00  0.000000E+00  0.000000E+00
  -672.300  0.000000E+00  0.000000E+00  0.000000E+00  0.000000E+00  0.000000E+00
  -672.200  0.000000E+00  0.000000E+00  0.000000E+00  0.000000E+00  0.000000E+00
  -672.100  0.000000E+00  0.000000E+00  0.000000E+00  0.000000E+00  0.000000E+00
  -672.000  0.000000E+00  0.000000E+00  0.000000E+00  0.000000E+00  0.000000E+00
  -671.900  0.000000E+00  0.000000E+00  0.000000E+00  0.000000E+00  0.000000E+00
  -671.800  0.000000E+00  0.000000E+00  0.000000E+00  0.000000E+00  0.000000E+00
  -671.700  0.000000E+00  0.000000E+00  0.000000E+00  0.000000E+00  0.000000E+00
  -671.600  0.000000E+00  0.000000E+00  0.000000E+00  0.000000E+00  0.000000E+00
  -671.500  0.000000E+00  0.000000E+00  0.000000E+00  0.000000E+00  0.000000E+00
  -671.400  0.000000E+00  0.000000E+00  0.000000E+00  0.000000E+00  0.000000E+00
  -671.300  0.000000E+00  0.000000E+00  0.000000E+00  0.000000E+00  0.000000E+00
  -671.200  0.000000E+00  0.000000E+00  0.000000E+00  0.000000E+00  0.000000E+00
  -671.100  0.000000E+00  0.000000E+00  0.000000E+00  0.000000E+00  0.000000E+00
  -671.000  0.000000E+00  0.000000E+00  0.000000E+00  0.000000E+00  0.000000E+00
  -670.900  0.000000E+00  0.000000E+00  0.000000E+00  0.000000E+00  0.000000E+00
  -670.800  0.000000E+00  0.000000E+00  0.000000E+00  0.000000E+00  0.000000E+00
  -670.700  0.000000E+00  0.000000E+00  0.000000E+00  0.000000E+00  0.000000E+00
  -670.600  0.000000E+00  0.000000E+00  0.000000E+00  0.000000E+00  0.000000E+00
  -670.500  0.000000E+00  0.000000E+00  0.000000E+00  0.000000E+00  0.000000E+00
  -670.400  0.000000E+00  0.000000E+00  0.000000E+00  0.000000E+00  0.000000E+00
  -670.300  0.000000E+00  0.000000E+00  0.000000E+00  0.000000E+00  0.000000E+00
  -670.200  0.000000E+00  0.000000E+00  0.000000E+00  0.000000E+00  0.000000E+00
  -670.100  0.000000E+00  0.000000E+00  0.000000E+00  0.000000E+00  0.000000E+00
  -670.000  0.000000E+00  0.000000E+00  0.000000E+00  0.000000E+00  0.000000E+00
  -669.900  0.000000E+00  0.000000E+00  0.000000E+00  0.000000E+00  0.000000E+00
  -669.800  0.000000E+00  0.000000E+00  0.000000E+00  0.000000E+00  0.000000E+00
  -669.700  0.000000E+00  0.000000E+00  0.000000E+00  0.000000E+00  0.000000E+00
  -669.600  0.000000E+00  0.000000E+00  0.000000E+00  0.000000E+00  0.000000E+00
  -669.500  0.000000E+00  0.000000E+00  0.000000E+00  0.000000E+00  0.000000E+00
  -669.400  0.000000E+00  0.000000E+00  0.000000E+00  0.000000E+00  0.000000E+00
  -669.300  0.000000E+00  0.000000E+00  0.000000E+00  0.000000E+00  0.000000E+00
  -669.200  0.000000E+00  0.000000E+00  0.000000E+00  0.000000E+00  0.000000E+00
  -669.100  0.000000E+00  0.000000E+00  0.000000E+00  0.000000E+00  0.000000E+00
  -669.000  0.000000E+00  0.000000E+00  0.000000E+00  0.000000E+00  0.000000E+00
  -668.900  0.000000E+00  0.000000E+00  0.000000E+00  0.000000E+00  0.000000E+00
  -668.800  0.000000E+00  0.000000E+00  0.000000E+00  0.000000E+00  0.000000E+00
  -668.700  0.000000E+00  0.000000E+00  0.000000E+00  0.000000E+00  0.000000E+00
  -668.600  0.000000E+00  0.000000E+00  0.000000E+00  0.000000E+00  0.000000E+00
  -668.500  0.000000E+00  0.000000E+00  0.000000E+00  0.000000E+00  0.000000E+00
  -668.400  0.000000E+00  0.000000E+00  0.000000E+00  0.000000E+00  0.000000E+00
  -668.300  0.000000E+00  0.000000E+00  0.000000E+00  0.000000E+00  0.000000E+00
  -668.200  0.000000E+00  0.000000E+00  0.000000E+00  0.000000E+00  0.000000E+00
  -668.100  0.000000E+00  0.000000E+00  0.000000E+00  0.000000E+00  0.000000E+00
  -668.000  0.000000E+00  0.000000E+00  0.000000E+00  0.000000E+00  0.000000E+00
  -667.900  0.000000E+00  0.000000E+00  0.000000E+00  0.000000E+00  0.000000E+00
  -667.800  0.000000E+00  0.000000E+00  0.000000E+00  0.000000E+00  0.000000E+00
  -667.700  0.000000E+00  0.000000E+00  0.000000E+00  0.000000E+00  0.000000E+00
  -667.600  0.000000E+00  0.000000E+00  0.000000E+00  0.000000E+00  0.000000E+00
  -667.500  0.000000E+00  0.000000E+00  0.000000E+00  0.000000E+00  0.000000E+00
  -667.400  0.000000E+00  0.000000E+00  0.000000E+00  0.000000E+00  0.000000E+00
  -667.300  0.000000E+00  0.000000E+00  0.000000E+00  0.000000E+00  0.000000E+00
  -667.200  0.000000E+00  0.000000E+00  0.000000E+00  0.000000E+00  0.000000E+00
  -667.100  0.000000E+00  0.000000E+00  0.000000E+00  0.000000E+00  0.000000E+00
  -667.000  0.000000E+00  0.000000E+00  0.000000E+00  0.000000E+00  0.000000E+00
  -666.900  0.000000E+00  0.000000E+00  0.000000E+00  0.000000E+00  0.000000E+00
  -666.800  0.000000E+00  0.000000E+00  0.000000E+00  0.000000E+00  0.000000E+00
  -666.700  0.000000E+00  0.000000E+00  0.000000E+00  0.000000E+00  0.000000E+00
  -666.600  0.000000E+00  0.000000E+00  0.000000E+00  0.000000E+00  0.000000E+00
  -666.500  0.000000E+00  0.000000E+00  0.000000E+00  0.000000E+00  0.000000E+00
  -666.400  0.000000E+00  0.000000E+00  0.000000E+00  0.000000E+00  0.000000E+00
  -666.300  0.925709E-05  0.000000E+00  0.000000E+00  0.000000E+00  0.000000E+00
  -666.200  0.139791E-04  0.776556E-05  0.000000E+00  0.000000E+00  0.000000E+00
  -666.100  0.196958E-04  0.111727E-04  0.990195E-05  0.928228E-05  0.751953E-05
  -666.000  0.287769E-04  0.162243E-04  0.143436E-04  0.134261E-04  0.108154E-04
  -665.900  0.420908E-04  0.239021E-04  0.211958E-04  0.198778E-04  0.161377E-04
  -665.800  0.585163E-04  0.333687E-04  0.296067E-04  0.277724E-04  0.225586E-04
  -665.700  0.818929E-04  0.469861E-04  0.417569E-04  0.392070E-04  0.319580E-04
  -665.600  0.112366E-03  0.645305E-04  0.573599E-04  0.538631E-04  0.439209E-04
  -665.500  0.153915E-03  0.888823E-04  0.791104E-04  0.743443E-04  0.607910E-04
  -665.400  0.207317E-03  0.120424E-03  0.107333E-03  0.100945E-03  0.827728E-04
  -665.300  0.275282E-03  0.160950E-03  0.143715E-03  0.135306E-03  0.111386E-03
  -665.200  0.362086E-03  0.213160E-03  0.190687E-03  0.179725E-03  0.148553E-03
  -665.100  0.470108E-03  0.278224E-03  0.249244E-03  0.235110E-03  0.194925E-03
  -665.000  0.604910E-03  0.361227E-03  0.324402E-03  0.306449E-03  0.255441E-03
  -664.900  0.769178E-03  0.462290E-03  0.415950E-03  0.393372E-03  0.329282E-03
  -664.800  0.968613E-03  0.587229E-03  0.529651E-03  0.501611E-03  0.422076E-03
  -664.700  0.120687E-02  0.738620E-03  0.667915E-03  0.633498E-03  0.535944E-03
  -664.600  0.149065E-02  0.922555E-03  0.836855E-03  0.795174E-03  0.677167E-03
  -664.500  0.182153E-02  0.113972E-02  0.103697E-02  0.987033E-03  0.845822E-03
  -664.400  0.220592E-02  0.139775E-02  0.127618E-02  0.121716E-02  0.105057E-02
  -664.300  0.264877E-02  0.170259E-02  0.156055E-02  0.149169E-02  0.129767E-02
  -664.200  0.315201E-02  0.205797E-02  0.189414E-02  0.181484E-02  0.159190E-02
  -664.100  0.371937E-02  0.247076E-02  0.228448E-02  0.219449E-02  0.194227E-02
  -664.000  0.435350E-02  0.294803E-02  0.273912E-02  0.263840E-02  0.235702E-02
  -663.900  0.505626E-02  0.349656E-02  0.326583E-02  0.315489E-02  0.284622E-02
  -663.800  0.582697E-02  0.412278E-02  0.387221E-02  0.375214E-02  0.341984E-02
  -663.700  0.666513E-02  0.483538E-02  0.456834E-02  0.444090E-02  0.409053E-02
  -663.600  0.756850E-02  0.564190E-02  0.536330E-02  0.523106E-02  0.487067E-02
  -663.500  0.853471E-02  0.655092E-02  0.626748E-02  0.613391E-02  0.577426E-02
  -663.400  0.955608E-02  0.756874E-02  0.728942E-02  0.715911E-02  0.681430E-02
  -663.300  0.106315E-01  0.870678E-02  0.844249E-02  0.832103E-02  0.800825E-02
  -663.200  0.117507E-01  0.997181E-02  0.973628E-02  0.963069E-02  0.937145E-02
  -663.100  0.129060E-01  0.113686E-01  0.111776E-01  0.110960E-01  0.109153E-01
  -663.000  0.140913E-01  0.129092E-01  0.127818E-01  0.127338E-01  0.126614E-01
  -662.900  0.152963E-01  0.145946E-01  0.145516E-01  0.145480E-01  0.146169E-01
  -662.800  0.165194E-01  0.164385E-01  0.165035E-01  0.165565E-01  0.168050E-01
  -662.700  0.177514E-01  0.184429E-01  0.186419E-01  0.187650E-01  0.192349E-01
  -662.600  0.189974E-01  0.206212E-01  0.209818E-01  0.211892E-01  0.219260E-01
  -662.500  0.202508E-01  0.229792E-01  0.235321E-01  0.238400E-01  0.248949E-01
  -662.400  0.215251E-01  0.255335E-01  0.263105E-01  0.267355E-01  0.281628E-01
  -662.300  0.228300E-01  0.282993E-01  0.293339E-01  0.298939E-01  0.317517E-01
  -662.200  0.241839E-01  0.312991E-01  0.326269E-01  0.333412E-01  0.356928E-01
  -662.100  0.256128E-01  0.345598E-01  0.362176E-01  0.371059E-01  0.400182E-01
  -662.000  0.271533E-01  0.381193E-01  0.401451E-01  0.412284E-01  0.447722E-01
  -661.900  0.288474E-01  0.420257E-01  0.444600E-01  0.457605E-01  0.500127E-01
  -661.800  0.307473E-01  0.463343E-01  0.492194E-01  0.507607E-01  0.558037E-01
  -661.700  0.329184E-01  0.511205E-01  0.545011E-01  0.563083E-01  0.622302E-01
  -661.600  0.354329E-01  0.564673E-01  0.603916E-01  0.624917E-01  0.693885E-01
  -661.500  0.383690E-01  0.624712E-01  0.669907E-01  0.694129E-01  0.773881E-01
  -661.400  0.418227E-01  0.692512E-01  0.744218E-01  0.771976E-01  0.863633E-01
  -661.300  0.458931E-01  0.769349E-01  0.828175E-01  0.859812E-01  0.964592E-01
  -661.200  0.506857E-01  0.856583E-01  0.923194E-01  0.959084E-01  0.107831E+00
  -661.100  0.563102E-01  0.955728E-01  0.103085E+00  0.107140E+00  0.120648E+00
  -661.000  0.628759E-01  0.106828E+00  0.115270E+00  0.119834E+00  0.135081E+00
  -660.900  0.704902E-01  0.119584E+00  0.129043E+00  0.134164E+00  0.151310E+00
  -660.800  0.792588E-01  0.133989E+00  0.144557E+00  0.150285E+00  0.169501E+00
  -660.700  0.892744E-01  0.150183E+00  0.161958E+00  0.168347E+00  0.189812E+00
  -660.600  0.100612E+00  0.168290E+00  0.181379E+00  0.188484E+00  0.212382E+00
  -660.500  0.113338E+00  0.188414E+00  0.202926E+00  0.210806E+00  0.237323E+00
  -660.400  0.127485E+00  0.210624E+00  0.226674E+00  0.235387E+00  0.264710E+00
  -660.300  0.143082E+00  0.234973E+00  0.252675E+00  0.262282E+00  0.294593E+00
  -660.200  0.160125E+00  0.261463E+00  0.280932E+00  0.291490E+00  0.326965E+00
  -660.100  0.178585E+00  0.290072E+00  0.311419E+00  0.322986E+00  0.361788E+00
  -660.000  0.198415E+00  0.320733E+00  0.344067E+00  0.356694E+00  0.398972E+00
  -659.900  0.219551E+00  0.353348E+00  0.378766E+00  0.392501E+00  0.438379E+00
  -659.800  0.241904E+00  0.387783E+00  0.415374E+00  0.430259E+00  0.479838E+00
  -659.700  0.265386E+00  0.423882E+00  0.453719E+00  0.469785E+00  0.523136E+00
  -659.600  0.289891E+00  0.461454E+00  0.493593E+00  0.510864E+00  0.568023E+00
  -659.500  0.315304E+00  0.500289E+00  0.534766E+00  0.553254E+00  0.614220E+00
  -659.400  0.341508E+00  0.540153E+00  0.576982E+00  0.596686E+00  0.661417E+00
  -659.300  0.368395E+00  0.580810E+00  0.619978E+00  0.640886E+00  0.709297E+00
  -659.200  0.395827E+00  0.621993E+00  0.663464E+00  0.685548E+00  0.757514E+00
  -659.100  0.423690E+00  0.663433E+00  0.707144E+00  0.730364E+00  0.805714E+00
  -659.000  0.451840E+00  0.704844E+00  0.750702E+00  0.775003E+00  0.853527E+00
  -658.900  0.480133E+00  0.745926E+00  0.793813E+00  0.819127E+00  0.900576E+00
  -658.800  0.508402E+00  0.786361E+00  0.836134E+00  0.862380E+00  0.946471E+00
  -658.700  0.536470E+00  0.825827E+00  0.877318E+00  0.904404E+00  0.990824E+00
  -658.600  0.564133E+00  0.863980E+00  0.917000E+00  0.944824E+00  0.103323E+01
  -658.500  0.591159E+00  0.900464E+00  0.954807E+00  0.983259E+00  0.107330E+01
  -658.400  0.617293E+00  0.934919E+00  0.990364E+00  0.101933E+01  0.111064E+01
  -658.300  0.642275E+00  0.966979E+00  0.102329E+01  0.105265E+01  0.114485E+01
  -658.200  0.665808E+00  0.996281E+00  0.105323E+01  0.108285E+01  0.117556E+01
  -658.100  0.687597E+00  0.102248E+01  0.107982E+01  0.110959E+01  0.120244E+01
  -658.000  0.707346E+00  0.104525E+01  0.110273E+01  0.113253E+01  0.122516E+01
  -657.900  0.724763E+00  0.106429E+01  0.112169E+01  0.115139E+01  0.124345E+01
  -657.800  0.739589E+00  0.107937E+01  0.113646E+01  0.116594E+01  0.125710E+01
  -657.700  0.751582E+00  0.109029E+01  0.114685E+01  0.117601E+01  0.126595E+01
  -657.600  0.760542E+00  0.109692E+01  0.115274E+01  0.118148E+01  0.126991E+01
  -657.500  0.766340E+00  0.109920E+01  0.115410E+01  0.118232E+01  0.126896E+01
  -657.400  0.768876E+00  0.109715E+01  0.115095E+01  0.117857E+01  0.126318E+01
  -657.300  0.768132E+00  0.109086E+01  0.114341E+01  0.117036E+01  0.125271E+01
  -657.200  0.764136E+00  0.108048E+01  0.113166E+01  0.115786E+01  0.123777E+01
  -657.100  0.756998E+00  0.106626E+01  0.111594E+01  0.114134E+01  0.121863E+01
  -657.000  0.746870E+00  0.104847E+01  0.109657E+01  0.112113E+01  0.119566E+01
  -656.900  0.733976E+00  0.102747E+01  0.107392E+01  0.109759E+01  0.116926E+01
  -656.800  0.718578E+00  0.100363E+01  0.104838E+01  0.107114E+01  0.113987E+01
  -656.700  0.700970E+00  0.977353E+00  0.102038E+01  0.104221E+01  0.110793E+01
  -656.600  0.681502E+00  0.949078E+00  0.990354E+00  0.101125E+01  0.107394E+01
  -656.500  0.660527E+00  0.919229E+00  0.958753E+00  0.978714E+00  0.103837E+01
  -656.400  0.638415E+00  0.888224E+00  0.926006E+00  0.945035E+00  0.100167E+01
  -656.300  0.615553E+00  0.856474E+00  0.892530E+00  0.910637E+00  0.964286E+00
  -656.200  0.592293E+00  0.824357E+00  0.858711E+00  0.875909E+00  0.926619E+00
  -656.100  0.569014E+00  0.792227E+00  0.824903E+00  0.841208E+00  0.889033E+00
  -656.000  0.546028E+00  0.760395E+00  0.791420E+00  0.806848E+00  0.851849E+00
  -655.900  0.523657E+00  0.729142E+00  0.758542E+00  0.773107E+00  0.815348E+00
  -655.800  0.502156E+00  0.698700E+00  0.726495E+00  0.740213E+00  0.779752E+00
  -655.700  0.481763E+00  0.669273E+00  0.695481E+00  0.708366E+00  0.745259E+00
  -655.600  0.462660E+00  0.641013E+00  0.665648E+00  0.677710E+00  0.712008E+00
  -655.500  0.444990E+00  0.614040E+00  0.637111E+00  0.648359E+00  0.680106E+00
  -655.400  0.428823E+00  0.588430E+00  0.609945E+00  0.620388E+00  0.649626E+00
  -655.300  0.414208E+00  0.564231E+00  0.584197E+00  0.593840E+00  0.620605E+00
  -655.200  0.401132E+00  0.541457E+00  0.559881E+00  0.568732E+00  0.593060E+00
  -655.100  0.389543E+00  0.520094E+00  0.536986E+00  0.545053E+00  0.566980E+00
  -655.000  0.379348E+00  0.500107E+00  0.515483E+00  0.522777E+00  0.542343E+00
  -654.900  0.370413E+00  0.481429E+00  0.495311E+00  0.501845E+00  0.519097E+00
  -654.800  0.362595E+00  0.463993E+00  0.476412E+00  0.482202E+00  0.497196E+00
  -654.700  0.355710E+00  0.447710E+00  0.458708E+00  0.463776E+00  0.476579E+00
  -654.600  0.349588E+00  0.432489E+00  0.442115E+00  0.446487E+00  0.457177E+00
  -654.500  0.344042E+00  0.418236E+00  0.426553E+00  0.430260E+00  0.438929E+00
  -654.400  0.338892E+00  0.404861E+00  0.411941E+00  0.415019E+00  0.421770E+00
  -654.300  0.333991E+00  0.392278E+00  0.398202E+00  0.400690E+00  0.405639E+00
  -654.200  0.329188E+00  0.380414E+00  0.385270E+00  0.387213E+00  0.390484E+00
  -654.100  0.324382E+00  0.369207E+00  0.373090E+00  0.374533E+00  0.376259E+00
  -654.000  0.319500E+00  0.358613E+00  0.361620E+00  0.362611E+00  0.362928E+00
  -653.900  0.314481E+00  0.348594E+00  0.350823E+00  0.351411E+00  0.350457E+00
  -653.800  0.309331E+00  0.339136E+00  0.340684E+00  0.340916E+00  0.338827E+00
  -653.700  0.304058E+00  0.330230E+00  0.331189E+00  0.331111E+00  0.328018E+00
  -653.600  0.298717E+00  0.321886E+00  0.322342E+00  0.321994E+00  0.318020E+00
  -653.500  0.293379E+00  0.314116E+00  0.314147E+00  0.313570E+00  0.308827E+00
  -653.400  0.288150E+00  0.306953E+00  0.306625E+00  0.305852E+00  0.300439E+00
  -653.300  0.283126E+00  0.300412E+00  0.299781E+00  0.298839E+00  0.292841E+00
  -653.200  0.278430E+00  0.294525E+00  0.293635E+00  0.292547E+00  0.286034E+00
  -653.100  0.274187E+00  0.289320E+00  0.288201E+00  0.286982E+00  0.280006E+00
  -653.000  0.270511E+00  0.284820E+00  0.283489E+00  0.282151E+00  0.274747E+00
  -652.900  0.267516E+00  0.281050E+00  0.279513E+00  0.278058E+00  0.270247E+00
  -652.800  0.265307E+00  0.278028E+00  0.276278E+00  0.274704E+00  0.266488E+00
  -652.700  0.263981E+00  0.275771E+00  0.273789E+00  0.272090E+00  0.263456E+00
  -652.600  0.263621E+00  0.274295E+00  0.272053E+00  0.270215E+00  0.261135E+00
  -652.500  0.264293E+00  0.273609E+00  0.271069E+00  0.269074E+00  0.259505E+00
  -652.400  0.266051E+00  0.273720E+00  0.270834E+00  0.268661E+00  0.258546E+00
  -652.300  0.268929E+00  0.274628E+00  0.271343E+00  0.268967E+00  0.258237E+00
  -652.200  0.272952E+00  0.276334E+00  0.272590E+00  0.269979E+00  0.258553E+00
  -652.100  0.278124E+00  0.278833E+00  0.274565E+00  0.271689E+00  0.259475E+00
  -652.000  0.284419E+00  0.282095E+00  0.277235E+00  0.274060E+00  0.260960E+00
  -651.900  0.291825E+00  0.286109E+00  0.280588E+00  0.277077E+00  0.262984E+00
  -651.800  0.300281E+00  0.290838E+00  0.284586E+00  0.280704E+00  0.265510E+00
  -651.700  0.309736E+00  0.296241E+00  0.289189E+00  0.284899E+00  0.268492E+00
  -651.600  0.320106E+00  0.302261E+00  0.294343E+00  0.289611E+00  0.271883E+00
  -651.500  0.331315E+00  0.308841E+00  0.299995E+00  0.294787E+00  0.275631E+00
  -651.400  0.343263E+00  0.315908E+00  0.306077E+00  0.300364E+00  0.279684E+00
  -651.300  0.355865E+00  0.323395E+00  0.312528E+00  0.306281E+00  0.283986E+00
  -651.200  0.369030E+00  0.331227E+00  0.319280E+00  0.312476E+00  0.288489E+00
  -651.100  0.382675E+00  0.339325E+00  0.326260E+00  0.318878E+00  0.293134E+00
  -651.000  0.396720E+00  0.347618E+00  0.333405E+00  0.325429E+00  0.297876E+00
  -650.900  0.411097E+00  0.356030E+00  0.340645E+00  0.332063E+00  0.302662E+00
  -650.800  0.425758E+00  0.364503E+00  0.347927E+00  0.338731E+00  0.307458E+00
  -650.700  0.440659E+00  0.372972E+00  0.355193E+00  0.345377E+00  0.312220E+00
  -650.600  0.455766E+00  0.381386E+00  0.362394E+00  0.351956E+00  0.316914E+00
  -650.500  0.471042E+00  0.389687E+00  0.369478E+00  0.358418E+00  0.321503E+00
  -650.400  0.486451E+00  0.397831E+00  0.376404E+00  0.364724E+00  0.325958E+00
  -650.300  0.501967E+00  0.405774E+00  0.383130E+00  0.370836E+00  0.330246E+00
  -650.200  0.517520E+00  0.413458E+00  0.389602E+00  0.376701E+00  0.334327E+00
  -650.100  0.533040E+00  0.420836E+00  0.395778E+00  0.382280E+00  0.338167E+00
  -650.000  0.548442E+00  0.427846E+00  0.401599E+00  0.387514E+00  0.341717E+00
  -649.900  0.563595E+00  0.434427E+00  0.407011E+00  0.392355E+00  0.344938E+00
  -649.800  0.578358E+00  0.440505E+00  0.411947E+00  0.396738E+00  0.347773E+00
  -649.700  0.592557E+00  0.446001E+00  0.416337E+00  0.400597E+00  0.350167E+00
  -649.600  0.605996E+00  0.450829E+00  0.420104E+00  0.403859E+00  0.352060E+00
  -649.500  0.618469E+00  0.454904E+00  0.423173E+00  0.406454E+00  0.353392E+00
  -649.400  0.629756E+00  0.458127E+00  0.425457E+00  0.408301E+00  0.354096E+00
  -649.300  0.639630E+00  0.460407E+00  0.426878E+00  0.409326E+00  0.354112E+00
  -649.200  0.647897E+00  0.461661E+00  0.427362E+00  0.409461E+00  0.353379E+00
  -649.100  0.654348E+00  0.461800E+00  0.426831E+00  0.408631E+00  0.351840E+00
  -649.000  0.658815E+00  0.460760E+00  0.425231E+00  0.406789E+00  0.349454E+00
  -648.900  0.661158E+00  0.458482E+00  0.422511E+00  0.403885E+00  0.346182E+00
  -648.800  0.661285E+00  0.454933E+00  0.418645E+00  0.399896E+00  0.342003E+00
  -648.700  0.659145E+00  0.450106E+00  0.413626E+00  0.394818E+00  0.336919E+00
  -648.600  0.654706E+00  0.443996E+00  0.407456E+00  0.388652E+00  0.330932E+00
  -648.500  0.648011E+00  0.436646E+00  0.400175E+00  0.381439E+00  0.324079E+00
  -648.400  0.639130E+00  0.428110E+00  0.391836E+00  0.373230E+00  0.316407E+00
  -648.300  0.628182E+00  0.418472E+00  0.382520E+00  0.364104E+00  0.307987E+00
  -648.200  0.615306E+00  0.407829E+00  0.372315E+00  0.354146E+00  0.298895E+00
  -648.100  0.600680E+00  0.396300E+00  0.361336E+00  0.343468E+00  0.289229E+00
  -648.000  0.584506E+00  0.384021E+00  0.349710E+00  0.332191E+00  0.279099E+00
  -647.900  0.566996E+00  0.371129E+00  0.337565E+00  0.320440E+00  0.268614E+00
  -647.800  0.548378E+00  0.357775E+00  0.325041E+00  0.308349E+00  0.257893E+00
  -647.700  0.528891E+00  0.344110E+00  0.312278E+00  0.296052E+00  0.247050E+00
  -647.600  0.508757E+00  0.330273E+00  0.299405E+00  0.283674E+00  0.236196E+00
  -647.500  0.488209E+00  0.316407E+00  0.286550E+00  0.271336E+00  0.225435E+00
  -647.400  0.467468E+00  0.302641E+00  0.273833E+00  0.259150E+00  0.214859E+00
  -647.300  0.446740E+00  0.289092E+00  0.261358E+00  0.247217E+00  0.204553E+00
  -647.200  0.426224E+00  0.275864E+00  0.249215E+00  0.235620E+00  0.194584E+00
  -647.100  0.406088E+00  0.263044E+00  0.237481E+00  0.224429E+00  0.185006E+00
  -647.000  0.386496E+00  0.250704E+00  0.226216E+00  0.213701E+00  0.175862E+00
  -646.900  0.367577E+00  0.238898E+00  0.215464E+00  0.203474E+00  0.167176E+00
  -646.800  0.349448E+00  0.227662E+00  0.205252E+00  0.193770E+00  0.158961E+00
  -646.700  0.332184E+00  0.217016E+00  0.195590E+00  0.184597E+00  0.151216E+00
  -646.600  0.315859E+00  0.206969E+00  0.186484E+00  0.175957E+00  0.143937E+00
  -646.500  0.300506E+00  0.197512E+00  0.177916E+00  0.167831E+00  0.137099E+00
  -646.400  0.286139E+00  0.188621E+00  0.169862E+00  0.160194E+00  0.130678E+00
  -646.300  0.272754E+00  0.180267E+00  0.162291E+00  0.153013E+00  0.124640E+00
  -646.200  0.260341E+00  0.172418E+00  0.155169E+00  0.146254E+00  0.118952E+00
  -646.100  0.248862E+00  0.165033E+00  0.148455E+00  0.139878E+00  0.113578E+00
  -646.000  0.238289E+00  0.158073E+00  0.142114E+00  0.133850E+00  0.108486E+00
  -645.900  0.228580E+00  0.151499E+00  0.136105E+00  0.128130E+00  0.103641E+00
  -645.800  0.219721E+00  0.145290E+00  0.130409E+00  0.122699E+00  0.990244E-01
  -645.700  0.211671E+00  0.139417E+00  0.124997E+00  0.117529E+00  0.946118E-01
  -645.600  0.204446E+00  0.133878E+00  0.119868E+00  0.112618E+00  0.903983E-01
  -645.500  0.198032E+00  0.128667E+00  0.115014E+00  0.107959E+00  0.863778E-01
  -645.400  0.192457E+00  0.123798E+00  0.110448E+00  0.103563E+00  0.825581E-01
  -645.300  0.187749E+00  0.119294E+00  0.106190E+00  0.994490E-01  0.789533E-01
  -645.200  0.183930E+00  0.115174E+00  0.102258E+00  0.956345E-01  0.755779E-01
  -645.100  0.181050E+00  0.111479E+00  0.986869E-01  0.921516E-01  0.724566E-01
  -645.000  0.179108E+00  0.108226E+00  0.954964E-01  0.890198E-01  0.696072E-01
  -644.900  0.178141E+00  0.105455E+00  0.927226E-01  0.862736E-01  0.670582E-01
  -644.800  0.178122E+00  0.103177E+00  0.903792E-01  0.839275E-01  0.648242E-01
  -644.700  0.179030E+00  0.101407E+00  0.884821E-01  0.819975E-01  0.629202E-01
  -644.600  0.180796E+00  0.100139E+00  0.870308E-01  0.804855E-01  0.613526E-01
  -644.500  0.183334E+00  0.993571E-01  0.860165E-01  0.793851E-01  0.601201E-01
  -644.400  0.186523E+00  0.990278E-01  0.854144E-01  0.786757E-01  0.592118E-01
  -644.300  0.190224E+00  0.991039E-01  0.851878E-01  0.783251E-01  0.586067E-01
  -644.200  0.194273E+00  0.995291E-01  0.852931E-01  0.782956E-01  0.582815E-01
  -644.100  0.198501E+00  0.100230E+00  0.856697E-01  0.785324E-01  0.581966E-01
  -644.000  0.202730E+00  0.101130E+00  0.862549E-01  0.789793E-01  0.583128E-01
  -643.900  0.206787E+00  0.102139E+00  0.869723E-01  0.795662E-01  0.585779E-01
  -643.800  0.210511E+00  0.103177E+00  0.877536E-01  0.802310E-01  0.589462E-01
  -643.700  0.213761E+00  0.104154E+00  0.885208E-01  0.809011E-01  0.593616E-01
  -643.600  0.216419E+00  0.104993E+00  0.892066E-01  0.815141E-01  0.597754E-01
  -643.500  0.218395E+00  0.105617E+00  0.897390E-01  0.820018E-01  0.601319E-01
  -643.400  0.219632E+00  0.105965E+00  0.900639E-01  0.823126E-01  0.603889E-01
  -643.300  0.220096E+00  0.105984E+00  0.901295E-01  0.823965E-01  0.605025E-01
  -643.200  0.219778E+00  0.105632E+00  0.898930E-01  0.822113E-01  0.604349E-01
  -643.100  0.218691E+00  0.104878E+00  0.893226E-01  0.817246E-01  0.601555E-01
  -643.000  0.216879E+00  0.103711E+00  0.884024E-01  0.809190E-01  0.596441E-01
  -642.900  0.214377E+00  0.102126E+00  0.871217E-01  0.797818E-01  0.588853E-01
  -642.800  0.211244E+00  0.100133E+00  0.854839E-01  0.783136E-01  0.578733E-01
  -642.700  0.207533E+00  0.977463E-01  0.834966E-01  0.765188E-01  0.566064E-01
  -642.600  0.203299E+00  0.949970E-01  0.811830E-01  0.744176E-01  0.550958E-01
  -642.500  0.198595E+00  0.919178E-01  0.785687E-01  0.720317E-01  0.533548E-01
  -642.400  0.193460E+00  0.885451E-01  0.756839E-01  0.693888E-01  0.514031E-01
  -642.300  0.187943E+00  0.849242E-01  0.725672E-01  0.665239E-01  0.492660E-01
  -642.200  0.182082E+00  0.811030E-01  0.692613E-01  0.634770E-01  0.469750E-01
  -642.100  0.175909E+00  0.771244E-01  0.658049E-01  0.602845E-01  0.445591E-01
  -642.000  0.169471E+00  0.730390E-01  0.622438E-01  0.569896E-01  0.420530E-01
  -641.900  0.162799E+00  0.688885E-01  0.586173E-01  0.536300E-01  0.394887E-01
  -641.800  0.155949E+00  0.647186E-01  0.549674E-01  0.502456E-01  0.368989E-01
  -641.700  0.148972E+00  0.605693E-01  0.513317E-01  0.468726E-01  0.343144E-01
  -641.600  0.141932E+00  0.564819E-01  0.477486E-01  0.435476E-01  0.317656E-01
  -641.500  0.134909E+00  0.524918E-01  0.442503E-01  0.403012E-01  0.292775E-01
  -641.400  0.127979E+00  0.486321E-01  0.408672E-01  0.371622E-01  0.268739E-01
  -641.300  0.121246E+00  0.449372E-01  0.376292E-01  0.341583E-01  0.245759E-01
  -641.200  0.114810E+00  0.414385E-01  0.345633E-01  0.313146E-01  0.224028E-01
  -641.100  0.108773E+00  0.381626E-01  0.316920E-01  0.286514E-01  0.203694E-01
  -641.000  0.103238E+00  0.351329E-01  0.290338E-01  0.261852E-01  0.184861E-01
  -640.900  0.983143E-01  0.323777E-01  0.266117E-01  0.239363E-01  0.167670E-01
  -640.800  0.940842E-01  0.299106E-01  0.244353E-01  0.219127E-01  0.152158E-01
  -640.700  0.906266E-01  0.277507E-01  0.225195E-01  0.201276E-01  0.138408E-01
  -640.600  0.879898E-01  0.259035E-01  0.208674E-01  0.185827E-01  0.126411E-01
  -640.500  0.862095E-01  0.243757E-01  0.194836E-01  0.172818E-01  0.116183E-01
  -640.400  0.852784E-01  0.231631E-01  0.183641E-01  0.162211E-01  0.107689E-01
  -640.300  0.851675E-01  0.222542E-01  0.174989E-01  0.153912E-01  0.100854E-01
  -640.200  0.858075E-01  0.216314E-01  0.168743E-01  0.147801E-01  0.955997E-02
  -640.100  0.870967E-01  0.212657E-01  0.164669E-01  0.143669E-01  0.917791E-02
  -640.000  0.889220E-01  0.211321E-01  0.162574E-01  0.141347E-01  0.892846E-02
  -639.900  0.911327E-01  0.211919E-01  0.162157E-01  0.140573E-01  0.879486E-02
  -639.800  0.935668E-01  0.214059E-01  0.163113E-01  0.141080E-01  0.875991E-02
  -639.700  0.960549E-01  0.217319E-01  0.165113E-01  0.142580E-01  0.880523E-02
  -639.600  0.984326E-01  0.221297E-01  0.167844E-01  0.144799E-01  0.891305E-02
  -639.500  0.100554E+00  0.225635E-01  0.171028E-01  0.147494E-01  0.906791E-02
  -639.400  0.102283E+00  0.229982E-01  0.174384E-01  0.150416E-01  0.925311E-02
  -639.300  0.103499E+00  0.234027E-01  0.177669E-01  0.153353E-01  0.945502E-02
  -639.200  0.104142E+00  0.237579E-01  0.180721E-01  0.156156E-01  0.966266E-02
  -639.100  0.104156E+00  0.240465E-01  0.183398E-01  0.158697E-01  0.986718E-02
  -639.000  0.103529E+00  0.242572E-01  0.185596E-01  0.160878E-01  0.100605E-01
  -638.900  0.102277E+00  0.243867E-01  0.187274E-01  0.162654E-01  0.102383E-01
  -638.800  0.100438E+00  0.244334E-01  0.188397E-01  0.163988E-01  0.103961E-01
  -638.700  0.980728E-01  0.244005E-01  0.188974E-01  0.164875E-01  0.105317E-01
  -638.600  0.952525E-01  0.242940E-01  0.189029E-01  0.165330E-01  0.106441E-01
  -638.500  0.920473E-01  0.241143E-01  0.188541E-01  0.165320E-01  0.107287E-01
  -638.400  0.885378E-01  0.238681E-01  0.187541E-01  0.164866E-01  0.107849E-01
  -638.300  0.847846E-01  0.235536E-01  0.185995E-01  0.163925E-01  0.108078E-01
  -638.200  0.808506E-01  0.231712E-01  0.183883E-01  0.162473E-01  0.107940E-01
  -638.100  0.767841E-01  0.227181E-01  0.181167E-01  0.160465E-01  0.107389E-01
  -638.000  0.726270E-01  0.221907E-01  0.177798E-01  0.157853E-01  0.106377E-01
  -637.900  0.684046E-01  0.215826E-01  0.173713E-01  0.154573E-01  0.104852E-01
  -637.800  0.641398E-01  0.208899E-01  0.168871E-01  0.150586E-01  0.102776E-01
  -637.700  0.598524E-01  0.201096E-01  0.163238E-01  0.145857E-01  0.100121E-01
  -637.600  0.555606E-01  0.192418E-01  0.156808E-01  0.140378E-01  0.968779E-02
  -637.500  0.512809E-01  0.182876E-01  0.149587E-01  0.134154E-01  0.930461E-02
  -637.400  0.470306E-01  0.172540E-01  0.141634E-01  0.127238E-01  0.886664E-02
  -637.300  0.428406E-01  0.161510E-01  0.133027E-01  0.119699E-01  0.837834E-02
  -637.200  0.387338E-01  0.149916E-01  0.123877E-01  0.111637E-01  0.784707E-02
  -637.100  0.347452E-01  0.137933E-01  0.114330E-01  0.103187E-01  0.728242E-02
  -637.000  0.309073E-01  0.125739E-01  0.104537E-01  0.944824E-02  0.669417E-02
  -636.900  0.272471E-01  0.113524E-01  0.946590E-02  0.856747E-02  0.609331E-02
  -636.800  0.237986E-01  0.101486E-01  0.848646E-02  0.769154E-02  0.549084E-02
  -636.700  0.205877E-01  0.898157E-02  0.753203E-02  0.683581E-02  0.489813E-02
  -636.600  0.176320E-01  0.786598E-02  0.661516E-02  0.601183E-02  0.432374E-02
  -636.500  0.149471E-01  0.681808E-02  0.575020E-02  0.523287E-02  0.377762E-02
  -636.400  0.125409E-01  0.584826E-02  0.494633E-02  0.450750E-02  0.326628E-02
  -636.300  0.104093E-01  0.496222E-02  0.420898E-02  0.384085E-02  0.279385E-02
  -636.200  0.854949E-02  0.416663E-02  0.354442E-02  0.323895E-02  0.236521E-02
  -636.100  0.694441E-02  0.346031E-02  0.295221E-02  0.270160E-02  0.198060E-02
  -636.000  0.557987E-02  0.284342E-02  0.243314E-02  0.222981E-02  0.164132E-02
  -635.900  0.443561E-02  0.231255E-02  0.198489E-02  0.182169E-02  0.134645E-02
  -635.800  0.348500E-02  0.185877E-02  0.160028E-02  0.147088E-02  0.109167E-02
  -635.700  0.270901E-02  0.147902E-02  0.127731E-02  0.117581E-02  0.876392E-03
  -635.600  0.208617E-02  0.116595E-02  0.101009E-02  0.931236E-03  0.697070E-03
  -635.500  0.158494E-02  0.907162E-03  0.788383E-03  0.727950E-03  0.547253E-03
  -635.400  0.119303E-02  0.699010E-03  0.609378E-03  0.563514E-03  0.425427E-03
  -635.300  0.888594E-03  0.533437E-03  0.466525E-03  0.432082E-03  0.327625E-03
  -635.200  0.654942E-03  0.402974E-03  0.353564E-03  0.327972E-03  0.249780E-03
  -635.100  0.475199E-03  0.300030E-03  0.264138E-03  0.245423E-03  0.187781E-03
  -635.000  0.342371E-03  0.221748E-03  0.195813E-03  0.182202E-03  0.139966E-03
  -634.900  0.243654E-03  0.161858E-03  0.143411E-03  0.133662E-03  0.103162E-03
  -634.800  0.171474E-03  0.117023E-03  0.104005E-03  0.970765E-04  0.752197E-04
  -634.700  0.120460E-03  0.838901E-04  0.747608E-04  0.698727E-04  0.543457E-04
  -634.600  0.843420E-04  0.595656E-04  0.531926E-04  0.497649E-04  0.388184E-04
  -634.500  0.584880E-04  0.419770E-04  0.375583E-04  0.351703E-04  0.275024E-04
  -634.400  0.395499E-04  0.290688E-04  0.260653E-04  0.244319E-04  0.191528E-04
  -634.300  0.263139E-04  0.195278E-04  0.175407E-04  0.164551E-04  0.129272E-04
  -634.200  0.160954E-04  0.131846E-04  0.119472E-04  0.112530E-04  0.893555E-05
  -634.100  0.105887E-04  0.868643E-05  0.788797E-05  0.000000E+00  0.000000E+00
  -634.000  0.757892E-05  0.000000E+00  0.000000E+00  0.000000E+00  0.000000E+00
  -633.900  0.000000E+00  0.000000E+00  0.000000E+00  0.000000E+00  0.000000E+00
  -633.800  0.000000E+00  0.000000E+00  0.000000E+00  0.000000E+00  0.000000E+00
  -633.700  0.000000E+00  0.000000E+00  0.000000E+00  0.000000E+00  0.000000E+00
  -633.600  0.000000E+00  0.000000E+00  0.000000E+00  0.000000E+00  0.000000E+00
  -633.500  0.000000E+00  0.000000E+00  0.000000E+00  0.000000E+00  0.000000E+00
  -633.400  0.000000E+00  0.000000E+00  0.000000E+00  0.000000E+00  0.000000E+00
  -633.300  0.000000E+00  0.000000E+00  0.000000E+00  0.000000E+00  0.000000E+00
  -633.200  0.000000E+00  0.000000E+00  0.000000E+00  0.000000E+00  0.000000E+00
  -633.100  0.000000E+00  0.000000E+00  0.000000E+00  0.000000E+00  0.000000E+00
  -633.000  0.000000E+00  0.000000E+00  0.000000E+00  0.000000E+00  0.000000E+00
  -632.900  0.000000E+00  0.000000E+00  0.000000E+00  0.000000E+00  0.000000E+00
  -632.800  0.000000E+00  0.000000E+00  0.000000E+00  0.000000E+00  0.000000E+00
  -632.700  0.000000E+00  0.000000E+00  0.000000E+00  0.000000E+00  0.000000E+00
  -632.600  0.000000E+00  0.000000E+00  0.000000E+00  0.000000E+00  0.000000E+00
  -632.500  0.000000E+00  0.000000E+00  0.000000E+00  0.000000E+00  0.000000E+00
  -632.400  0.000000E+00  0.000000E+00  0.000000E+00  0.000000E+00  0.000000E+00
  -632.300  0.000000E+00  0.000000E+00  0.000000E+00  0.000000E+00  0.000000E+00
  -632.200  0.000000E+00  0.000000E+00  0.000000E+00  0.000000E+00  0.000000E+00
  -632.100  0.000000E+00  0.000000E+00  0.000000E+00  0.000000E+00  0.000000E+00
  -632.000  0.000000E+00  0.000000E+00  0.000000E+00  0.000000E+00  0.000000E+00
  -631.900  0.000000E+00  0.000000E+00  0.000000E+00  0.000000E+00  0.000000E+00
  -631.800  0.000000E+00  0.000000E+00  0.000000E+00  0.000000E+00  0.000000E+00
  -631.700  0.000000E+00  0.000000E+00  0.000000E+00  0.000000E+00  0.000000E+00
  -631.600  0.000000E+00  0.000000E+00  0.000000E+00  0.000000E+00  0.000000E+00
  -631.500  0.000000E+00  0.000000E+00  0.000000E+00  0.000000E+00  0.000000E+00
  -631.400  0.000000E+00  0.000000E+00  0.000000E+00  0.000000E+00  0.000000E+00
  -631.300  0.000000E+00  0.000000E+00  0.000000E+00  0.000000E+00  0.000000E+00
  -631.200  0.000000E+00  0.000000E+00  0.000000E+00  0.000000E+00  0.000000E+00
  -631.100  0.000000E+00  0.000000E+00  0.000000E+00  0.000000E+00  0.000000E+00
  -631.000  0.000000E+00  0.000000E+00  0.000000E+00  0.000000E+00  0.000000E+00
  -630.900  0.000000E+00  0.000000E+00  0.000000E+00  0.000000E+00  0.000000E+00
  -630.800  0.000000E+00  0.000000E+00  0.000000E+00  0.000000E+00  0.000000E+00
  -630.700  0.000000E+00  0.000000E+00  0.000000E+00  0.000000E+00  0.000000E+00
  -630.600  0.000000E+00  0.000000E+00  0.000000E+00  0.000000E+00  0.000000E+00
  -630.500  0.000000E+00  0.000000E+00  0.000000E+00  0.000000E+00  0.000000E+00
  -630.400  0.000000E+00  0.000000E+00  0.000000E+00  0.000000E+00  0.000000E+00
  -630.300  0.000000E+00  0.000000E+00  0.000000E+00  0.000000E+00  0.000000E+00
  -630.200  0.000000E+00  0.000000E+00  0.000000E+00  0.000000E+00  0.000000E+00
  -630.100  0.000000E+00  0.000000E+00  0.000000E+00  0.000000E+00  0.000000E+00
  -630.000  0.000000E+00  0.000000E+00  0.000000E+00  0.000000E+00  0.000000E+00
  -629.900  0.000000E+00  0.000000E+00  0.000000E+00  0.000000E+00  0.000000E+00
  -629.800  0.000000E+00  0.000000E+00  0.000000E+00  0.000000E+00  0.000000E+00
  -629.700  0.000000E+00  0.000000E+00  0.000000E+00  0.000000E+00  0.000000E+00
  -629.600  0.000000E+00  0.000000E+00  0.000000E+00  0.000000E+00  0.000000E+00
  -629.500  0.000000E+00  0.000000E+00  0.000000E+00  0.000000E+00  0.000000E+00
  -629.400  0.000000E+00  0.000000E+00  0.000000E+00  0.000000E+00  0.000000E+00
  -629.300  0.000000E+00  0.000000E+00  0.000000E+00  0.000000E+00  0.000000E+00
  -629.200  0.000000E+00  0.000000E+00  0.000000E+00  0.000000E+00  0.000000E+00
  -629.100  0.000000E+00  0.000000E+00  0.000000E+00  0.000000E+00  0.000000E+00
  -629.000  0.000000E+00  0.000000E+00  0.000000E+00  0.000000E+00  0.000000E+00
  -628.900  0.000000E+00  0.000000E+00  0.000000E+00  0.000000E+00  0.000000E+00
  -628.800  0.000000E+00  0.000000E+00  0.000000E+00  0.000000E+00  0.000000E+00
  -628.700  0.000000E+00  0.000000E+00  0.000000E+00  0.000000E+00  0.000000E+00
  -628.600  0.000000E+00  0.000000E+00  0.000000E+00  0.000000E+00  0.000000E+00
  -628.500  0.000000E+00  0.000000E+00  0.000000E+00  0.000000E+00  0.000000E+00
  -628.400  0.000000E+00  0.000000E+00  0.000000E+00  0.000000E+00  0.000000E+00
  -628.300  0.000000E+00  0.000000E+00  0.000000E+00  0.000000E+00  0.000000E+00
  -628.200  0.000000E+00  0.000000E+00  0.000000E+00  0.000000E+00  0.000000E+00
  -628.100  0.000000E+00  0.000000E+00  0.000000E+00  0.000000E+00  0.000000E+00
  -628.000  0.000000E+00  0.000000E+00  0.000000E+00  0.000000E+00  0.000000E+00
  -627.900  0.000000E+00  0.000000E+00  0.000000E+00  0.000000E+00  0.000000E+00
  -627.800  0.000000E+00  0.000000E+00  0.000000E+00  0.000000E+00  0.000000E+00
  -627.700  0.000000E+00  0.000000E+00  0.000000E+00  0.000000E+00  0.000000E+00
  -627.600  0.000000E+00  0.000000E+00  0.000000E+00  0.000000E+00  0.000000E+00
  -627.500  0.000000E+00  0.000000E+00  0.000000E+00  0.000000E+00  0.000000E+00
  -627.400  0.000000E+00  0.000000E+00  0.000000E+00  0.000000E+00  0.000000E+00
  -627.300  0.000000E+00  0.000000E+00  0.000000E+00  0.000000E+00  0.000000E+00
  -627.200  0.000000E+00  0.000000E+00  0.000000E+00  0.000000E+00  0.000000E+00
  -627.100  0.000000E+00  0.000000E+00  0.000000E+00  0.000000E+00  0.000000E+00
  -627.000  0.000000E+00  0.000000E+00  0.000000E+00  0.000000E+00  0.000000E+00
  -626.900  0.000000E+00  0.000000E+00  0.000000E+00  0.000000E+00  0.000000E+00
  -626.800  0.000000E+00  0.000000E+00  0.000000E+00  0.000000E+00  0.000000E+00
  -626.700  0.000000E+00  0.000000E+00  0.000000E+00  0.000000E+00  0.000000E+00
  -626.600  0.000000E+00  0.000000E+00  0.000000E+00  0.000000E+00  0.000000E+00
  -626.500  0.000000E+00  0.000000E+00  0.000000E+00  0.000000E+00  0.000000E+00
  -626.400  0.000000E+00  0.000000E+00  0.000000E+00  0.000000E+00  0.000000E+00
  -626.300  0.000000E+00  0.000000E+00  0.000000E+00  0.000000E+00  0.000000E+00
  -626.200  0.000000E+00  0.000000E+00  0.000000E+00  0.000000E+00  0.000000E+00
  -626.100  0.000000E+00  0.000000E+00  0.000000E+00  0.000000E+00  0.000000E+00
  -626.000  0.000000E+00  0.000000E+00  0.000000E+00  0.000000E+00  0.000000E+00
  -625.900  0.000000E+00  0.000000E+00  0.000000E+00  0.000000E+00  0.000000E+00
  -625.800  0.000000E+00  0.000000E+00  0.000000E+00  0.000000E+00  0.000000E+00
  -625.700  0.000000E+00  0.000000E+00  0.000000E+00  0.000000E+00  0.000000E+00
  -625.600  0.000000E+00  0.000000E+00  0.000000E+00  0.000000E+00  0.000000E+00
  -625.500  0.000000E+00  0.000000E+00  0.000000E+00  0.000000E+00  0.000000E+00
  -625.400  0.000000E+00  0.000000E+00  0.000000E+00  0.000000E+00  0.000000E+00
  -625.300  0.000000E+00  0.000000E+00  0.000000E+00  0.000000E+00  0.000000E+00
  -625.200  0.000000E+00  0.000000E+00  0.000000E+00  0.000000E+00  0.000000E+00
  -625.100  0.000000E+00  0.000000E+00  0.000000E+00  0.000000E+00  0.000000E+00
  -625.000  0.000000E+00  0.000000E+00  0.000000E+00  0.000000E+00  0.000000E+00
  -624.900  0.000000E+00  0.000000E+00  0.000000E+00  0.000000E+00  0.000000E+00
  -624.800  0.000000E+00  0.000000E+00  0.000000E+00  0.000000E+00  0.000000E+00
  -624.700  0.000000E+00  0.000000E+00  0.000000E+00  0.000000E+00  0.000000E+00
  -624.600  0.000000E+00  0.000000E+00  0.000000E+00  0.000000E+00  0.000000E+00
  -624.500  0.000000E+00  0.000000E+00  0.000000E+00  0.000000E+00  0.000000E+00
  -624.400  0.000000E+00  0.000000E+00  0.000000E+00  0.000000E+00  0.000000E+00
  -624.300  0.000000E+00  0.000000E+00  0.000000E+00  0.000000E+00  0.000000E+00
  -624.200  0.000000E+00  0.000000E+00  0.000000E+00  0.000000E+00  0.000000E+00
  -624.100  0.000000E+00  0.000000E+00  0.000000E+00  0.000000E+00  0.000000E+00
  -624.000  0.000000E+00  0.000000E+00  0.000000E+00  0.000000E+00  0.000000E+00
  -623.900  0.000000E+00  0.000000E+00  0.000000E+00  0.000000E+00  0.000000E+00
  -623.800  0.000000E+00  0.000000E+00  0.000000E+00  0.000000E+00  0.000000E+00
  -623.700  0.000000E+00  0.000000E+00  0.000000E+00  0.000000E+00  0.000000E+00
  -623.600  0.000000E+00  0.000000E+00  0.000000E+00  0.000000E+00  0.000000E+00
  -623.500  0.000000E+00  0.000000E+00  0.000000E+00  0.000000E+00  0.000000E+00
  -623.400  0.000000E+00  0.000000E+00  0.000000E+00  0.000000E+00  0.000000E+00
  -623.300  0.000000E+00  0.000000E+00  0.000000E+00  0.000000E+00  0.000000E+00
  -623.200  0.000000E+00  0.000000E+00  0.000000E+00  0.000000E+00  0.000000E+00
  -623.100  0.000000E+00  0.000000E+00  0.000000E+00  0.000000E+00  0.000000E+00
  -623.000  0.000000E+00  0.000000E+00  0.000000E+00  0.000000E+00  0.000000E+00
  -622.900  0.000000E+00  0.000000E+00  0.000000E+00  0.000000E+00  0.000000E+00
  -622.800  0.000000E+00  0.000000E+00  0.000000E+00  0.000000E+00  0.000000E+00
  -622.700  0.000000E+00  0.000000E+00  0.000000E+00  0.000000E+00  0.000000E+00
  -622.600  0.000000E+00  0.000000E+00  0.000000E+00  0.000000E+00  0.000000E+00
  -622.500  0.000000E+00  0.000000E+00  0.000000E+00  0.000000E+00  0.000000E+00
  -622.400  0.000000E+00  0.000000E+00  0.000000E+00  0.000000E+00  0.000000E+00
  -622.300  0.000000E+00  0.000000E+00  0.000000E+00  0.000000E+00  0.000000E+00
  -622.200  0.000000E+00  0.000000E+00  0.000000E+00  0.000000E+00  0.000000E+00
  -622.100  0.000000E+00  0.000000E+00  0.000000E+00  0.000000E+00  0.000000E+00
  -622.000  0.000000E+00  0.000000E+00  0.000000E+00  0.000000E+00  0.000000E+00
  -621.900  0.000000E+00  0.000000E+00  0.000000E+00  0.000000E+00  0.000000E+00
  -621.800  0.000000E+00  0.000000E+00  0.000000E+00  0.000000E+00  0.000000E+00
  -621.700  0.000000E+00  0.000000E+00  0.000000E+00  0.000000E+00  0.000000E+00
  -621.600  0.000000E+00  0.000000E+00  0.000000E+00  0.000000E+00  0.000000E+00
  -621.500  0.000000E+00  0.000000E+00  0.000000E+00  0.000000E+00  0.000000E+00
  -621.400  0.000000E+00  0.000000E+00  0.000000E+00  0.000000E+00  0.000000E+00
  -621.300  0.000000E+00  0.000000E+00  0.000000E+00  0.000000E+00  0.000000E+00
  -621.200  0.000000E+00  0.000000E+00  0.000000E+00  0.000000E+00  0.000000E+00
  -621.100  0.000000E+00  0.000000E+00  0.000000E+00  0.000000E+00  0.000000E+00
  -621.000  0.000000E+00  0.000000E+00  0.000000E+00  0.000000E+00  0.000000E+00
  -620.900  0.000000E+00  0.000000E+00  0.000000E+00  0.000000E+00  0.000000E+00
  -620.800  0.000000E+00  0.000000E+00  0.000000E+00  0.000000E+00  0.000000E+00
  -620.700  0.000000E+00  0.000000E+00  0.000000E+00  0.000000E+00  0.000000E+00
  -620.600  0.000000E+00  0.000000E+00  0.000000E+00  0.000000E+00  0.000000E+00
  -620.500  0.000000E+00  0.000000E+00  0.000000E+00  0.000000E+00  0.000000E+00
  -620.400  0.000000E+00  0.000000E+00  0.000000E+00  0.000000E+00  0.000000E+00
  -620.300  0.000000E+00  0.000000E+00  0.000000E+00  0.000000E+00  0.000000E+00
  -620.200  0.000000E+00  0.000000E+00  0.000000E+00  0.000000E+00  0.000000E+00
  -620.100  0.000000E+00  0.000000E+00  0.000000E+00  0.000000E+00  0.000000E+00
  -620.000  0.000000E+00  0.000000E+00  0.000000E+00  0.000000E+00  0.000000E+00
