 x      300.00000000000000        873.00000000000000        1273.0000000000000        1673.0000000000000     
  -680.000  0.000000E+00  0.000000E+00  0.000000E+00  0.000000E+00  0.000000E+00
  -679.900  0.000000E+00  0.000000E+00  0.000000E+00  0.000000E+00  0.000000E+00
  -679.800  0.000000E+00  0.000000E+00  0.000000E+00  0.000000E+00  0.000000E+00
  -679.700  0.000000E+00  0.000000E+00  0.000000E+00  0.000000E+00  0.000000E+00
  -679.600  0.000000E+00  0.000000E+00  0.000000E+00  0.000000E+00  0.000000E+00
  -679.500  0.000000E+00  0.000000E+00  0.000000E+00  0.000000E+00  0.000000E+00
  -679.400  0.000000E+00  0.000000E+00  0.000000E+00  0.000000E+00  0.000000E+00
  -679.300  0.000000E+00  0.000000E+00  0.000000E+00  0.000000E+00  0.000000E+00
  -679.200  0.000000E+00  0.000000E+00  0.000000E+00  0.000000E+00  0.000000E+00
  -679.100  0.000000E+00  0.000000E+00  0.000000E+00  0.000000E+00  0.000000E+00
  -679.000  0.000000E+00  0.000000E+00  0.000000E+00  0.000000E+00  0.000000E+00
  -678.900  0.000000E+00  0.000000E+00  0.000000E+00  0.000000E+00  0.000000E+00
  -678.800  0.000000E+00  0.000000E+00  0.000000E+00  0.000000E+00  0.000000E+00
  -678.700  0.000000E+00  0.000000E+00  0.000000E+00  0.000000E+00  0.000000E+00
  -678.600  0.000000E+00  0.000000E+00  0.000000E+00  0.000000E+00  0.000000E+00
  -678.500  0.000000E+00  0.000000E+00  0.000000E+00  0.000000E+00  0.000000E+00
  -678.400  0.000000E+00  0.000000E+00  0.000000E+00  0.000000E+00  0.000000E+00
  -678.300  0.000000E+00  0.000000E+00  0.000000E+00  0.000000E+00  0.000000E+00
  -678.200  0.000000E+00  0.000000E+00  0.000000E+00  0.000000E+00  0.000000E+00
  -678.100  0.000000E+00  0.000000E+00  0.000000E+00  0.000000E+00  0.000000E+00
  -678.000  0.000000E+00  0.000000E+00  0.000000E+00  0.000000E+00  0.000000E+00
  -677.900  0.000000E+00  0.000000E+00  0.000000E+00  0.000000E+00  0.000000E+00
  -677.800  0.000000E+00  0.000000E+00  0.000000E+00  0.000000E+00  0.000000E+00
  -677.700  0.000000E+00  0.000000E+00  0.000000E+00  0.000000E+00  0.000000E+00
  -677.600  0.000000E+00  0.000000E+00  0.000000E+00  0.000000E+00  0.000000E+00
  -677.500  0.000000E+00  0.000000E+00  0.000000E+00  0.000000E+00  0.000000E+00
  -677.400  0.000000E+00  0.000000E+00  0.000000E+00  0.000000E+00  0.000000E+00
  -677.300  0.000000E+00  0.000000E+00  0.000000E+00  0.000000E+00  0.000000E+00
  -677.200  0.000000E+00  0.000000E+00  0.000000E+00  0.000000E+00  0.000000E+00
  -677.100  0.000000E+00  0.000000E+00  0.000000E+00  0.000000E+00  0.000000E+00
  -677.000  0.000000E+00  0.000000E+00  0.000000E+00  0.000000E+00  0.000000E+00
  -676.900  0.000000E+00  0.000000E+00  0.000000E+00  0.000000E+00  0.000000E+00
  -676.800  0.000000E+00  0.000000E+00  0.000000E+00  0.000000E+00  0.000000E+00
  -676.700  0.000000E+00  0.000000E+00  0.000000E+00  0.000000E+00  0.000000E+00
  -676.600  0.000000E+00  0.000000E+00  0.000000E+00  0.000000E+00  0.000000E+00
  -676.500  0.000000E+00  0.000000E+00  0.000000E+00  0.000000E+00  0.000000E+00
  -676.400  0.000000E+00  0.000000E+00  0.000000E+00  0.000000E+00  0.000000E+00
  -676.300  0.000000E+00  0.000000E+00  0.000000E+00  0.000000E+00  0.000000E+00
  -676.200  0.000000E+00  0.000000E+00  0.000000E+00  0.000000E+00  0.000000E+00
  -676.100  0.000000E+00  0.000000E+00  0.000000E+00  0.000000E+00  0.000000E+00
  -676.000  0.000000E+00  0.000000E+00  0.000000E+00  0.000000E+00  0.000000E+00
  -675.900  0.000000E+00  0.000000E+00  0.000000E+00  0.000000E+00  0.000000E+00
  -675.800  0.000000E+00  0.000000E+00  0.000000E+00  0.000000E+00  0.000000E+00
  -675.700  0.000000E+00  0.000000E+00  0.000000E+00  0.000000E+00  0.000000E+00
  -675.600  0.000000E+00  0.000000E+00  0.000000E+00  0.000000E+00  0.000000E+00
  -675.500  0.000000E+00  0.000000E+00  0.000000E+00  0.000000E+00  0.000000E+00
  -675.400  0.000000E+00  0.000000E+00  0.000000E+00  0.000000E+00  0.000000E+00
  -675.300  0.000000E+00  0.000000E+00  0.000000E+00  0.000000E+00  0.000000E+00
  -675.200  0.000000E+00  0.000000E+00  0.000000E+00  0.000000E+00  0.000000E+00
  -675.100  0.000000E+00  0.000000E+00  0.000000E+00  0.000000E+00  0.000000E+00
  -675.000  0.000000E+00  0.000000E+00  0.000000E+00  0.000000E+00  0.000000E+00
  -674.900  0.000000E+00  0.000000E+00  0.000000E+00  0.000000E+00  0.000000E+00
  -674.800  0.000000E+00  0.000000E+00  0.000000E+00  0.000000E+00  0.000000E+00
  -674.700  0.000000E+00  0.000000E+00  0.000000E+00  0.000000E+00  0.000000E+00
  -674.600  0.000000E+00  0.000000E+00  0.000000E+00  0.000000E+00  0.000000E+00
  -674.500  0.000000E+00  0.000000E+00  0.000000E+00  0.000000E+00  0.000000E+00
  -674.400  0.000000E+00  0.000000E+00  0.000000E+00  0.000000E+00  0.000000E+00
  -674.300  0.000000E+00  0.000000E+00  0.000000E+00  0.000000E+00  0.000000E+00
  -674.200  0.000000E+00  0.000000E+00  0.000000E+00  0.000000E+00  0.000000E+00
  -674.100  0.000000E+00  0.000000E+00  0.000000E+00  0.000000E+00  0.000000E+00
  -674.000  0.000000E+00  0.000000E+00  0.000000E+00  0.000000E+00  0.000000E+00
  -673.900  0.000000E+00  0.000000E+00  0.000000E+00  0.000000E+00  0.000000E+00
  -673.800  0.000000E+00  0.000000E+00  0.000000E+00  0.000000E+00  0.000000E+00
  -673.700  0.000000E+00  0.000000E+00  0.000000E+00  0.000000E+00  0.000000E+00
  -673.600  0.000000E+00  0.000000E+00  0.000000E+00  0.000000E+00  0.000000E+00
  -673.500  0.000000E+00  0.000000E+00  0.000000E+00  0.000000E+00  0.000000E+00
  -673.400  0.000000E+00  0.000000E+00  0.000000E+00  0.000000E+00  0.000000E+00
  -673.300  0.000000E+00  0.000000E+00  0.000000E+00  0.000000E+00  0.000000E+00
  -673.200  0.000000E+00  0.000000E+00  0.000000E+00  0.000000E+00  0.000000E+00
  -673.100  0.000000E+00  0.000000E+00  0.000000E+00  0.000000E+00  0.000000E+00
  -673.000  0.000000E+00  0.000000E+00  0.000000E+00  0.000000E+00  0.000000E+00
  -672.900  0.000000E+00  0.000000E+00  0.000000E+00  0.000000E+00  0.000000E+00
  -672.800  0.000000E+00  0.000000E+00  0.000000E+00  0.000000E+00  0.000000E+00
  -672.700  0.000000E+00  0.000000E+00  0.000000E+00  0.000000E+00  0.000000E+00
  -672.600  0.000000E+00  0.000000E+00  0.000000E+00  0.000000E+00  0.000000E+00
  -672.500  0.000000E+00  0.000000E+00  0.000000E+00  0.000000E+00  0.000000E+00
  -672.400  0.000000E+00  0.000000E+00  0.000000E+00  0.000000E+00  0.000000E+00
  -672.300  0.000000E+00  0.000000E+00  0.000000E+00  0.000000E+00  0.000000E+00
  -672.200  0.000000E+00  0.000000E+00  0.000000E+00  0.000000E+00  0.000000E+00
  -672.100  0.000000E+00  0.000000E+00  0.000000E+00  0.000000E+00  0.000000E+00
  -672.000  0.000000E+00  0.000000E+00  0.000000E+00  0.000000E+00  0.000000E+00
  -671.900  0.000000E+00  0.000000E+00  0.000000E+00  0.000000E+00  0.000000E+00
  -671.800  0.000000E+00  0.000000E+00  0.000000E+00  0.000000E+00  0.000000E+00
  -671.700  0.000000E+00  0.000000E+00  0.000000E+00  0.000000E+00  0.000000E+00
  -671.600  0.000000E+00  0.000000E+00  0.000000E+00  0.000000E+00  0.000000E+00
  -671.500  0.000000E+00  0.000000E+00  0.000000E+00  0.000000E+00  0.000000E+00
  -671.400  0.000000E+00  0.000000E+00  0.000000E+00  0.000000E+00  0.000000E+00
  -671.300  0.000000E+00  0.000000E+00  0.000000E+00  0.000000E+00  0.000000E+00
  -671.200  0.000000E+00  0.000000E+00  0.000000E+00  0.000000E+00  0.000000E+00
  -671.100  0.000000E+00  0.000000E+00  0.000000E+00  0.000000E+00  0.000000E+00
  -671.000  0.000000E+00  0.000000E+00  0.000000E+00  0.000000E+00  0.000000E+00
  -670.900  0.000000E+00  0.000000E+00  0.000000E+00  0.000000E+00  0.000000E+00
  -670.800  0.000000E+00  0.000000E+00  0.000000E+00  0.000000E+00  0.000000E+00
  -670.700  0.000000E+00  0.000000E+00  0.000000E+00  0.000000E+00  0.000000E+00
  -670.600  0.000000E+00  0.000000E+00  0.000000E+00  0.000000E+00  0.000000E+00
  -670.500  0.000000E+00  0.000000E+00  0.000000E+00  0.000000E+00  0.000000E+00
  -670.400  0.000000E+00  0.000000E+00  0.000000E+00  0.000000E+00  0.000000E+00
  -670.300  0.000000E+00  0.000000E+00  0.000000E+00  0.000000E+00  0.000000E+00
  -670.200  0.000000E+00  0.000000E+00  0.000000E+00  0.000000E+00  0.000000E+00
  -670.100  0.000000E+00  0.000000E+00  0.000000E+00  0.000000E+00  0.000000E+00
  -670.000  0.000000E+00  0.000000E+00  0.000000E+00  0.000000E+00  0.000000E+00
  -669.900  0.000000E+00  0.000000E+00  0.000000E+00  0.000000E+00  0.000000E+00
  -669.800  0.000000E+00  0.000000E+00  0.000000E+00  0.000000E+00  0.000000E+00
  -669.700  0.000000E+00  0.000000E+00  0.000000E+00  0.000000E+00  0.000000E+00
  -669.600  0.000000E+00  0.000000E+00  0.000000E+00  0.000000E+00  0.000000E+00
  -669.500  0.000000E+00  0.000000E+00  0.000000E+00  0.000000E+00  0.000000E+00
  -669.400  0.000000E+00  0.000000E+00  0.000000E+00  0.000000E+00  0.000000E+00
  -669.300  0.000000E+00  0.000000E+00  0.000000E+00  0.000000E+00  0.000000E+00
  -669.200  0.000000E+00  0.000000E+00  0.000000E+00  0.000000E+00  0.000000E+00
  -669.100  0.000000E+00  0.000000E+00  0.000000E+00  0.000000E+00  0.000000E+00
  -669.000  0.000000E+00  0.000000E+00  0.000000E+00  0.000000E+00  0.000000E+00
  -668.900  0.000000E+00  0.000000E+00  0.000000E+00  0.000000E+00  0.000000E+00
  -668.800  0.000000E+00  0.000000E+00  0.000000E+00  0.000000E+00  0.000000E+00
  -668.700  0.000000E+00  0.000000E+00  0.000000E+00  0.000000E+00  0.000000E+00
  -668.600  0.000000E+00  0.000000E+00  0.000000E+00  0.000000E+00  0.000000E+00
  -668.500  0.000000E+00  0.000000E+00  0.000000E+00  0.000000E+00  0.000000E+00
  -668.400  0.000000E+00  0.000000E+00  0.000000E+00  0.000000E+00  0.000000E+00
  -668.300  0.000000E+00  0.000000E+00  0.000000E+00  0.000000E+00  0.000000E+00
  -668.200  0.000000E+00  0.000000E+00  0.000000E+00  0.000000E+00  0.000000E+00
  -668.100  0.000000E+00  0.000000E+00  0.000000E+00  0.000000E+00  0.000000E+00
  -668.000  0.000000E+00  0.000000E+00  0.000000E+00  0.000000E+00  0.000000E+00
  -667.900  0.000000E+00  0.000000E+00  0.000000E+00  0.000000E+00  0.000000E+00
  -667.800  0.000000E+00  0.000000E+00  0.000000E+00  0.000000E+00  0.000000E+00
  -667.700  0.000000E+00  0.000000E+00  0.000000E+00  0.000000E+00  0.000000E+00
  -667.600  0.000000E+00  0.000000E+00  0.000000E+00  0.000000E+00  0.000000E+00
  -667.500  0.000000E+00  0.000000E+00  0.000000E+00  0.000000E+00  0.000000E+00
  -667.400  0.000000E+00  0.000000E+00  0.000000E+00  0.000000E+00  0.000000E+00
  -667.300  0.000000E+00  0.000000E+00  0.000000E+00  0.000000E+00  0.000000E+00
  -667.200  0.000000E+00  0.000000E+00  0.000000E+00  0.000000E+00  0.000000E+00
  -667.100  0.000000E+00  0.000000E+00  0.000000E+00  0.000000E+00  0.000000E+00
  -667.000  0.000000E+00  0.000000E+00  0.000000E+00  0.000000E+00  0.000000E+00
  -666.900  0.000000E+00  0.000000E+00  0.000000E+00  0.000000E+00  0.000000E+00
  -666.800  0.000000E+00  0.000000E+00  0.000000E+00  0.000000E+00  0.000000E+00
  -666.700  0.000000E+00  0.000000E+00  0.000000E+00  0.000000E+00  0.000000E+00
  -666.600  0.000000E+00  0.000000E+00  0.000000E+00  0.000000E+00  0.000000E+00
  -666.500  0.000000E+00  0.000000E+00  0.000000E+00  0.000000E+00  0.000000E+00
  -666.400  0.000000E+00  0.000000E+00  0.000000E+00  0.000000E+00  0.000000E+00
  -666.300  0.000000E+00  0.000000E+00  0.000000E+00  0.000000E+00  0.000000E+00
  -666.200  0.000000E+00  0.000000E+00  0.000000E+00  0.000000E+00  0.000000E+00
  -666.100  0.204410E-04  0.000000E+00  0.000000E+00  0.000000E+00  0.000000E+00
  -666.000  0.300096E-04  0.000000E+00  0.000000E+00  0.000000E+00  0.000000E+00
  -665.900  0.436289E-04  0.000000E+00  0.000000E+00  0.000000E+00  0.000000E+00
  -665.800  0.628034E-04  0.000000E+00  0.000000E+00  0.000000E+00  0.000000E+00
  -665.700  0.895028E-04  0.197455E-04  0.144821E-04  0.000000E+00  0.000000E+00
  -665.600  0.126269E-03  0.283461E-04  0.208822E-04  0.176958E-04  0.000000E+00
  -665.500  0.176334E-03  0.402944E-04  0.298188E-04  0.253340E-04  0.147231E-04
  -665.400  0.243747E-03  0.567235E-04  0.421721E-04  0.359244E-04  0.210775E-04
  -665.300  0.333509E-03  0.790874E-04  0.590814E-04  0.504665E-04  0.299014E-04
  -665.200  0.451701E-03  0.109231E-03  0.820063E-04  0.702474E-04  0.420452E-04
  -665.100  0.605610E-03  0.149473E-03  0.112799E-03  0.969094E-04  0.586146E-04
  -665.000  0.803839E-03  0.202698E-03  0.153791E-03  0.132531E-03  0.810358E-04
  -664.900  0.105639E-02  0.272465E-03  0.207890E-03  0.179723E-03  0.111137E-03
  -664.800  0.137475E-02  0.363130E-03  0.278701E-03  0.241740E-03  0.151244E-03
  -664.700  0.177187E-02  0.479985E-03  0.370656E-03  0.322614E-03  0.204306E-03
  -664.600  0.226220E-02  0.629416E-03  0.489183E-03  0.427314E-03  0.274031E-03
  -664.500  0.286165E-02  0.819087E-03  0.640882E-03  0.561929E-03  0.365072E-03
  -664.400  0.358746E-02  0.105815E-02  0.833745E-03  0.733882E-03  0.483228E-03
  -664.300  0.445818E-02  0.135746E-02  0.107741E-02  0.952189E-03  0.635700E-03
  -664.200  0.549346E-02  0.172990E-02  0.138342E-02  0.122775E-02  0.831387E-03
  -664.100  0.671400E-02  0.219059E-02  0.176560E-02  0.157366E-02  0.108123E-02
  -664.000  0.814139E-02  0.275729E-02  0.224036E-02  0.200562E-02  0.139859E-02
  -663.900  0.979800E-02  0.345071E-02  0.282710E-02  0.254230E-02  0.179974E-02
  -663.800  0.117069E-01  0.429488E-02  0.354865E-02  0.320582E-02  0.230429E-02
  -663.700  0.138917E-01  0.531751E-02  0.443165E-02  0.402216E-02  0.293576E-02
  -663.600  0.163766E-01  0.655032E-02  0.550699E-02  0.502160E-02  0.372211E-02
  -663.500  0.191861E-01  0.802929E-02  0.681014E-02  0.623919E-02  0.469628E-02
  -663.400  0.223451E-01  0.979493E-02  0.838151E-02  0.771505E-02  0.589670E-02
  -663.300  0.258786E-01  0.118923E-01  0.102666E-01  0.949465E-02  0.736779E-02
  -663.200  0.298112E-01  0.143709E-01  0.125161E-01  0.116290E-01  0.916025E-02
  -663.100  0.341675E-01  0.172847E-01  0.151857E-01  0.141745E-01  0.113314E-01
  -663.000  0.389710E-01  0.206914E-01  0.183362E-01  0.171929E-01  0.139450E-01
  -662.900  0.442442E-01  0.246520E-01  0.220323E-01  0.207508E-01  0.170717E-01
  -662.800  0.500078E-01  0.292303E-01  0.263429E-01  0.249193E-01  0.207880E-01
  -662.700  0.562810E-01  0.344916E-01  0.313396E-01  0.297731E-01  0.251765E-01
  -662.600  0.630812E-01  0.405023E-01  0.370965E-01  0.353897E-01  0.303247E-01
  -662.500  0.704243E-01  0.473291E-01  0.436887E-01  0.418488E-01  0.363249E-01
  -662.400  0.783257E-01  0.550383E-01  0.511927E-01  0.492317E-01  0.432730E-01
  -662.300  0.868013E-01  0.636957E-01  0.596849E-01  0.576207E-01  0.512685E-01
  -662.200  0.958697E-01  0.733672E-01  0.692428E-01  0.670991E-01  0.604138E-01
  -662.100  0.105555E+00  0.841193E-01  0.799447E-01  0.777518E-01  0.708149E-01
  -662.000  0.115888E+00  0.960211E-01  0.918717E-01  0.896666E-01  0.825815E-01
  -661.900  0.126914E+00  0.109146E+00  0.105109E+00  0.102936E+00  0.958288E-01
  -661.800  0.138691E+00  0.123577E+00  0.119751E+00  0.117659E+00  0.110679E+00
  -661.700  0.151297E+00  0.139406E+00  0.135899E+00  0.133945E+00  0.127266E+00
  -661.600  0.164833E+00  0.156743E+00  0.153674E+00  0.151919E+00  0.145736E+00
  -661.500  0.179421E+00  0.175716E+00  0.173211E+00  0.171724E+00  0.166251E+00
  -661.400  0.195210E+00  0.196479E+00  0.194672E+00  0.193524E+00  0.188998E+00
  -661.300  0.212374E+00  0.219211E+00  0.218242E+00  0.217511E+00  0.214186E+00
  -661.200  0.231105E+00  0.244121E+00  0.244137E+00  0.243903E+00  0.242052E+00
  -661.100  0.251616E+00  0.271447E+00  0.272601E+00  0.272951E+00  0.272863E+00
  -661.000  0.274127E+00  0.301454E+00  0.303909E+00  0.304931E+00  0.306914E+00
  -660.900  0.298861E+00  0.334431E+00  0.338358E+00  0.340147E+00  0.344526E+00
  -660.800  0.326034E+00  0.370684E+00  0.376264E+00  0.378921E+00  0.386038E+00
  -660.700  0.355840E+00  0.410523E+00  0.417950E+00  0.421582E+00  0.431802E+00
  -660.600  0.388442E+00  0.454249E+00  0.463735E+00  0.468455E+00  0.482163E+00
  -660.500  0.423958E+00  0.502141E+00  0.513914E+00  0.519847E+00  0.537452E+00
  -660.400  0.462450E+00  0.554437E+00  0.568745E+00  0.576021E+00  0.597957E+00
  -660.300  0.503912E+00  0.611309E+00  0.628422E+00  0.637185E+00  0.663910E+00
  -660.200  0.548259E+00  0.672850E+00  0.693059E+00  0.703459E+00  0.735458E+00
  -660.100  0.595324E+00  0.739050E+00  0.762665E+00  0.774862E+00  0.812644E+00
  -660.000  0.644846E+00  0.809778E+00  0.837126E+00  0.851291E+00  0.895382E+00
  -659.900  0.696475E+00  0.884768E+00  0.916191E+00  0.932498E+00  0.983443E+00
  -659.800  0.749768E+00  0.963610E+00  0.999457E+00  0.101808E+01  0.107644E+01
  -659.700  0.804197E+00  0.104574E+01  0.108636E+01  0.110749E+01  0.117380E+01
  -659.600  0.859156E+00  0.113046E+01  0.117619E+01  0.120000E+01  0.127482E+01
  -659.500  0.913971E+00  0.121690E+01  0.126808E+01  0.129473E+01  0.137859E+01
  -659.400  0.967923E+00  0.130410E+01  0.136103E+01  0.139068E+01  0.148408E+01
  -659.300  0.102026E+01  0.139099E+01  0.145392E+01  0.148672E+01  0.159011E+01
  -659.200  0.107021E+01  0.147640E+01  0.154557E+01  0.158164E+01  0.169541E+01
  -659.100  0.111702E+01  0.155915E+01  0.163472E+01  0.167416E+01  0.179865E+01
  -659.000  0.115997E+01  0.163805E+01  0.172013E+01  0.176300E+01  0.189847E+01
  -658.900  0.119841E+01  0.171194E+01  0.180057E+01  0.184690E+01  0.199352E+01
  -658.800  0.123174E+01  0.177972E+01  0.187488E+01  0.192467E+01  0.208249E+01
  -658.700  0.125948E+01  0.184042E+01  0.194200E+01  0.199522E+01  0.216420E+01
  -658.600  0.128124E+01  0.189318E+01  0.200101E+01  0.205759E+01  0.223758E+01
  -658.500  0.129678E+01  0.193734E+01  0.205115E+01  0.211098E+01  0.230173E+01
  -658.400  0.130595E+01  0.197238E+01  0.209187E+01  0.215480E+01  0.235592E+01
  -658.300  0.130877E+01  0.199799E+01  0.212278E+01  0.218863E+01  0.239965E+01
  -658.200  0.130534E+01  0.201406E+01  0.214371E+01  0.221227E+01  0.243262E+01
  -658.100  0.129592E+01  0.202066E+01  0.215468E+01  0.222571E+01  0.245472E+01
  -658.000  0.128084E+01  0.201802E+01  0.215589E+01  0.222913E+01  0.246608E+01
  -657.900  0.126053E+01  0.200653E+01  0.214770E+01  0.222288E+01  0.246695E+01
  -657.800  0.123548E+01  0.198671E+01  0.213061E+01  0.220744E+01  0.245779E+01
  -657.700  0.120624E+01  0.195917E+01  0.210522E+01  0.218340E+01  0.243913E+01
  -657.600  0.117336E+01  0.192460E+01  0.207220E+01  0.215144E+01  0.241164E+01
  -657.500  0.113742E+01  0.188372E+01  0.203228E+01  0.211226E+01  0.237600E+01
  -657.400  0.109898E+01  0.183724E+01  0.198618E+01  0.206661E+01  0.233292E+01
  -657.300  0.105856E+01  0.178587E+01  0.193462E+01  0.201518E+01  0.228312E+01
  -657.200  0.101664E+01  0.173029E+01  0.187828E+01  0.195868E+01  0.222726E+01
  -657.100  0.973663E+00  0.167111E+01  0.181779E+01  0.189772E+01  0.216595E+01
  -657.000  0.929989E+00  0.160889E+01  0.175370E+01  0.183287E+01  0.209976E+01
  -656.900  0.885935E+00  0.154412E+01  0.168654E+01  0.176464E+01  0.202917E+01
  -656.800  0.841762E+00  0.147724E+01  0.161673E+01  0.169347E+01  0.195460E+01
  -656.700  0.797677E+00  0.140863E+01  0.154467E+01  0.161976E+01  0.187644E+01
  -656.600  0.753852E+00  0.133864E+01  0.147073E+01  0.154387E+01  0.179503E+01
  -656.500  0.710427E+00  0.126760E+01  0.139524E+01  0.146614E+01  0.171071E+01
  -656.400  0.667525E+00  0.119582E+01  0.131854E+01  0.138692E+01  0.162385E+01
  -656.300  0.625263E+00  0.112362E+01  0.124097E+01  0.130657E+01  0.153482E+01
  -656.200  0.583761E+00  0.105134E+01  0.116293E+01  0.122549E+01  0.144408E+01
  -656.100  0.543147E+00  0.979354E+00  0.108482E+01  0.114411E+01  0.135213E+01
  -656.000  0.503564E+00  0.908056E+00  0.100709E+01  0.106292E+01  0.125954E+01
  -655.900  0.465171E+00  0.837871E+00  0.930235E+00  0.982440E+00  0.116697E+01
  -655.800  0.428136E+00  0.769241E+00  0.854764E+00  0.903223E+00  0.107510E+01
  -655.700  0.392638E+00  0.702620E+00  0.781210E+00  0.825844E+00  0.984673E+00
  -655.600  0.358857E+00  0.638457E+00  0.710101E+00  0.750882E+00  0.896435E+00
  -655.500  0.326964E+00  0.577179E+00  0.641948E+00  0.678891E+00  0.811122E+00
  -655.400  0.297120E+00  0.519176E+00  0.577219E+00  0.610390E+00  0.729429E+00
  -655.300  0.269458E+00  0.464786E+00  0.516327E+00  0.545835E+00  0.651985E+00
  -655.200  0.244087E+00  0.414282E+00  0.459611E+00  0.485606E+00  0.579325E+00
  -655.100  0.221079E+00  0.367862E+00  0.407327E+00  0.429993E+00  0.511879E+00
  -655.000  0.200470E+00  0.325645E+00  0.359637E+00  0.379189E+00  0.449953E+00
  -654.900  0.182259E+00  0.287670E+00  0.316614E+00  0.333285E+00  0.393727E+00
  -654.800  0.166408E+00  0.253897E+00  0.278237E+00  0.292275E+00  0.343255E+00
  -654.700  0.152844E+00  0.224216E+00  0.244404E+00  0.256063E+00  0.298474E+00
  -654.600  0.141467E+00  0.198456E+00  0.214939E+00  0.224474E+00  0.259215E+00
  -654.500  0.132150E+00  0.176397E+00  0.189608E+00  0.197264E+00  0.225220E+00
  -654.400  0.124748E+00  0.157779E+00  0.168128E+00  0.174143E+00  0.196159E+00
  -654.300  0.119104E+00  0.142321E+00  0.150189E+00  0.154781E+00  0.171654E+00
  -654.200  0.115053E+00  0.129727E+00  0.135462E+00  0.138832E+00  0.151295E+00
  -654.100  0.112427E+00  0.119703E+00  0.123616E+00  0.125946E+00  0.134659E+00
  -654.000  0.111061E+00  0.111962E+00  0.114329E+00  0.115778E+00  0.121328E+00
  -653.900  0.110797E+00  0.106236E+00  0.107296E+00  0.108004E+00  0.110903E+00
  -653.800  0.111489E+00  0.102281E+00  0.102240E+00  0.102325E+00  0.103014E+00
  -653.700  0.113001E+00  0.998831E-01  0.989144E-01  0.984792E-01  0.973297E-01
  -653.600  0.115216E+00  0.988592E-01  0.971116E-01  0.962407E-01  0.935653E-01
  -653.500  0.118036E+00  0.990631E-01  0.966622E-01  0.954271E-01  0.914848E-01
  -653.400  0.121382E+00  0.100385E+00  0.974386E-01  0.958993E-01  0.909047E-01
  -653.300  0.125203E+00  0.102753E+00  0.993550E-01  0.975630E-01  0.916946E-01
  -653.200  0.129472E+00  0.106134E+00  0.102368E+00  0.100368E+00  0.937769E-01
  -653.100  0.134196E+00  0.110531E+00  0.106477E+00  0.104309E+00  0.971252E-01
  -653.000  0.139415E+00  0.115988E+00  0.111720E+00  0.109423E+00  0.101763E+00
  -652.900  0.145211E+00  0.122587E+00  0.118180E+00  0.115789E+00  0.107759E+00
  -652.800  0.151712E+00  0.130450E+00  0.125976E+00  0.123527E+00  0.115227E+00
  -652.700  0.159098E+00  0.139738E+00  0.135270E+00  0.132796E+00  0.124323E+00
  -652.600  0.167608E+00  0.150657E+00  0.146263E+00  0.143799E+00  0.135239E+00
  -652.500  0.177551E+00  0.163455E+00  0.159199E+00  0.156773E+00  0.148205E+00
  -652.400  0.189306E+00  0.178429E+00  0.174363E+00  0.171999E+00  0.163484E+00
  -652.300  0.203332E+00  0.195921E+00  0.192083E+00  0.189798E+00  0.181371E+00
  -652.200  0.220175E+00  0.216330E+00  0.212732E+00  0.210531E+00  0.202195E+00
  -652.100  0.240467E+00  0.240104E+00  0.236732E+00  0.234605E+00  0.226313E+00
  -652.000  0.264928E+00  0.267747E+00  0.264549E+00  0.262467E+00  0.254118E+00
  -651.900  0.294364E+00  0.299818E+00  0.296698E+00  0.294609E+00  0.286031E+00
  -651.800  0.329660E+00  0.336925E+00  0.333738E+00  0.331566E+00  0.322505E+00
  -651.700  0.371768E+00  0.379726E+00  0.376271E+00  0.373909E+00  0.364023E+00
  -651.600  0.421693E+00  0.428913E+00  0.424931E+00  0.422243E+00  0.411092E+00
  -651.500  0.480472E+00  0.485206E+00  0.480377E+00  0.477195E+00  0.464241E+00
  -651.400  0.549146E+00  0.549333E+00  0.543278E+00  0.539403E+00  0.524010E+00
  -651.300  0.628736E+00  0.622012E+00  0.614294E+00  0.609497E+00  0.590934E+00
  -651.200  0.720200E+00  0.703920E+00  0.694054E+00  0.688079E+00  0.665532E+00
  -651.100  0.824400E+00  0.795673E+00  0.783127E+00  0.775696E+00  0.748281E+00
  -651.000  0.942058E+00  0.897785E+00  0.881995E+00  0.872812E+00  0.839591E+00
  -650.900  0.107371E+01  0.101064E+01  0.991018E+00  0.979778E+00  0.939781E+00
  -650.800  0.121965E+01  0.113444E+01  0.111040E+01  0.109679E+01  0.104904E+01
  -650.700  0.137992E+01  0.126921E+01  0.124016E+01  0.122388E+01  0.116742E+01
  -650.600  0.155419E+01  0.141471E+01  0.138009E+01  0.136085E+01  0.129476E+01
  -650.500  0.174182E+01  0.157045E+01  0.152975E+01  0.150728E+01  0.143072E+01
  -650.400  0.194173E+01  0.173566E+01  0.168842E+01  0.166248E+01  0.157472E+01
  -650.300  0.215244E+01  0.190927E+01  0.185512E+01  0.182551E+01  0.172595E+01
  -650.200  0.237204E+01  0.208993E+01  0.202858E+01  0.199517E+01  0.188336E+01
  -650.100  0.259818E+01  0.227599E+01  0.220728E+01  0.216999E+01  0.204567E+01
  -650.000  0.282815E+01  0.246559E+01  0.238949E+01  0.234828E+01  0.221142E+01
  -649.900  0.305888E+01  0.265661E+01  0.257324E+01  0.252819E+01  0.237896E+01
  -649.800  0.328704E+01  0.284680E+01  0.275644E+01  0.270769E+01  0.254652E+01
  -649.700  0.350909E+01  0.303382E+01  0.293692E+01  0.288470E+01  0.271227E+01
  -649.600  0.372147E+01  0.321528E+01  0.311247E+01  0.305708E+01  0.287434E+01
  -649.500  0.392060E+01  0.338885E+01  0.328090E+01  0.322275E+01  0.303089E+01
  -649.400  0.410312E+01  0.355226E+01  0.344014E+01  0.337971E+01  0.318015E+01
  -649.300  0.426591E+01  0.370345E+01  0.358825E+01  0.352608E+01  0.332049E+01
  -649.200  0.440625E+01  0.384053E+01  0.372348E+01  0.366019E+01  0.345039E+01
  -649.100  0.452191E+01  0.396187E+01  0.384428E+01  0.378055E+01  0.356852E+01
  -649.000  0.461116E+01  0.406611E+01  0.394937E+01  0.388587E+01  0.367371E+01
  -648.900  0.467287E+01  0.415215E+01  0.403766E+01  0.397512E+01  0.376497E+01
  -648.800  0.470651E+01  0.421916E+01  0.410833E+01  0.404745E+01  0.384147E+01
  -648.700  0.471211E+01  0.426659E+01  0.416076E+01  0.410224E+01  0.390252E+01
  -648.600  0.469021E+01  0.429411E+01  0.419455E+01  0.413903E+01  0.394759E+01
  -648.500  0.464185E+01  0.430163E+01  0.420947E+01  0.415756E+01  0.397628E+01
  -648.400  0.456849E+01  0.428926E+01  0.420551E+01  0.415772E+01  0.398829E+01
  -648.300  0.447190E+01  0.425731E+01  0.418278E+01  0.413957E+01  0.398347E+01
  -648.200  0.435411E+01  0.420627E+01  0.414160E+01  0.410333E+01  0.396182E+01
  -648.100  0.421733E+01  0.413681E+01  0.408245E+01  0.404937E+01  0.392345E+01
  -648.000  0.406391E+01  0.404978E+01  0.400596E+01  0.397827E+01  0.386866E+01
  -647.900  0.389625E+01  0.394619E+01  0.391298E+01  0.389074E+01  0.379794E+01
  -647.800  0.371677E+01  0.382725E+01  0.380452E+01  0.378773E+01  0.371196E+01
  -647.700  0.352785E+01  0.369431E+01  0.368178E+01  0.367034E+01  0.361158E+01
  -647.600  0.333184E+01  0.354891E+01  0.354614E+01  0.353988E+01  0.349786E+01
  -647.500  0.313101E+01  0.339269E+01  0.339912E+01  0.339781E+01  0.337207E+01
  -647.400  0.292752E+01  0.322744E+01  0.324239E+01  0.324574E+01  0.323559E+01
  -647.300  0.272342E+01  0.305501E+01  0.307772E+01  0.308538E+01  0.308997E+01
  -647.200  0.252062E+01  0.287730E+01  0.290694E+01  0.291852E+01  0.293683E+01
  -647.100  0.232088E+01  0.269620E+01  0.273191E+01  0.274699E+01  0.277787E+01
  -647.000  0.212581E+01  0.251358E+01  0.255446E+01  0.257259E+01  0.261476E+01
  -646.900  0.193682E+01  0.233124E+01  0.237637E+01  0.239709E+01  0.244917E+01
  -646.800  0.175517E+01  0.215084E+01  0.219931E+01  0.222215E+01  0.228269E+01
  -646.700  0.158188E+01  0.197392E+01  0.202483E+01  0.204932E+01  0.211683E+01
  -646.600  0.141782E+01  0.180186E+01  0.185433E+01  0.188001E+01  0.195297E+01
  -646.500  0.126365E+01  0.163585E+01  0.168906E+01  0.171547E+01  0.179237E+01
  -646.400  0.111982E+01  0.147691E+01  0.153008E+01  0.155678E+01  0.163616E+01
  -646.300  0.986626E+00  0.132587E+01  0.137828E+01  0.140488E+01  0.148531E+01
  -646.200  0.864188E+00  0.118339E+01  0.123438E+01  0.126051E+01  0.134067E+01
  -646.100  0.752471E+00  0.104993E+01  0.109895E+01  0.112427E+01  0.120296E+01
  -646.000  0.651304E+00  0.925829E+00  0.972396E+00  0.996619E+00  0.107276E+01
  -645.900  0.560401E+00  0.811257E+00  0.854975E+00  0.877866E+00  0.950537E+00
  -645.800  0.479380E+00  0.706257E+00  0.746824E+00  0.768193E+00  0.836639E+00
  -645.700  0.407780E+00  0.610750E+00  0.647957E+00  0.667664E+00  0.731297E+00
  -645.600  0.345081E+00  0.524553E+00  0.558276E+00  0.576229E+00  0.634632E+00
  -645.500  0.290722E+00  0.447388E+00  0.477584E+00  0.493739E+00  0.546657E+00
  -645.400  0.244116E+00  0.378898E+00  0.405597E+00  0.419951E+00  0.467279E+00
  -645.300  0.204669E+00  0.318659E+00  0.341953E+00  0.354538E+00  0.396307E+00
  -645.200  0.171786E+00  0.266191E+00  0.286223E+00  0.297103E+00  0.333461E+00
  -645.100  0.144892E+00  0.220977E+00  0.237928E+00  0.247191E+00  0.278376E+00
  -645.000  0.123432E+00  0.182472E+00  0.196551E+00  0.204302E+00  0.230622E+00
  -644.900  0.106886E+00  0.150122E+00  0.161550E+00  0.167903E+00  0.189712E+00
  -644.800  0.947751E-01  0.123373E+00  0.132375E+00  0.137449E+00  0.155125E+00
  -644.700  0.866628E-01  0.101690E+00  0.108483E+00  0.112394E+00  0.126318E+00
  -644.600  0.821622E-01  0.845613E-01  0.893489E-01  0.922066E-01  0.102745E+00
  -644.500  0.809366E-01  0.715177E-01  0.744793E-01  0.763834E-01  0.838711E-01
  -644.400  0.826999E-01  0.621339E-01  0.634228E-01  0.644585E-01  0.691909E-01
  -644.300  0.872157E-01  0.560373E-01  0.557761E-01  0.560129E-01  0.582355E-01
  -644.200  0.942945E-01  0.529101E-01  0.511897E-01  0.506800E-01  0.505839E-01
  -644.100  0.103790E+00  0.524902E-01  0.493692E-01  0.481480E-01  0.458675E-01
  -644.000  0.115592E+00  0.545687E-01  0.500749E-01  0.481603E-01  0.437730E-01
  -643.900  0.129623E+00  0.589858E-01  0.531184E-01  0.505125E-01  0.440423E-01
  -643.800  0.145830E+00  0.656246E-01  0.583574E-01  0.550480E-01  0.464694E-01
  -643.700  0.164172E+00  0.744038E-01  0.656894E-01  0.616520E-01  0.508962E-01
  -643.600  0.184621E+00  0.852694E-01  0.750436E-01  0.702438E-01  0.572063E-01
  -643.500  0.207146E+00  0.981860E-01  0.863731E-01  0.807696E-01  0.653183E-01
  -643.400  0.231713E+00  0.113129E+00  0.996473E-01  0.931941E-01  0.751787E-01
  -643.300  0.258277E+00  0.130078E+00  0.114844E+00  0.107494E+00  0.867548E-01
  -643.200  0.286781E+00  0.149007E+00  0.131943E+00  0.123650E+00  0.100028E+00
  -643.100  0.317153E+00  0.169885E+00  0.150920E+00  0.141643E+00  0.114988E+00
  -643.000  0.349308E+00  0.192666E+00  0.171744E+00  0.161446E+00  0.131625E+00
  -642.900  0.383147E+00  0.217288E+00  0.194369E+00  0.183023E+00  0.149926E+00
  -642.800  0.418564E+00  0.243673E+00  0.218733E+00  0.206322E+00  0.169869E+00
  -642.700  0.455444E+00  0.271721E+00  0.244757E+00  0.231274E+00  0.191416E+00
  -642.600  0.493665E+00  0.301307E+00  0.272336E+00  0.257783E+00  0.214508E+00
  -642.500  0.533099E+00  0.332286E+00  0.301341E+00  0.285733E+00  0.239060E+00
  -642.400  0.573607E+00  0.364481E+00  0.331612E+00  0.314972E+00  0.264955E+00
  -642.300  0.615039E+00  0.397691E+00  0.362960E+00  0.345319E+00  0.292041E+00
  -642.200  0.657226E+00  0.431684E+00  0.395165E+00  0.376560E+00  0.320130E+00
  -642.100  0.699981E+00  0.466204E+00  0.427976E+00  0.408450E+00  0.348995E+00
  -642.000  0.743098E+00  0.500977E+00  0.461121E+00  0.440719E+00  0.378380E+00
  -641.900  0.786354E+00  0.535720E+00  0.494316E+00  0.473083E+00  0.408009E+00
  -641.800  0.829525E+00  0.570158E+00  0.527281E+00  0.505262E+00  0.437599E+00
  -641.700  0.872405E+00  0.604044E+00  0.559761E+00  0.536996E+00  0.466884E+00
  -641.600  0.914832E+00  0.637189E+00  0.591554E+00  0.568075E+00  0.495637E+00
  -641.500  0.956722E+00  0.669486E+00  0.622535E+00  0.598369E+00  0.523699E+00
  -641.400  0.998108E+00  0.700940E+00  0.652688E+00  0.627847E+00  0.551006E+00
  -641.300  0.103917E+01  0.731694E+00  0.682130E+00  0.656612E+00  0.577614E+00
  -641.200  0.108029E+01  0.762049E+00  0.711126E+00  0.684913E+00  0.603713E+00
  -641.100  0.112200E+01  0.792465E+00  0.740101E+00  0.713152E+00  0.629641E+00
  -641.000  0.116508E+01  0.823555E+00  0.769625E+00  0.741877E+00  0.655873E+00
  -640.900  0.121045E+01  0.856062E+00  0.800395E+00  0.771762E+00  0.683002E+00
  -640.800  0.125913E+01  0.890810E+00  0.833191E+00  0.803561E+00  0.711707E+00
  -640.700  0.131222E+01  0.928648E+00  0.868817E+00  0.838057E+00  0.742699E+00
  -640.600  0.137071E+01  0.970373E+00  0.908036E+00  0.875993E+00  0.776661E+00
  -640.500  0.143546E+01  0.101665E+01  0.951487E+00  0.917995E+00  0.814184E+00
  -640.400  0.150701E+01  0.106792E+01  0.999609E+00  0.964502E+00  0.855692E+00
  -640.300  0.158551E+01  0.112435E+01  0.105257E+01  0.101569E+01  0.901386E+00
  -640.200  0.167061E+01  0.118573E+01  0.111022E+01  0.107142E+01  0.951191E+00
  -640.100  0.176139E+01  0.125150E+01  0.117204E+01  0.113121E+01  0.100472E+01
  -640.000  0.185638E+01  0.132066E+01  0.123713E+01  0.119422E+01  0.106128E+01
  -639.900  0.195355E+01  0.139188E+01  0.130427E+01  0.125927E+01  0.111987E+01
  -639.800  0.205038E+01  0.146349E+01  0.137193E+01  0.132489E+01  0.117924E+01
  -639.700  0.214403E+01  0.153358E+01  0.143833E+01  0.138940E+01  0.123791E+01
  -639.600  0.223142E+01  0.160013E+01  0.150161E+01  0.145101E+01  0.129434E+01
  -639.500  0.230947E+01  0.166109E+01  0.155987E+01  0.150788E+01  0.134690E+01
  -639.400  0.237526E+01  0.171451E+01  0.161130E+01  0.155828E+01  0.139408E+01
  -639.300  0.242620E+01  0.175866E+01  0.165429E+01  0.160066E+01  0.143450E+01
  -639.200  0.246020E+01  0.179214E+01  0.168751E+01  0.163372E+01  0.146697E+01
  -639.100  0.247578E+01  0.181389E+01  0.170996E+01  0.165650E+01  0.149064E+01
  -639.000  0.247213E+01  0.182330E+01  0.172104E+01  0.166840E+01  0.150491E+01
  -638.900  0.244915E+01  0.182015E+01  0.172053E+01  0.166920E+01  0.150952E+01
  -638.800  0.240741E+01  0.180466E+01  0.170857E+01  0.165899E+01  0.150450E+01
  -638.700  0.234809E+01  0.177736E+01  0.168563E+01  0.163822E+01  0.149015E+01
  -638.600  0.227284E+01  0.173911E+01  0.165244E+01  0.160755E+01  0.146697E+01
  -638.500  0.218373E+01  0.169095E+01  0.160992E+01  0.156785E+01  0.143564E+01
  -638.400  0.208304E+01  0.163409E+01  0.155913E+01  0.152010E+01  0.139694E+01
  -638.300  0.197314E+01  0.156979E+01  0.150118E+01  0.146534E+01  0.135170E+01
  -638.200  0.185643E+01  0.149930E+01  0.143720E+01  0.140462E+01  0.130077E+01
  -638.100  0.173517E+01  0.142386E+01  0.136828E+01  0.133898E+01  0.124498E+01
  -638.000  0.161146E+01  0.134461E+01  0.129545E+01  0.126938E+01  0.118513E+01
  -637.900  0.148719E+01  0.126263E+01  0.121967E+01  0.119673E+01  0.112198E+01
  -637.800  0.136397E+01  0.117891E+01  0.114184E+01  0.112190E+01  0.105626E+01
  -637.700  0.124321E+01  0.109433E+01  0.106279E+01  0.104567E+01  0.988658E+00
  -637.600  0.112607E+01  0.100974E+01  0.983294E+00  0.968790E+00  0.919844E+00
  -637.500  0.101348E+01  0.925892E+00  0.904098E+00  0.891989E+00  0.850482E+00
  -637.400  0.906223E+00  0.843521E+00  0.825898E+00  0.815953E+00  0.781224E+00
  -637.300  0.804890E+00  0.763299E+00  0.749365E+00  0.741348E+00  0.712718E+00
  -637.200  0.709939E+00  0.685854E+00  0.675132E+00  0.668810E+00  0.645597E+00
  -637.100  0.621701E+00  0.611760E+00  0.603792E+00  0.598935E+00  0.580469E+00
  -637.000  0.540387E+00  0.541530E+00  0.535879E+00  0.532270E+00  0.517905E+00
  -636.900  0.466098E+00  0.475599E+00  0.471861E+00  0.469296E+00  0.458419E+00
  -636.800  0.398832E+00  0.414318E+00  0.412122E+00  0.410413E+00  0.402453E+00
  -636.700  0.338484E+00  0.357937E+00  0.356954E+00  0.355930E+00  0.350365E+00
  -636.600  0.284859E+00  0.306607E+00  0.306545E+00  0.306057E+00  0.302416E+00
  -636.500  0.237673E+00  0.260370E+00  0.260980E+00  0.260896E+00  0.258764E+00
  -636.400  0.196571E+00  0.219172E+00  0.220243E+00  0.220451E+00  0.219468E+00
  -636.300  0.161136E+00  0.182861E+00  0.184222E+00  0.184629E+00  0.184489E+00
  -636.200  0.130904E+00  0.151208E+00  0.152720E+00  0.153251E+00  0.153702E+00
  -636.100  0.105383E+00  0.123917E+00  0.125475E+00  0.126070E+00  0.126906E+00
  -636.000  0.840677E-01  0.100643E+00  0.102168E+00  0.102782E+00  0.103843E+00
  -635.900  0.664539E-01  0.810097E-01  0.824476E-01  0.830477E-01  0.842102E-01
  -635.800  0.520534E-01  0.646253E-01  0.659408E-01  0.665043E-01  0.676793E-01
  -635.700  0.404043E-01  0.510972E-01  0.522710E-01  0.527838E-01  0.539093E-01
  -635.600  0.310798E-01  0.400444E-01  0.410691E-01  0.415240E-01  0.425603E-01
  -635.500  0.236934E-01  0.311069E-01  0.319845E-01  0.323790E-01  0.333040E-01
  -635.400  0.179022E-01  0.239534E-01  0.246919E-01  0.250273E-01  0.258317E-01
  -635.300  0.134076E-01  0.182849E-01  0.188963E-01  0.191764E-01  0.198604E-01
  -635.200  0.995387E-02  0.138372E-01  0.143357E-01  0.145659E-01  0.151360E-01
  -635.100  0.732594E-02  0.103812E-01  0.107819E-01  0.109680E-01  0.114348E-01
  -635.000  0.534557E-02  0.772140E-02  0.803898E-02  0.818728E-02  0.856309E-02
  -634.900  0.386730E-02  0.569365E-02  0.594202E-02  0.605854E-02  0.635639E-02
  -634.800  0.277410E-02  0.416217E-02  0.435390E-02  0.444421E-02  0.467678E-02
  -634.700  0.197309E-02  0.301622E-02  0.316235E-02  0.323143E-02  0.341045E-02
  -634.600  0.139148E-02  0.216665E-02  0.227664E-02  0.232881E-02  0.246471E-02
  -634.500  0.972989E-03  0.154262E-02  0.162439E-02  0.166328E-02  0.176508E-02
  -634.400  0.674549E-03  0.108848E-02  0.114854E-02  0.117717E-02  0.125243E-02
  -634.300  0.463621E-03  0.761060E-03  0.804636E-03  0.825455E-03  0.880373E-03
  -634.200  0.315873E-03  0.527213E-03  0.558450E-03  0.573403E-03  0.612971E-03
  -634.100  0.213310E-03  0.361784E-03  0.383907E-03  0.394516E-03  0.422666E-03
  -634.000  0.142756E-03  0.245884E-03  0.261365E-03  0.268800E-03  0.288577E-03
  -633.900  0.946656E-04  0.165481E-03  0.176183E-03  0.181331E-03  0.195052E-03
  -633.800  0.621912E-04  0.110260E-03  0.117569E-03  0.121089E-03  0.130490E-03
  -633.700  0.404690E-04  0.727192E-04  0.776509E-04  0.800286E-04  0.863901E-04
  -633.600  0.260787E-04  0.474631E-04  0.507502E-04  0.523366E-04  0.565877E-04
  -633.500  0.166391E-04  0.306515E-04  0.328157E-04  0.338611E-04  0.366665E-04
  -633.400  0.000000E+00  0.195817E-04  0.209890E-04  0.216694E-04  0.234976E-04
  -633.300  0.000000E+00  0.000000E+00  0.000000E+00  0.000000E+00  0.148904E-04
  -633.200  0.000000E+00  0.000000E+00  0.000000E+00  0.000000E+00  0.000000E+00
  -633.100  0.000000E+00  0.000000E+00  0.000000E+00  0.000000E+00  0.000000E+00
  -633.000  0.000000E+00  0.000000E+00  0.000000E+00  0.000000E+00  0.000000E+00
  -632.900  0.000000E+00  0.000000E+00  0.000000E+00  0.000000E+00  0.000000E+00
  -632.800  0.000000E+00  0.000000E+00  0.000000E+00  0.000000E+00  0.000000E+00
  -632.700  0.000000E+00  0.000000E+00  0.000000E+00  0.000000E+00  0.000000E+00
  -632.600  0.000000E+00  0.000000E+00  0.000000E+00  0.000000E+00  0.000000E+00
  -632.500  0.000000E+00  0.000000E+00  0.000000E+00  0.000000E+00  0.000000E+00
  -632.400  0.000000E+00  0.000000E+00  0.000000E+00  0.000000E+00  0.000000E+00
  -632.300  0.000000E+00  0.000000E+00  0.000000E+00  0.000000E+00  0.000000E+00
  -632.200  0.000000E+00  0.000000E+00  0.000000E+00  0.000000E+00  0.000000E+00
  -632.100  0.000000E+00  0.000000E+00  0.000000E+00  0.000000E+00  0.000000E+00
  -632.000  0.000000E+00  0.000000E+00  0.000000E+00  0.000000E+00  0.000000E+00
  -631.900  0.000000E+00  0.000000E+00  0.000000E+00  0.000000E+00  0.000000E+00
  -631.800  0.000000E+00  0.000000E+00  0.000000E+00  0.000000E+00  0.000000E+00
  -631.700  0.000000E+00  0.000000E+00  0.000000E+00  0.000000E+00  0.000000E+00
  -631.600  0.000000E+00  0.000000E+00  0.000000E+00  0.000000E+00  0.000000E+00
  -631.500  0.000000E+00  0.000000E+00  0.000000E+00  0.000000E+00  0.000000E+00
  -631.400  0.000000E+00  0.000000E+00  0.000000E+00  0.000000E+00  0.000000E+00
  -631.300  0.000000E+00  0.000000E+00  0.000000E+00  0.000000E+00  0.000000E+00
  -631.200  0.000000E+00  0.000000E+00  0.000000E+00  0.000000E+00  0.000000E+00
  -631.100  0.000000E+00  0.000000E+00  0.000000E+00  0.000000E+00  0.000000E+00
  -631.000  0.000000E+00  0.000000E+00  0.000000E+00  0.000000E+00  0.000000E+00
  -630.900  0.000000E+00  0.000000E+00  0.000000E+00  0.000000E+00  0.000000E+00
  -630.800  0.000000E+00  0.000000E+00  0.000000E+00  0.000000E+00  0.000000E+00
  -630.700  0.000000E+00  0.000000E+00  0.000000E+00  0.000000E+00  0.000000E+00
  -630.600  0.000000E+00  0.000000E+00  0.000000E+00  0.000000E+00  0.000000E+00
  -630.500  0.000000E+00  0.000000E+00  0.000000E+00  0.000000E+00  0.000000E+00
  -630.400  0.000000E+00  0.000000E+00  0.000000E+00  0.000000E+00  0.000000E+00
  -630.300  0.000000E+00  0.000000E+00  0.000000E+00  0.000000E+00  0.000000E+00
  -630.200  0.000000E+00  0.000000E+00  0.000000E+00  0.000000E+00  0.000000E+00
  -630.100  0.000000E+00  0.000000E+00  0.000000E+00  0.000000E+00  0.000000E+00
  -630.000  0.000000E+00  0.000000E+00  0.000000E+00  0.000000E+00  0.000000E+00
  -629.900  0.000000E+00  0.000000E+00  0.000000E+00  0.000000E+00  0.000000E+00
  -629.800  0.000000E+00  0.000000E+00  0.000000E+00  0.000000E+00  0.000000E+00
  -629.700  0.000000E+00  0.000000E+00  0.000000E+00  0.000000E+00  0.000000E+00
  -629.600  0.000000E+00  0.000000E+00  0.000000E+00  0.000000E+00  0.000000E+00
  -629.500  0.000000E+00  0.000000E+00  0.000000E+00  0.000000E+00  0.000000E+00
  -629.400  0.000000E+00  0.000000E+00  0.000000E+00  0.000000E+00  0.000000E+00
  -629.300  0.000000E+00  0.000000E+00  0.000000E+00  0.000000E+00  0.000000E+00
  -629.200  0.000000E+00  0.000000E+00  0.000000E+00  0.000000E+00  0.000000E+00
  -629.100  0.000000E+00  0.000000E+00  0.000000E+00  0.000000E+00  0.000000E+00
  -629.000  0.000000E+00  0.000000E+00  0.000000E+00  0.000000E+00  0.000000E+00
  -628.900  0.000000E+00  0.000000E+00  0.000000E+00  0.000000E+00  0.000000E+00
  -628.800  0.000000E+00  0.000000E+00  0.000000E+00  0.000000E+00  0.000000E+00
  -628.700  0.000000E+00  0.000000E+00  0.000000E+00  0.000000E+00  0.000000E+00
  -628.600  0.000000E+00  0.000000E+00  0.000000E+00  0.000000E+00  0.000000E+00
  -628.500  0.000000E+00  0.000000E+00  0.000000E+00  0.000000E+00  0.000000E+00
  -628.400  0.000000E+00  0.000000E+00  0.000000E+00  0.000000E+00  0.000000E+00
  -628.300  0.000000E+00  0.000000E+00  0.000000E+00  0.000000E+00  0.000000E+00
  -628.200  0.000000E+00  0.000000E+00  0.000000E+00  0.000000E+00  0.000000E+00
  -628.100  0.000000E+00  0.000000E+00  0.000000E+00  0.000000E+00  0.000000E+00
  -628.000  0.000000E+00  0.000000E+00  0.000000E+00  0.000000E+00  0.000000E+00
  -627.900  0.000000E+00  0.000000E+00  0.000000E+00  0.000000E+00  0.000000E+00
  -627.800  0.000000E+00  0.000000E+00  0.000000E+00  0.000000E+00  0.000000E+00
  -627.700  0.000000E+00  0.000000E+00  0.000000E+00  0.000000E+00  0.000000E+00
  -627.600  0.000000E+00  0.000000E+00  0.000000E+00  0.000000E+00  0.000000E+00
  -627.500  0.000000E+00  0.000000E+00  0.000000E+00  0.000000E+00  0.000000E+00
  -627.400  0.000000E+00  0.000000E+00  0.000000E+00  0.000000E+00  0.000000E+00
  -627.300  0.000000E+00  0.000000E+00  0.000000E+00  0.000000E+00  0.000000E+00
  -627.200  0.000000E+00  0.000000E+00  0.000000E+00  0.000000E+00  0.000000E+00
  -627.100  0.000000E+00  0.000000E+00  0.000000E+00  0.000000E+00  0.000000E+00
  -627.000  0.000000E+00  0.000000E+00  0.000000E+00  0.000000E+00  0.000000E+00
  -626.900  0.000000E+00  0.000000E+00  0.000000E+00  0.000000E+00  0.000000E+00
  -626.800  0.000000E+00  0.000000E+00  0.000000E+00  0.000000E+00  0.000000E+00
  -626.700  0.000000E+00  0.000000E+00  0.000000E+00  0.000000E+00  0.000000E+00
  -626.600  0.000000E+00  0.000000E+00  0.000000E+00  0.000000E+00  0.000000E+00
  -626.500  0.000000E+00  0.000000E+00  0.000000E+00  0.000000E+00  0.000000E+00
  -626.400  0.000000E+00  0.000000E+00  0.000000E+00  0.000000E+00  0.000000E+00
  -626.300  0.000000E+00  0.000000E+00  0.000000E+00  0.000000E+00  0.000000E+00
  -626.200  0.000000E+00  0.000000E+00  0.000000E+00  0.000000E+00  0.000000E+00
  -626.100  0.000000E+00  0.000000E+00  0.000000E+00  0.000000E+00  0.000000E+00
  -626.000  0.000000E+00  0.000000E+00  0.000000E+00  0.000000E+00  0.000000E+00
  -625.900  0.000000E+00  0.000000E+00  0.000000E+00  0.000000E+00  0.000000E+00
  -625.800  0.000000E+00  0.000000E+00  0.000000E+00  0.000000E+00  0.000000E+00
  -625.700  0.000000E+00  0.000000E+00  0.000000E+00  0.000000E+00  0.000000E+00
  -625.600  0.000000E+00  0.000000E+00  0.000000E+00  0.000000E+00  0.000000E+00
  -625.500  0.000000E+00  0.000000E+00  0.000000E+00  0.000000E+00  0.000000E+00
  -625.400  0.000000E+00  0.000000E+00  0.000000E+00  0.000000E+00  0.000000E+00
  -625.300  0.000000E+00  0.000000E+00  0.000000E+00  0.000000E+00  0.000000E+00
  -625.200  0.000000E+00  0.000000E+00  0.000000E+00  0.000000E+00  0.000000E+00
  -625.100  0.000000E+00  0.000000E+00  0.000000E+00  0.000000E+00  0.000000E+00
  -625.000  0.000000E+00  0.000000E+00  0.000000E+00  0.000000E+00  0.000000E+00
  -624.900  0.000000E+00  0.000000E+00  0.000000E+00  0.000000E+00  0.000000E+00
  -624.800  0.000000E+00  0.000000E+00  0.000000E+00  0.000000E+00  0.000000E+00
  -624.700  0.000000E+00  0.000000E+00  0.000000E+00  0.000000E+00  0.000000E+00
  -624.600  0.000000E+00  0.000000E+00  0.000000E+00  0.000000E+00  0.000000E+00
  -624.500  0.000000E+00  0.000000E+00  0.000000E+00  0.000000E+00  0.000000E+00
  -624.400  0.000000E+00  0.000000E+00  0.000000E+00  0.000000E+00  0.000000E+00
  -624.300  0.000000E+00  0.000000E+00  0.000000E+00  0.000000E+00  0.000000E+00
  -624.200  0.000000E+00  0.000000E+00  0.000000E+00  0.000000E+00  0.000000E+00
  -624.100  0.000000E+00  0.000000E+00  0.000000E+00  0.000000E+00  0.000000E+00
  -624.000  0.000000E+00  0.000000E+00  0.000000E+00  0.000000E+00  0.000000E+00
  -623.900  0.000000E+00  0.000000E+00  0.000000E+00  0.000000E+00  0.000000E+00
  -623.800  0.000000E+00  0.000000E+00  0.000000E+00  0.000000E+00  0.000000E+00
  -623.700  0.000000E+00  0.000000E+00  0.000000E+00  0.000000E+00  0.000000E+00
  -623.600  0.000000E+00  0.000000E+00  0.000000E+00  0.000000E+00  0.000000E+00
  -623.500  0.000000E+00  0.000000E+00  0.000000E+00  0.000000E+00  0.000000E+00
  -623.400  0.000000E+00  0.000000E+00  0.000000E+00  0.000000E+00  0.000000E+00
  -623.300  0.000000E+00  0.000000E+00  0.000000E+00  0.000000E+00  0.000000E+00
  -623.200  0.000000E+00  0.000000E+00  0.000000E+00  0.000000E+00  0.000000E+00
  -623.100  0.000000E+00  0.000000E+00  0.000000E+00  0.000000E+00  0.000000E+00
  -623.000  0.000000E+00  0.000000E+00  0.000000E+00  0.000000E+00  0.000000E+00
  -622.900  0.000000E+00  0.000000E+00  0.000000E+00  0.000000E+00  0.000000E+00
  -622.800  0.000000E+00  0.000000E+00  0.000000E+00  0.000000E+00  0.000000E+00
  -622.700  0.000000E+00  0.000000E+00  0.000000E+00  0.000000E+00  0.000000E+00
  -622.600  0.000000E+00  0.000000E+00  0.000000E+00  0.000000E+00  0.000000E+00
  -622.500  0.000000E+00  0.000000E+00  0.000000E+00  0.000000E+00  0.000000E+00
  -622.400  0.000000E+00  0.000000E+00  0.000000E+00  0.000000E+00  0.000000E+00
  -622.300  0.000000E+00  0.000000E+00  0.000000E+00  0.000000E+00  0.000000E+00
  -622.200  0.000000E+00  0.000000E+00  0.000000E+00  0.000000E+00  0.000000E+00
  -622.100  0.000000E+00  0.000000E+00  0.000000E+00  0.000000E+00  0.000000E+00
  -622.000  0.000000E+00  0.000000E+00  0.000000E+00  0.000000E+00  0.000000E+00
  -621.900  0.000000E+00  0.000000E+00  0.000000E+00  0.000000E+00  0.000000E+00
  -621.800  0.000000E+00  0.000000E+00  0.000000E+00  0.000000E+00  0.000000E+00
  -621.700  0.000000E+00  0.000000E+00  0.000000E+00  0.000000E+00  0.000000E+00
  -621.600  0.000000E+00  0.000000E+00  0.000000E+00  0.000000E+00  0.000000E+00
  -621.500  0.000000E+00  0.000000E+00  0.000000E+00  0.000000E+00  0.000000E+00
  -621.400  0.000000E+00  0.000000E+00  0.000000E+00  0.000000E+00  0.000000E+00
  -621.300  0.000000E+00  0.000000E+00  0.000000E+00  0.000000E+00  0.000000E+00
  -621.200  0.000000E+00  0.000000E+00  0.000000E+00  0.000000E+00  0.000000E+00
  -621.100  0.000000E+00  0.000000E+00  0.000000E+00  0.000000E+00  0.000000E+00
  -621.000  0.000000E+00  0.000000E+00  0.000000E+00  0.000000E+00  0.000000E+00
  -620.900  0.000000E+00  0.000000E+00  0.000000E+00  0.000000E+00  0.000000E+00
  -620.800  0.000000E+00  0.000000E+00  0.000000E+00  0.000000E+00  0.000000E+00
  -620.700  0.000000E+00  0.000000E+00  0.000000E+00  0.000000E+00  0.000000E+00
  -620.600  0.000000E+00  0.000000E+00  0.000000E+00  0.000000E+00  0.000000E+00
  -620.500  0.000000E+00  0.000000E+00  0.000000E+00  0.000000E+00  0.000000E+00
  -620.400  0.000000E+00  0.000000E+00  0.000000E+00  0.000000E+00  0.000000E+00
  -620.300  0.000000E+00  0.000000E+00  0.000000E+00  0.000000E+00  0.000000E+00
  -620.200  0.000000E+00  0.000000E+00  0.000000E+00  0.000000E+00  0.000000E+00
  -620.100  0.000000E+00  0.000000E+00  0.000000E+00  0.000000E+00  0.000000E+00
  -620.000  0.000000E+00  0.000000E+00  0.000000E+00  0.000000E+00  0.000000E+00
