Structure,Energy,Nucleus,delta_iso
01,-67062.371487,Sn01,657.537821953
01,-67062.371487,Sn02,657.538435654
01,-67062.371487,Sn03,657.538472789
01,-67062.371487,Sn04,657.538167064
01,-67062.371487,Sn05,662.229673868
01,-67062.371487,Sn06,652.110807651
01,-67062.371487,Sn07,652.11028725
01,-67062.371487,Sn08,662.229443514
02,-67062.339352,Sn01,660.889640653
02,-67062.339352,Sn02,657.530138316
02,-67062.339352,Sn03,657.292521717
02,-67062.339352,Sn04,659.342581496
02,-67062.339352,Sn05,660.889942964
02,-67062.339352,Sn06,659.342475297
02,-67062.339352,Sn07,657.530103029
02,-67062.339352,Sn08,653.851546092
03,-67062.386551,Sn01,656.879994368
03,-67062.386551,Sn02,658.477645234
03,-67062.386551,Sn03,656.215484635
03,-67062.386551,Sn04,658.408961909
03,-67062.386551,Sn05,659.376029635
03,-67062.386551,Sn06,654.700059721
03,-67062.386551,Sn07,652.339855302
03,-67062.386551,Sn08,652.057077117
04,-67062.368756,Sn01,658.559580365
04,-67062.368756,Sn02,657.489639942
04,-67062.368756,Sn03,659.47834086
04,-67062.368756,Sn04,656.453166229
04,-67062.368756,Sn05,658.636707075
04,-67062.368756,Sn06,652.208397812
04,-67062.368756,Sn07,654.088625164
04,-67062.368756,Sn08,660.530724728
05,-67062.398668,Sn01,658.640344624
05,-67062.398668,Sn02,657.957862688
05,-67062.398668,Sn03,652.067037466
05,-67062.398668,Sn04,655.82462033
05,-67062.398668,Sn05,659.233725826
05,-67062.398668,Sn06,652.122757777
05,-67062.398668,Sn07,652.066485975
05,-67062.398668,Sn08,660.754371921
06,-67062.392248,Sn01,657.241372886
06,-67062.392248,Sn02,661.037842685
06,-67062.392248,Sn03,658.655007401
06,-67062.392248,Sn04,657.304311783
06,-67062.392248,Sn05,658.760275193
06,-67062.392248,Sn06,659.180533389
06,-67062.392248,Sn07,651.787063597
06,-67062.392248,Sn08,659.368670366
07,-67062.359568,Sn01,656.330342313
07,-67062.359568,Sn02,661.094931767
07,-67062.359568,Sn03,658.496628131
07,-67062.359568,Sn04,658.49649257
07,-67062.359568,Sn05,651.406636937
07,-67062.359568,Sn06,660.114618152
07,-67062.359568,Sn07,660.115067996
07,-67062.359568,Sn08,651.406905691
08,-67062.337680,Sn01,657.980288376
08,-67062.337680,Sn02,660.909829923
08,-67062.337680,Sn03,659.480511632
08,-67062.337680,Sn04,657.834382381
08,-67062.337680,Sn05,659.323736896
08,-67062.337680,Sn06,659.984724765
08,-67062.337680,Sn07,659.917446767
08,-67062.337680,Sn08,653.800474987
09,-67062.356714,Sn01,658.547226354
09,-67062.356714,Sn02,661.406663362
09,-67062.356714,Sn03,658.407911583
09,-67062.356714,Sn04,655.943503715
09,-67062.356714,Sn05,661.101683289
09,-67062.356714,Sn06,654.057894053
09,-67062.356714,Sn07,658.495883281
09,-67062.356714,Sn08,652.003032562
10,-67062.369306,Sn01,658.029922063
10,-67062.369306,Sn02,661.335636325
10,-67062.369306,Sn03,652.617237635
10,-67062.369306,Sn04,655.57034527
10,-67062.369306,Sn05,661.615341496
10,-67062.369306,Sn06,660.593553437
10,-67062.369306,Sn07,658.012163434
10,-67062.369306,Sn08,652.359691203
11,-67062.375923,Sn01,655.7284234
11,-67062.375923,Sn02,654.816145017
11,-67062.375923,Sn03,659.100418666
11,-67062.375923,Sn04,657.186842295
11,-67062.375923,Sn05,652.072839874
11,-67062.375923,Sn06,659.747196136
11,-67062.375923,Sn07,657.519693925
11,-67062.375923,Sn08,652.588194906
12,-67062.374003,Sn01,658.534182576
12,-67062.374003,Sn02,661.6381206
12,-67062.374003,Sn03,658.375062608
12,-67062.374003,Sn04,659.140584743
12,-67062.374003,Sn05,658.104252074
12,-67062.374003,Sn06,660.301016805
12,-67062.374003,Sn07,660.621962441
12,-67062.374003,Sn08,658.703320806
13,-67062.320889,Sn01,660.461622783
13,-67062.320889,Sn02,660.367903927
13,-67062.320889,Sn03,659.358404887
13,-67062.320889,Sn04,659.35847811
13,-67062.320889,Sn05,659.60513594
13,-67062.320889,Sn06,659.562588291
13,-67062.320889,Sn07,659.562708107
13,-67062.320889,Sn08,659.605481413
14,-67062.349671,Sn01,660.091990783
14,-67062.349671,Sn02,661.440424369
14,-67062.349671,Sn03,657.72050049
14,-67062.349671,Sn04,653.770621084
14,-67062.349671,Sn05,658.945074666
14,-67062.349671,Sn06,658.260360439
14,-67062.349671,Sn07,659.774455453
14,-67062.349671,Sn08,660.873316521
15,-67062.340130,Sn01,658.613750627
15,-67062.340130,Sn02,653.421320673
15,-67062.340130,Sn03,660.167797709
15,-67062.340130,Sn04,659.177309513
15,-67062.340130,Sn05,657.197516911
15,-67062.340130,Sn06,658.476122835
15,-67062.340130,Sn07,658.912031754
15,-67062.340130,Sn08,660.183662988
16,-67062.356278,Sn01,657.905963927
16,-67062.356278,Sn02,654.19718993
16,-67062.356278,Sn03,658.266899338
16,-67062.356278,Sn04,653.719629576
16,-67062.356278,Sn05,657.118780619
16,-67062.356278,Sn06,658.869045733
16,-67062.356278,Sn07,656.830294474
16,-67062.356278,Sn08,661.259820235
17,-67062.369698,Sn01,651.628660566
17,-67062.369698,Sn02,661.376728231
17,-67062.369698,Sn03,651.929851661
17,-67062.369698,Sn04,659.84004425
17,-67062.369698,Sn05,655.557793263
17,-67062.369698,Sn06,659.256655382
17,-67062.369698,Sn07,657.968418347
17,-67062.369698,Sn08,660.570644567
18,-67062.369109,Sn01,657.324282107
18,-67062.369109,Sn02,654.121158479
18,-67062.369109,Sn03,659.879837356
18,-67062.369109,Sn04,652.375726306
18,-67062.369109,Sn05,655.765854912
18,-67062.369109,Sn06,660.934514625
18,-67062.369109,Sn07,656.382816431
18,-67062.369109,Sn08,660.116957908
19,-67062.369182,Sn01,657.992334849
19,-67062.369182,Sn02,654.252150238
19,-67062.369182,Sn03,657.61169564
19,-67062.369182,Sn04,654.223931798
19,-67062.369182,Sn05,657.057668788
19,-67062.369182,Sn06,659.628295585
19,-67062.369182,Sn07,657.062551183
19,-67062.369182,Sn08,659.860620129
20,-67062.380279,Sn01,659.774987509
20,-67062.380279,Sn02,662.697616449
20,-67062.380279,Sn03,651.433613322
20,-67062.380279,Sn04,651.433949191
20,-67062.380279,Sn05,658.102354561
20,-67062.380279,Sn06,658.101748074
20,-67062.380279,Sn07,657.817800379
20,-67062.380279,Sn08,657.818184723
21,-67062.354283,Sn01,656.470631205
21,-67062.354283,Sn02,646.593950616
21,-67062.354283,Sn03,660.493578221
21,-67062.354283,Sn04,660.493821792
21,-67062.354283,Sn05,658.431433454
21,-67062.354283,Sn06,658.430948045
21,-67062.354283,Sn07,659.356375647
21,-67062.354283,Sn08,659.356179506
22,-67062.368545,Sn01,660.397433526
22,-67062.368545,Sn02,656.613390611
22,-67062.368545,Sn03,658.79617517
22,-67062.368545,Sn04,658.300631551
22,-67062.368545,Sn05,651.081374104
22,-67062.368545,Sn06,654.090141192
22,-67062.368545,Sn07,660.67810439
22,-67062.368545,Sn08,658.355814394
23,-67062.390089,Sn01,661.794280766
23,-67062.390089,Sn02,656.480021354
23,-67062.390089,Sn03,659.634461904
23,-67062.390089,Sn04,657.947071193
23,-67062.390089,Sn05,652.854558376
23,-67062.390089,Sn06,658.968505169
23,-67062.390089,Sn07,658.877457921
23,-67062.390089,Sn08,659.360595539
24,-67062.377597,Sn01,653.986728407
24,-67062.377597,Sn02,658.387546372
24,-67062.377597,Sn03,658.521559119
24,-67062.377597,Sn04,658.489958995
24,-67062.377597,Sn05,658.590260027
24,-67062.377597,Sn06,659.34239871
24,-67062.377597,Sn07,654.135964248
24,-67062.377597,Sn08,658.638967965
25,-67062.406693,Sn01,652.23653724
25,-67062.406693,Sn02,656.846833074
25,-67062.406693,Sn03,656.861450896
25,-67062.406693,Sn04,652.307223589
25,-67062.406693,Sn05,656.916000261
25,-67062.406693,Sn06,652.288094795
25,-67062.406693,Sn07,652.422254842
25,-67062.406693,Sn08,657.082023856
26,-67062.388337,Sn01,660.172435483
26,-67062.388337,Sn02,660.173133162
26,-67062.388337,Sn03,658.683902575
26,-67062.388337,Sn04,651.587574211
26,-67062.388337,Sn05,658.686907896
26,-67062.388337,Sn06,658.552899103
26,-67062.388337,Sn07,651.58704338
26,-67062.388337,Sn08,658.553783409
27,-67062.333861,Sn01,659.734511079
27,-67062.333861,Sn02,659.731732845
27,-67062.333861,Sn03,659.766529813
27,-67062.333861,Sn04,659.741031298
27,-67062.333861,Sn05,659.731370473
27,-67062.333861,Sn06,659.738121454
27,-67062.333861,Sn07,659.763421902
27,-67062.333861,Sn08,659.735086792
28,-67062.366641,Sn01,661.376670878
28,-67062.366641,Sn02,657.650001134
28,-67062.366641,Sn03,658.319598671
28,-67062.366641,Sn04,658.319349826
28,-67062.366641,Sn05,657.871390061
28,-67062.366641,Sn06,653.589432127
28,-67062.366641,Sn07,653.589796135
28,-67062.366641,Sn08,657.871838717
29,-67062.365565,Sn01,659.233626673
29,-67062.365565,Sn02,659.233959208
29,-67062.365565,Sn03,657.897854334
29,-67062.365565,Sn04,657.898044128
29,-67062.365565,Sn05,656.872892311
29,-67062.365565,Sn06,654.240682919
29,-67062.365565,Sn07,654.240792912
29,-67062.365565,Sn08,660.641516086
30,-67062.382646,Sn01,659.577572947
30,-67062.382646,Sn02,659.577683502
30,-67062.382646,Sn03,656.666336266
30,-67062.382646,Sn04,656.666506367
30,-67062.382646,Sn05,658.687039594
30,-67062.382646,Sn06,647.61927476
30,-67062.382646,Sn07,652.468911517
30,-67062.382646,Sn08,658.687342278
31,-67062.376000,Sn01,660.351972918
31,-67062.376000,Sn02,658.388862642
31,-67062.376000,Sn03,658.570168685
31,-67062.376000,Sn04,655.343963757
31,-67062.376000,Sn05,660.904084272
31,-67062.376000,Sn06,654.207210908
31,-67062.376000,Sn07,651.756267564
31,-67062.376000,Sn08,658.726599979
32,-67062.408808,Sn01,658.841373591
32,-67062.408808,Sn02,656.667087974
32,-67062.408808,Sn03,657.710616231
32,-67062.408808,Sn04,658.086042011
32,-67062.408808,Sn05,652.618382127
32,-67062.408808,Sn06,657.449801078
32,-67062.408808,Sn07,651.924335618
32,-67062.408808,Sn08,659.693812363
33,-67062.390690,Sn01,659.044069093
33,-67062.390690,Sn02,657.023191099
33,-67062.390690,Sn03,658.740781891
33,-67062.390690,Sn04,659.653532253
33,-67062.390690,Sn05,658.640966625
33,-67062.390690,Sn06,656.691148394
33,-67062.390690,Sn07,654.30565769
33,-67062.390690,Sn08,658.653006073
34,-67062.394819,Sn01,651.814270576
34,-67062.394819,Sn02,659.106201583
34,-67062.394819,Sn03,655.755533596
34,-67062.394819,Sn04,658.732764626
34,-67062.394819,Sn05,657.749887411
34,-67062.394819,Sn06,657.356730864
34,-67062.394819,Sn07,654.443210807
34,-67062.394819,Sn08,652.226046203
35,-67062.398879,Sn01,658.803576374
35,-67062.398879,Sn02,658.733458449
35,-67062.398879,Sn03,658.435122302
35,-67062.398879,Sn04,660.15248886
35,-67062.398879,Sn05,656.669667063
35,-67062.398879,Sn06,662.169317785
35,-67062.398879,Sn07,651.888641488
35,-67062.398879,Sn08,659.074057411
36,-67062.386515,Sn01,660.875706417
36,-67062.386515,Sn02,660.876050624
36,-67062.386515,Sn03,658.436477127
36,-67062.386515,Sn04,658.436791466
36,-67062.386515,Sn05,658.437144218
36,-67062.386515,Sn06,658.436673646
36,-67062.386515,Sn07,652.050202791
36,-67062.386515,Sn08,652.053381866
37,-67062.410053,Sn01,657.075307242
37,-67062.410053,Sn02,657.076001684
37,-67062.410053,Sn03,660.124311914
37,-67062.410053,Sn04,660.126690276
37,-67062.410053,Sn05,660.124979385
37,-67062.410053,Sn06,660.126641959
37,-67062.410053,Sn07,658.11980084
37,-67062.410053,Sn08,658.118732546
38,-67062.336844,Sn01,660.879387931
38,-67062.336844,Sn02,658.793059503
38,-67062.336844,Sn03,660.500802243
38,-67062.336844,Sn04,657.906377914
38,-67062.336844,Sn05,657.997319268
38,-67062.336844,Sn06,660.381430552
38,-67062.336844,Sn07,653.377714426
38,-67062.336844,Sn08,660.652265546
39,-67062.348655,Sn01,653.542539675
39,-67062.348655,Sn02,658.500520816
39,-67062.348655,Sn03,660.321897431
39,-67062.348655,Sn04,657.806891479
39,-67062.348655,Sn05,660.600570776
39,-67062.348655,Sn06,660.523686225
39,-67062.348655,Sn07,660.130256157
39,-67062.348655,Sn08,657.656761496
40,-67062.358184,Sn01,660.572271898
40,-67062.358184,Sn02,655.986274596
40,-67062.358184,Sn03,653.72698236
40,-67062.358184,Sn04,658.876307147
40,-67062.358184,Sn05,651.769499094
40,-67062.358184,Sn06,658.558982264
40,-67062.358184,Sn07,659.758922402
40,-67062.358184,Sn08,658.802522279
41,-67062.328298,Sn01,660.377622157
41,-67062.328298,Sn02,660.378110052
41,-67062.328298,Sn03,660.856362343
41,-67062.328298,Sn04,660.672700748
41,-67062.328298,Sn05,660.672552131
41,-67062.328298,Sn06,660.377402408
41,-67062.328298,Sn07,660.378262927
41,-67062.328298,Sn08,660.854306738
42,-67062.357323,Sn01,658.27063648
42,-67062.357323,Sn02,658.332977317
42,-67062.357323,Sn03,653.799856012
42,-67062.357323,Sn04,658.191468588
42,-67062.357323,Sn05,651.118668453
42,-67062.357323,Sn06,657.441997439
42,-67062.357323,Sn07,659.679653005
42,-67062.357323,Sn08,661.558082737
43,-67062.366956,Sn01,651.810094356
43,-67062.366956,Sn02,651.810136668
43,-67062.366956,Sn03,660.777139384
43,-67062.366956,Sn04,657.690249347
43,-67062.366956,Sn05,657.690115894
43,-67062.366956,Sn06,657.014093215
43,-67062.366956,Sn07,660.975185984
43,-67062.366956,Sn08,660.975715046
44,-67062.379342,Sn01,658.071619604
44,-67062.379342,Sn02,658.071567502
44,-67062.379342,Sn03,654.254005546
44,-67062.379342,Sn04,657.19975733
44,-67062.379342,Sn05,657.199854154
44,-67062.379342,Sn06,659.707275726
44,-67062.379342,Sn07,657.711086961
44,-67062.379342,Sn08,659.7074931
45,-67062.357934,Sn01,658.624776446
45,-67062.357934,Sn02,658.624589772
45,-67062.357934,Sn03,653.354360008
45,-67062.357934,Sn04,658.572722507
45,-67062.357934,Sn05,658.573403403
45,-67062.357934,Sn06,658.766640126
45,-67062.357934,Sn07,653.798748245
45,-67062.357934,Sn08,658.767373706
46,-67062.366106,Sn01,659.781220558
46,-67062.366106,Sn02,657.098038683
46,-67062.366106,Sn03,654.236774968
46,-67062.366106,Sn04,659.558272956
46,-67062.366106,Sn05,655.940999803
46,-67062.366106,Sn06,654.366603705
46,-67062.366106,Sn07,657.253946085
46,-67062.366106,Sn08,659.60411602
47,-67062.374100,Sn01,657.889622953
47,-67062.374100,Sn02,655.553566373
47,-67062.374100,Sn03,647.090876179
47,-67062.374100,Sn04,658.975524969
47,-67062.374100,Sn05,659.623543982
47,-67062.374100,Sn06,652.069134959
47,-67062.374100,Sn07,657.677561735
47,-67062.374100,Sn08,659.860447659
48,-67062.386323,Sn01,650.888733105
48,-67062.386323,Sn02,658.057340567
48,-67062.386323,Sn03,654.359510397
48,-67062.386323,Sn04,656.069770586
48,-67062.386323,Sn05,659.485881222
48,-67062.386323,Sn06,651.05326164
48,-67062.386323,Sn07,657.835392083
48,-67062.386323,Sn08,657.794085952
49,-67062.368352,Sn01,651.618330139
49,-67062.368352,Sn02,657.715425329
49,-67062.368352,Sn03,653.476676776
49,-67062.368352,Sn04,656.906505397
49,-67062.368352,Sn05,660.791746466
49,-67062.368352,Sn06,657.499532342
49,-67062.368352,Sn07,657.900532387
49,-67062.368352,Sn08,659.698491078
50,-67062.364305,Sn01,657.62555359
50,-67062.364305,Sn02,657.625962514
50,-67062.364305,Sn03,646.631483435
50,-67062.364305,Sn04,657.62689763
50,-67062.364305,Sn05,661.735777382
50,-67062.364305,Sn06,657.627748985
50,-67062.364305,Sn07,661.735219812
50,-67062.364305,Sn08,659.476323847
51,-67062.358507,Sn01,660.062088238
51,-67062.358507,Sn02,660.062683227
51,-67062.358507,Sn03,653.880368388
51,-67062.358507,Sn04,659.6977701
51,-67062.358507,Sn05,658.435719215
51,-67062.358507,Sn06,658.435808911
51,-67062.358507,Sn07,659.697767921
51,-67062.358507,Sn08,657.234235395
52,-67062.417446,Sn01,648.87786118
52,-67062.417446,Sn02,647.808795989
52,-67062.417446,Sn03,647.074402362
52,-67062.417446,Sn04,657.876896798
52,-67062.417446,Sn05,661.33825783
52,-67062.417446,Sn06,652.867647625
52,-67062.417446,Sn07,655.070872582
52,-67062.417446,Sn08,642.371966048
53,-67062.397660,Sn01,648.372937687
53,-67062.397660,Sn02,648.566520021
53,-67062.397660,Sn03,648.237839049
53,-67062.397660,Sn04,660.308541758
53,-67062.397660,Sn05,654.106703984
53,-67062.397660,Sn06,654.492210761
53,-67062.397660,Sn07,660.972172434
53,-67062.397660,Sn08,649.438495941
54,-67062.428996,Sn01,642.030716301
54,-67062.428996,Sn02,648.556131233
54,-67062.428996,Sn03,646.855977077
54,-67062.428996,Sn04,661.197153272
54,-67062.428996,Sn05,651.49204434
54,-67062.428996,Sn06,652.098936379
54,-67062.428996,Sn07,661.21743778
54,-67062.428996,Sn08,650.061972716
55,-67062.406224,Sn01,648.87065838
55,-67062.406224,Sn02,648.948965898
55,-67062.406224,Sn03,649.039399016
55,-67062.406224,Sn04,660.561005804
55,-67062.406224,Sn05,660.534848908
55,-67062.406224,Sn06,660.609903066
55,-67062.406224,Sn07,660.628336478
55,-67062.406224,Sn08,649.255018002
56,-67062.419877,Sn01,648.498466967
56,-67062.419877,Sn02,641.852232658
56,-67062.419877,Sn03,648.169043908
56,-67062.419877,Sn04,654.541578924
56,-67062.419877,Sn05,657.873182277
56,-67062.419877,Sn06,660.915560643
56,-67062.419877,Sn07,652.099324662
56,-67062.419877,Sn08,648.816485084
57,-67062.419061,Sn01,647.382783073
57,-67062.419061,Sn02,648.497797647
57,-67062.419061,Sn03,649.228956713
57,-67062.419061,Sn04,658.488889693
57,-67062.419061,Sn05,652.100569048
57,-67062.419061,Sn06,654.704925567
57,-67062.419061,Sn07,661.678140328
57,-67062.419061,Sn08,642.19082411
58,-67062.428970,Sn01,648.900741534
58,-67062.428970,Sn02,648.900831762
58,-67062.428970,Sn03,647.010261168
58,-67062.428970,Sn04,661.759914368
58,-67062.428970,Sn05,651.934826915
58,-67062.428970,Sn06,651.934882817
58,-67062.428970,Sn07,661.760029115
58,-67062.428970,Sn08,642.886580501
59,-67062.423675,Sn01,647.837925849
59,-67062.423675,Sn02,649.091520198
59,-67062.423675,Sn03,649.618249878
59,-67062.423675,Sn04,659.453783327
59,-67062.423675,Sn05,660.659687913
59,-67062.423675,Sn06,659.426748497
59,-67062.423675,Sn07,661.716994823
59,-67062.423675,Sn08,642.29040808
60,-67062.437775,Sn01,647.252284994
60,-67062.437775,Sn02,642.220007219
60,-67062.437775,Sn03,647.598925688
60,-67062.437775,Sn04,652.394151994
60,-67062.437775,Sn05,658.867006346
60,-67062.437775,Sn06,659.608646895
60,-67062.437775,Sn07,652.406558984
60,-67062.437775,Sn08,642.41200508
61,-67062.401460,Sn01,657.014402232
61,-67062.401460,Sn02,658.791966214
61,-67062.401460,Sn03,657.409062326
61,-67062.401460,Sn04,658.731909128
61,-67062.401460,Sn05,658.256089105
61,-67062.401460,Sn06,660.42492017
61,-67062.401460,Sn07,651.863503113
61,-67062.401460,Sn08,661.458947906
62,-67062.432444,Sn01,649.409586469
62,-67062.432444,Sn02,648.610760175
62,-67062.432444,Sn03,648.609888848
62,-67062.432444,Sn04,658.639588015
62,-67062.432444,Sn05,659.174223017
62,-67062.432444,Sn06,655.051199099
62,-67062.432444,Sn07,659.646148991
62,-67062.432444,Sn08,651.065540653
63,-67062.441454,Sn01,647.427008579
63,-67062.441454,Sn02,649.103266944
63,-67062.441454,Sn03,643.035674279
63,-67062.441454,Sn04,656.991155159
63,-67062.441454,Sn05,659.83869476
63,-67062.441454,Sn06,653.529533264
63,-67062.441454,Sn07,659.513862354
63,-67062.441454,Sn08,650.44666172
64,-67062.397069,Sn01,656.281787029
64,-67062.397069,Sn02,657.922716779
64,-67062.397069,Sn03,659.024486153
64,-67062.397069,Sn04,655.286892637
64,-67062.397069,Sn05,652.315132215
64,-67062.397069,Sn06,652.822262449
64,-67062.397069,Sn07,654.106941441
64,-67062.397069,Sn08,658.618583186
65,-67062.407486,Sn01,658.311784443
65,-67062.407486,Sn02,658.311759498
65,-67062.407486,Sn03,657.717937848
65,-67062.407486,Sn04,658.48251817
65,-67062.407486,Sn05,651.86553166
65,-67062.407486,Sn06,651.435423383
65,-67062.407486,Sn07,651.435510907
65,-67062.407486,Sn08,658.482701424
66,-67062.421281,Sn01,647.911667102
66,-67062.421281,Sn02,642.579968806
66,-67062.421281,Sn03,649.547903246
66,-67062.421281,Sn04,659.298786049
66,-67062.421281,Sn05,661.79009387
66,-67062.421281,Sn06,661.292297433
66,-67062.421281,Sn07,659.663495166
66,-67062.421281,Sn08,649.143296175
67,-67062.401202,Sn01,656.45438107
67,-67062.401202,Sn02,658.693823478
67,-67062.401202,Sn03,660.083454957
67,-67062.401202,Sn04,656.691157042
67,-67062.401202,Sn05,652.764859046
67,-67062.401202,Sn06,660.73111278
67,-67062.401202,Sn07,660.952723408
67,-67062.401202,Sn08,658.099263389
68,-67062.357008,Sn01,658.603647891
68,-67062.357008,Sn02,657.397273625
68,-67062.357008,Sn03,658.735600798
68,-67062.357008,Sn04,660.262614247
68,-67062.357008,Sn05,660.58181384
68,-67062.357008,Sn06,660.41615416
68,-67062.357008,Sn07,651.452313868
68,-67062.357008,Sn08,651.249857179
69,-67062.356038,Sn01,658.267644321
69,-67062.356038,Sn02,656.789974274
69,-67062.356038,Sn03,658.340148501
69,-67062.356038,Sn04,660.719078527
69,-67062.356038,Sn05,653.705400773
69,-67062.356038,Sn06,653.989271299
69,-67062.356038,Sn07,657.941613516
69,-67062.356038,Sn08,658.220432225
70,-67062.376427,Sn01,656.794360982
70,-67062.376427,Sn02,656.547687942
70,-67062.376427,Sn03,658.712680538
70,-67062.376427,Sn04,657.582330949
70,-67062.376427,Sn05,651.5408432
70,-67062.376427,Sn06,653.971863223
70,-67062.376427,Sn07,658.600284816
70,-67062.376427,Sn08,651.542194777
71,-67062.371699,Sn01,658.827094871
71,-67062.371699,Sn02,658.827113388
71,-67062.371699,Sn03,659.865126199
71,-67062.371699,Sn04,658.409892889
71,-67062.371699,Sn05,660.681867051
71,-67062.371699,Sn06,659.862671306
71,-67062.371699,Sn07,660.682168823
71,-67062.371699,Sn08,658.410435072
72,-67062.398754,Sn01,656.559675445
72,-67062.398754,Sn02,656.559591473
72,-67062.398754,Sn03,652.966004694
72,-67062.398754,Sn04,656.507252227
72,-67062.398754,Sn05,660.811111234
72,-67062.398754,Sn06,652.965688819
72,-67062.398754,Sn07,656.507149843
72,-67062.398754,Sn08,660.632941352
73,-67062.406658,Sn01,648.710165782
73,-67062.406658,Sn02,647.225930215
73,-67062.406658,Sn03,659.672808555
73,-67062.406658,Sn04,649.224222899
73,-67062.406658,Sn05,654.740273376
73,-67062.406658,Sn06,661.099048579
73,-67062.406658,Sn07,652.194595453
73,-67062.406658,Sn08,642.383758178
74,-67062.411142,Sn01,648.978277606
74,-67062.411142,Sn02,648.978202422
74,-67062.411142,Sn03,662.374180598
74,-67062.411142,Sn04,648.673795368
74,-67062.411142,Sn05,659.049350523
74,-67062.411142,Sn06,662.374450634
74,-67062.411142,Sn07,659.04967272
74,-67062.411142,Sn08,642.898401425
75,-67062.428713,Sn01,646.425689964
75,-67062.428713,Sn02,646.425908125
75,-67062.428713,Sn03,652.671888092
75,-67062.428713,Sn04,643.592630264
75,-67062.428713,Sn05,658.916763843
75,-67062.428713,Sn06,652.67163153
75,-67062.428713,Sn07,658.917147772
75,-67062.428713,Sn08,642.632387128
76,-67062.405698,Sn01,655.509411782
76,-67062.405698,Sn02,655.509403986
76,-67062.405698,Sn03,653.289285243
76,-67062.405698,Sn04,653.573931236
76,-67062.405698,Sn05,655.509657001
76,-67062.405698,Sn06,653.574205586
76,-67062.405698,Sn07,653.289240343
76,-67062.405698,Sn08,655.509730839
77,-67062.366283,Sn01,659.220693509
77,-67062.366283,Sn02,658.035558878
77,-67062.366283,Sn03,659.220820139
77,-67062.366283,Sn04,658.034883153
77,-67062.366283,Sn05,657.823981889
77,-67062.366283,Sn06,654.271754565
77,-67062.366283,Sn07,654.276005755
77,-67062.366283,Sn08,657.8236116
78,-67062.364865,Sn01,659.30840535
78,-67062.364865,Sn02,658.607575319
78,-67062.364865,Sn03,659.308288401
78,-67062.364865,Sn04,658.607815158
78,-67062.364865,Sn05,660.704019605
78,-67062.364865,Sn06,647.116452241
78,-67062.364865,Sn07,660.775277102
78,-67062.364865,Sn08,656.624282306
79,-67062.364411,Sn01,657.481238097
79,-67062.364411,Sn02,657.628295606
79,-67062.364411,Sn03,661.447284055
79,-67062.364411,Sn04,657.627225
79,-67062.364411,Sn05,658.250828374
79,-67062.364411,Sn06,647.031324493
79,-67062.364411,Sn07,661.504243274
79,-67062.364411,Sn08,658.249339275
80,-67062.391502,Sn01,656.673139569
80,-67062.391502,Sn02,659.092536137
80,-67062.391502,Sn03,658.250405577
80,-67062.391502,Sn04,659.080347949
80,-67062.391502,Sn05,651.56801906
80,-67062.391502,Sn06,657.039343998
80,-67062.391502,Sn07,661.011749845
80,-67062.391502,Sn08,659.112722526
81,-67062.375298,Sn01,659.187647787
81,-67062.375298,Sn02,660.846262499
81,-67062.375298,Sn03,651.573725381
81,-67062.375298,Sn04,658.121929996
81,-67062.375298,Sn05,658.139026327
81,-67062.375298,Sn06,656.726830988
81,-67062.375298,Sn07,654.201899029
81,-67062.375298,Sn08,661.710670769
82,-67062.412435,Sn01,657.143691562
82,-67062.412435,Sn02,659.836983343
82,-67062.412435,Sn03,659.07276238
82,-67062.412435,Sn04,657.741231796
82,-67062.412435,Sn05,658.638825029
82,-67062.412435,Sn06,660.28380783
82,-67062.412435,Sn07,659.432504102
82,-67062.412435,Sn08,658.621086864
83,-67062.396913,Sn01,649.685076115
83,-67062.396913,Sn02,648.21010935
83,-67062.396913,Sn03,662.124334458
83,-67062.396913,Sn04,648.209684942
83,-67062.396913,Sn05,661.100321202
83,-67062.396913,Sn06,654.179437364
83,-67062.396913,Sn07,654.179511155
83,-67062.396913,Sn08,648.648569615
84,-67062.425296,Sn01,642.148047469
84,-67062.425296,Sn02,648.133605015
84,-67062.425296,Sn03,661.612741544
84,-67062.425296,Sn04,647.192174325
84,-67062.425296,Sn05,658.684054059
84,-67062.425296,Sn06,652.830666404
84,-67062.425296,Sn07,655.198318663
84,-67062.425296,Sn08,649.378373004
85,-67062.441716,Sn01,649.023154422
85,-67062.441716,Sn02,642.427881523
85,-67062.441716,Sn03,659.260434097
85,-67062.441716,Sn04,648.461056996
85,-67062.441716,Sn05,657.45660793
85,-67062.441716,Sn06,659.986768714
85,-67062.441716,Sn07,652.908723599
85,-67062.441716,Sn08,649.658629387
86,-67062.418629,Sn01,649.022533387
86,-67062.418629,Sn02,642.797910524
86,-67062.418629,Sn03,659.284175354
86,-67062.418629,Sn04,648.345330196
86,-67062.418629,Sn05,652.044237266
86,-67062.418629,Sn06,661.332591184
86,-67062.418629,Sn07,654.559554655
86,-67062.418629,Sn08,647.208555567
87,-67062.424180,Sn01,647.589084845
87,-67062.424180,Sn02,649.058579995
87,-67062.424180,Sn03,661.681126295
87,-67062.424180,Sn04,643.540332732
87,-67062.424180,Sn05,659.086253656
87,-67062.424180,Sn06,659.158511552
87,-67062.424180,Sn07,661.682474532
87,-67062.424180,Sn08,649.348904441
88,-67062.413106,Sn01,649.323590358
88,-67062.413106,Sn02,649.420818421
88,-67062.413106,Sn03,661.307830662
88,-67062.413106,Sn04,649.308009913
88,-67062.413106,Sn05,661.755636485
88,-67062.413106,Sn06,661.315727603
88,-67062.413106,Sn07,661.900315267
88,-67062.413106,Sn08,649.870542772
89,-67062.440602,Sn01,647.257297309
89,-67062.440602,Sn02,642.77227384
89,-67062.440602,Sn03,659.55516945
89,-67062.440602,Sn04,650.427842129
89,-67062.440602,Sn05,653.158678298
89,-67062.440602,Sn06,659.668896202
89,-67062.440602,Sn07,657.478757391
89,-67062.440602,Sn08,649.493649899
90,-67062.414499,Sn01,656.779299437
90,-67062.414499,Sn02,651.764993039
90,-67062.414499,Sn03,651.723255575
90,-67062.414499,Sn04,656.910918374
90,-67062.414499,Sn05,651.614598241
90,-67062.414499,Sn06,656.831370729
90,-67062.414499,Sn07,658.120561224
90,-67062.414499,Sn08,651.646134553
91,-67062.440960,Sn01,647.215846242
91,-67062.440960,Sn02,643.135498239
91,-67062.440960,Sn03,659.36820369
91,-67062.440960,Sn04,642.592319186
91,-67062.440960,Sn05,659.668198186
91,-67062.440960,Sn06,659.631069292
91,-67062.440960,Sn07,659.863870003
91,-67062.440960,Sn08,648.180538084
92,-67062.472121,Sn01,638.91829743
92,-67062.472121,Sn02,643.013528267
92,-67062.472121,Sn03,649.310654194
92,-67062.472121,Sn04,643.0131169
92,-67062.472121,Sn05,649.3108197
92,-67062.472121,Sn06,642.976988747
92,-67062.472121,Sn07,662.535133762
92,-67062.472121,Sn08,642.977056433
93,-67062.469586,Sn01,638.556799306
93,-67062.469586,Sn02,642.472263181
93,-67062.469586,Sn03,642.706531833
93,-67062.469586,Sn04,648.975608224
93,-67062.469586,Sn05,642.702304862
93,-67062.469586,Sn06,661.265269238
93,-67062.469586,Sn07,649.187408197
93,-67062.469586,Sn08,642.387882691
94,-67062.345446,Sn01,661.420976873
94,-67062.345446,Sn02,661.421774333
94,-67062.345446,Sn03,661.420998681
94,-67062.345446,Sn04,661.421312172
94,-67062.345446,Sn05,661.421060286
94,-67062.345446,Sn06,661.42097977
94,-67062.345446,Sn07,661.420985648
94,-67062.345446,Sn08,661.421821343
95,-67062.403912,Sn01,652.593280211
95,-67062.403912,Sn02,656.070507596
95,-67062.403912,Sn03,652.593555713
95,-67062.403912,Sn04,656.070435693
95,-67062.403912,Sn05,652.593050753
95,-67062.403912,Sn06,652.593197583
95,-67062.403912,Sn07,656.435026432
95,-67062.403912,Sn08,656.436194899
96,-67062.450684,Sn01,642.020173137
96,-67062.450684,Sn02,659.418338304
96,-67062.450684,Sn03,659.418122623
96,-67062.450684,Sn04,642.020248033
96,-67062.450684,Sn05,659.433608648
96,-67062.450684,Sn06,648.024211381
96,-67062.450684,Sn07,659.433433509
96,-67062.450684,Sn08,648.924268249
97,-67062.478607,Sn01,650.011339336
97,-67062.478607,Sn02,650.126900857
97,-67062.478607,Sn03,650.011385622
97,-67062.478607,Sn04,650.126751537
97,-67062.478607,Sn05,650.011186819
97,-67062.478607,Sn06,650.011573307
97,-67062.478607,Sn07,650.329665528
97,-67062.478607,Sn08,650.329832714
