Structure,Energy,Nucleus,delta_iso
01,-71565.033600,Sn01,637.736882854
01,-71565.033600,Sn02,637.736174732
01,-71565.033600,Sn03,639.274805861
01,-71565.033600,Sn04,647.814578882
01,-71565.033600,Sn05,647.814997911
01,-71565.033600,Sn06,649.551358278
01,-71565.033600,Sn07,649.561196822
01,-71565.033600,Sn08,647.79844623
01,-71565.033600,Sn09,649.561786826
01,-71565.033600,Sn10,658.391766847
01,-71565.033600,Sn11,649.550581227
01,-71565.033600,Sn12,647.799330849
01,-71565.033600,Sn13,658.391789301
01,-71565.033600,Sn14,639.298259606
02,-71565.042936,Sn01,648.145269116
02,-71565.042936,Sn02,648.145475537
02,-71565.042936,Sn03,638.064664951
02,-71565.042936,Sn04,648.145520335
02,-71565.042936,Sn05,648.145512496
02,-71565.042936,Sn06,638.064526455
02,-71565.042936,Sn07,648.145399643
02,-71565.042936,Sn08,648.14566572
02,-71565.042936,Sn09,648.145923949
02,-71565.042936,Sn10,648.145367895
02,-71565.042936,Sn11,641.431896498
02,-71565.042936,Sn12,658.116264726
02,-71565.042936,Sn13,658.116471004
02,-71565.042936,Sn14,641.432266547
03,-71565.062345,Sn01,639.527588174
03,-71565.062345,Sn02,638.045735665
03,-71565.062345,Sn03,648.275617874
03,-71565.062345,Sn04,639.527216702
03,-71565.062345,Sn05,648.275730257
03,-71565.062345,Sn06,638.045715593
03,-71565.062345,Sn07,639.556992057
03,-71565.062345,Sn08,648.469017433
03,-71565.062345,Sn09,647.735864783
03,-71565.062345,Sn10,650.294119117
03,-71565.062345,Sn11,639.5567658
03,-71565.062345,Sn12,650.294130325
03,-71565.062345,Sn13,648.46921244
03,-71565.062345,Sn14,648.201285759
