-652.4837225077904 -652.4837225077904 -652.4837225077904 -652.1581352036768 -651.9912323288784 -652.1895059431077 -652.1895059431077 -651.9912323288784 -652.1581352036768 -651.9912323288784 -652.1895059431077 -652.1581352036768
-651.8349333580402 -648.7277912500734 -653.6955733995219 -657.1661254759873 -649.8198307012422 -654.1802595863605 -650.0993488191438 -649.3506585088576 -657.2350090586141 -652.7135779047861 -656.7141417284233 -648.5573849730796
-643.0364981853186 -645.4722952504744 -645.5885058572002 -644.7220922259326 -650.7325642778295 -650.6542555420444 -656.2179187725887 -654.8360919313627 -642.5439120674533 -650.32329971632 -650.3988725766931 -645.9457092697803
-636.798944062485 -648.196681334332 -648.196846277927 -656.226527056525 -647.38796552872 -647.387865635331 -657.097449024614 -657.096887050809 -647.545190047538 -657.809930439954 -657.809741221216 -647.545327788604
-650.8008551964872 -647.4094582936854 -650.6648188067722 -649.2848473813916 -649.0686080870989 -654.0361231677006 -649.1663397605163 -653.1903234943977 -653.8602398745161 -657.2400773539043 -657.5795201081628 -647.5585916489904
-645.768120025352 -655.965342021208 -655.965185027763 -645.768323774576 -657.473591130221 -655.971132655249 -649.565919274407 -658.05732720373 -657.473553210612 -658.057102299586 -655.971493690205 -645.918422579061
-646.027564373852 -648.436889517091 -647.095303627835 -646.643204052511 -658.226061848146 -650.034462055835 -649.982894563343 -656.082332688527 -659.051222775435 -657.135722388446 -658.350417136553 -637.711417911327
-655.6541345614646 -654.9377330717087 -654.9377330717087 -655.6541345614646 -649.3328026990365 -652.9875272452921 -655.6282418069516 -652.9875272452921 -655.1559022176691 -649.3328026990365 -655.1559022176691 -655.6282418069516
-648.1360835702034 -646.2639258890539 -648.1360835702034 -646.2639258890539 -647.8226272007768 -648.3768634157553 -648.3768634157553 -647.8226272007768 -642.2247130219804 -656.3806865089708 -656.6342603215605 -642.2247130219804
-641.7475044022808 -646.7151680670231 -647.5017543146143 -650.5978845978789 -643.1859639173427 -642.7609012947364 -648.6195709418807 -658.0592153408834 -646.0147168362256 -649.7547961053199 -647.3099631881181 -648.5239758802775
-646.7181178229387 -655.601578389681 -650.0587267487045 -650.0866344498785 -652.6231059341516 -647.9267051383144 -652.6559087079888 -653.0024521710759 -647.6006581342087 -650.3559429613706 -658.3531899500117 -646.8934090813598
-647.226329753696 -646.7644687595213 -647.226329753696 -646.7644687595213 -654.8533829134741 -654.978198242917 -647.3222910133155 -647.3222910133155 -654.978198242917 -645.9022622554328 -655.1603766001217 -645.9022622554328
-643.3508208271368 -648.5304971103351 -643.3508208271368 -648.5304971103351 -645.3519091894784 -648.869532046446 -649.3277937382569 -649.3277937382569 -648.869532046446 -643.5972243275024 -647.4242366760933 -643.5972243275024
-650.9989321180111 -649.8058265753893 -649.2246529249014 -657.7279767264569 -648.2524561732037 -651.0299930575096 -649.1337798788157 -657.7232724348063 -648.0440929807728 -657.5020549527467 -657.4073677697576 -648.0798943546607
-648.1556530410941 -644.3519678854378 -645.8069118750711 -654.1644603154035 -656.2606476787757 -645.8069118750711 -652.728807980846 -648.1556530410941 -645.8069118750711 -656.2606476787757 -658.2138043801639 -645.8069118750711
-649.5006954772201 -647.5197064418059 -649.4927544196012 -647.4453001692493 -646.4525499726183 -647.2490012411644 -650.1722042065852 -651.0753291136227 -648.3033986689114 -657.6068278428455 -658.0312910984628 -646.9953106575759
-648.2671234050298 -648.1826189318122 -657.1620504050833 -648.3512317116168 -648.3350913969612 -648.5924111122002 -658.0040949285245 -648.6838837411234 -657.4421837871794 -657.3439129665926 -657.2584259618526 -645.9893252545902
-647.451402967532 -637.61806055931 -647.237495390689 -641.611932787243 -647.19076408229 -648.26321384433 -649.015753621435 -649.119136250835 -657.609436939592 -649.438138720548 -656.115485898122 -639.319251860859
-641.3646101251768 -641.3646101251768 -641.3646101251768 -651.1711738834306 -651.170830177174 -647.3695370366561 -651.1711738834306 -651.5824688427235 -651.5824688427235 -651.170830177174 -647.3695370366561 -641.3646101251768
-656.6601099773054 -656.6601099773054 -656.6601099773054 -656.6601099773054 -656.6601099773054 -656.6601099773054 -656.4129281618932 -656.4573770492567 -656.4573770492567 -656.4129281618932 -656.4129281618932 -656.4573770492567
-651.481302516541 -651.7048800973055 -641.5500100008452 -651.7048800973055 -651.481302516541 -641.5500100008452 -651.481302516541 -652.6540972500869 -652.6540972500869 -651.481302516541 -641.5500100008452 -641.5500100008452
-648.344881651514 -648.347103785023 -648.346673564724 -648.347023804706 -648.346863756709 -648.345164865907 -648.491155636763 -648.2649176865 -648.263994903069 -648.489160411682 -648.264105659322 -648.490388507741
