  x           300.0          473.0          873.0         1273.0         1673.0      Infinity
  -680.000  0.000000E+00  0.000000E+00  0.000000E+00  0.000000E+00  0.000000E+00  0.000000E+00
  -679.900  0.000000E+00  0.000000E+00  0.000000E+00  0.000000E+00  0.000000E+00  0.000000E+00
  -679.800  0.000000E+00  0.000000E+00  0.000000E+00  0.000000E+00  0.000000E+00  0.000000E+00
  -679.700  0.000000E+00  0.000000E+00  0.000000E+00  0.000000E+00  0.000000E+00  0.000000E+00
  -679.600  0.000000E+00  0.000000E+00  0.000000E+00  0.000000E+00  0.000000E+00  0.000000E+00
  -679.500  0.000000E+00  0.000000E+00  0.000000E+00  0.000000E+00  0.000000E+00  0.000000E+00
  -679.400  0.000000E+00  0.000000E+00  0.000000E+00  0.000000E+00  0.000000E+00  0.000000E+00
  -679.300  0.000000E+00  0.000000E+00  0.000000E+00  0.000000E+00  0.000000E+00  0.000000E+00
  -679.200  0.000000E+00  0.000000E+00  0.000000E+00  0.000000E+00  0.000000E+00  0.000000E+00
  -679.100  0.000000E+00  0.000000E+00  0.000000E+00  0.000000E+00  0.000000E+00  0.000000E+00
  -679.000  0.000000E+00  0.000000E+00  0.000000E+00  0.000000E+00  0.000000E+00  0.000000E+00
  -678.900  0.000000E+00  0.000000E+00  0.000000E+00  0.000000E+00  0.000000E+00  0.000000E+00
  -678.800  0.000000E+00  0.000000E+00  0.000000E+00  0.000000E+00  0.000000E+00  0.000000E+00
  -678.700  0.000000E+00  0.000000E+00  0.000000E+00  0.000000E+00  0.000000E+00  0.000000E+00
  -678.600  0.000000E+00  0.000000E+00  0.000000E+00  0.000000E+00  0.000000E+00  0.000000E+00
  -678.500  0.000000E+00  0.000000E+00  0.000000E+00  0.000000E+00  0.000000E+00  0.000000E+00
  -678.400  0.000000E+00  0.000000E+00  0.000000E+00  0.000000E+00  0.000000E+00  0.000000E+00
  -678.300  0.000000E+00  0.000000E+00  0.000000E+00  0.000000E+00  0.000000E+00  0.000000E+00
  -678.200  0.000000E+00  0.000000E+00  0.000000E+00  0.000000E+00  0.000000E+00  0.000000E+00
  -678.100  0.000000E+00  0.000000E+00  0.000000E+00  0.000000E+00  0.000000E+00  0.000000E+00
  -678.000  0.000000E+00  0.000000E+00  0.000000E+00  0.000000E+00  0.000000E+00  0.000000E+00
  -677.900  0.000000E+00  0.000000E+00  0.000000E+00  0.000000E+00  0.000000E+00  0.000000E+00
  -677.800  0.000000E+00  0.000000E+00  0.000000E+00  0.000000E+00  0.000000E+00  0.000000E+00
  -677.700  0.000000E+00  0.000000E+00  0.000000E+00  0.000000E+00  0.000000E+00  0.000000E+00
  -677.600  0.000000E+00  0.000000E+00  0.000000E+00  0.000000E+00  0.000000E+00  0.000000E+00
  -677.500  0.000000E+00  0.000000E+00  0.000000E+00  0.000000E+00  0.000000E+00  0.000000E+00
  -677.400  0.000000E+00  0.000000E+00  0.000000E+00  0.000000E+00  0.000000E+00  0.000000E+00
  -677.300  0.000000E+00  0.000000E+00  0.000000E+00  0.000000E+00  0.000000E+00  0.000000E+00
  -677.200  0.000000E+00  0.000000E+00  0.000000E+00  0.000000E+00  0.000000E+00  0.000000E+00
  -677.100  0.000000E+00  0.000000E+00  0.000000E+00  0.000000E+00  0.000000E+00  0.000000E+00
  -677.000  0.000000E+00  0.000000E+00  0.000000E+00  0.000000E+00  0.000000E+00  0.000000E+00
  -676.900  0.000000E+00  0.000000E+00  0.000000E+00  0.000000E+00  0.000000E+00  0.000000E+00
  -676.800  0.000000E+00  0.000000E+00  0.000000E+00  0.000000E+00  0.000000E+00  0.000000E+00
  -676.700  0.000000E+00  0.000000E+00  0.000000E+00  0.000000E+00  0.000000E+00  0.000000E+00
  -676.600  0.000000E+00  0.000000E+00  0.000000E+00  0.000000E+00  0.000000E+00  0.000000E+00
  -676.500  0.000000E+00  0.000000E+00  0.000000E+00  0.000000E+00  0.000000E+00  0.000000E+00
  -676.400  0.000000E+00  0.000000E+00  0.000000E+00  0.000000E+00  0.000000E+00  0.000000E+00
  -676.300  0.000000E+00  0.000000E+00  0.000000E+00  0.000000E+00  0.000000E+00  0.000000E+00
  -676.200  0.000000E+00  0.000000E+00  0.000000E+00  0.000000E+00  0.000000E+00  0.000000E+00
  -676.100  0.000000E+00  0.000000E+00  0.000000E+00  0.000000E+00  0.000000E+00  0.000000E+00
  -676.000  0.000000E+00  0.000000E+00  0.000000E+00  0.000000E+00  0.000000E+00  0.000000E+00
  -675.900  0.000000E+00  0.000000E+00  0.000000E+00  0.000000E+00  0.000000E+00  0.000000E+00
  -675.800  0.000000E+00  0.000000E+00  0.000000E+00  0.000000E+00  0.000000E+00  0.000000E+00
  -675.700  0.000000E+00  0.000000E+00  0.000000E+00  0.000000E+00  0.000000E+00  0.000000E+00
  -675.600  0.000000E+00  0.000000E+00  0.000000E+00  0.000000E+00  0.000000E+00  0.000000E+00
  -675.500  0.000000E+00  0.000000E+00  0.000000E+00  0.000000E+00  0.000000E+00  0.000000E+00
  -675.400  0.000000E+00  0.000000E+00  0.000000E+00  0.000000E+00  0.000000E+00  0.000000E+00
  -675.300  0.000000E+00  0.000000E+00  0.000000E+00  0.000000E+00  0.000000E+00  0.000000E+00
  -675.200  0.000000E+00  0.000000E+00  0.000000E+00  0.000000E+00  0.000000E+00  0.000000E+00
  -675.100  0.000000E+00  0.000000E+00  0.000000E+00  0.000000E+00  0.000000E+00  0.000000E+00
  -675.000  0.000000E+00  0.000000E+00  0.000000E+00  0.000000E+00  0.000000E+00  0.000000E+00
  -674.900  0.000000E+00  0.000000E+00  0.000000E+00  0.000000E+00  0.000000E+00  0.000000E+00
  -674.800  0.000000E+00  0.000000E+00  0.000000E+00  0.000000E+00  0.000000E+00  0.000000E+00
  -674.700  0.000000E+00  0.000000E+00  0.000000E+00  0.000000E+00  0.000000E+00  0.000000E+00
  -674.600  0.000000E+00  0.000000E+00  0.000000E+00  0.000000E+00  0.000000E+00  0.000000E+00
  -674.500  0.000000E+00  0.000000E+00  0.000000E+00  0.000000E+00  0.000000E+00  0.000000E+00
  -674.400  0.000000E+00  0.000000E+00  0.000000E+00  0.000000E+00  0.000000E+00  0.000000E+00
  -674.300  0.000000E+00  0.000000E+00  0.000000E+00  0.000000E+00  0.000000E+00  0.000000E+00
  -674.200  0.000000E+00  0.000000E+00  0.000000E+00  0.000000E+00  0.000000E+00  0.000000E+00
  -674.100  0.000000E+00  0.000000E+00  0.000000E+00  0.000000E+00  0.000000E+00  0.000000E+00
  -674.000  0.000000E+00  0.000000E+00  0.000000E+00  0.000000E+00  0.000000E+00  0.000000E+00
  -673.900  0.000000E+00  0.000000E+00  0.000000E+00  0.000000E+00  0.000000E+00  0.000000E+00
  -673.800  0.000000E+00  0.000000E+00  0.000000E+00  0.000000E+00  0.000000E+00  0.000000E+00
  -673.700  0.000000E+00  0.000000E+00  0.000000E+00  0.000000E+00  0.000000E+00  0.000000E+00
  -673.600  0.000000E+00  0.000000E+00  0.000000E+00  0.000000E+00  0.000000E+00  0.000000E+00
  -673.500  0.000000E+00  0.000000E+00  0.000000E+00  0.000000E+00  0.000000E+00  0.000000E+00
  -673.400  0.000000E+00  0.000000E+00  0.000000E+00  0.000000E+00  0.000000E+00  0.000000E+00
  -673.300  0.000000E+00  0.000000E+00  0.000000E+00  0.000000E+00  0.000000E+00  0.000000E+00
  -673.200  0.000000E+00  0.000000E+00  0.000000E+00  0.000000E+00  0.000000E+00  0.000000E+00
  -673.100  0.000000E+00  0.000000E+00  0.000000E+00  0.000000E+00  0.000000E+00  0.000000E+00
  -673.000  0.000000E+00  0.000000E+00  0.000000E+00  0.000000E+00  0.000000E+00  0.000000E+00
  -672.900  0.000000E+00  0.000000E+00  0.000000E+00  0.000000E+00  0.000000E+00  0.000000E+00
  -672.800  0.000000E+00  0.000000E+00  0.000000E+00  0.000000E+00  0.000000E+00  0.000000E+00
  -672.700  0.000000E+00  0.000000E+00  0.000000E+00  0.000000E+00  0.000000E+00  0.000000E+00
  -672.600  0.000000E+00  0.000000E+00  0.000000E+00  0.000000E+00  0.000000E+00  0.000000E+00
  -672.500  0.000000E+00  0.000000E+00  0.000000E+00  0.000000E+00  0.000000E+00  0.000000E+00
  -672.400  0.000000E+00  0.000000E+00  0.000000E+00  0.000000E+00  0.000000E+00  0.000000E+00
  -672.300  0.000000E+00  0.000000E+00  0.000000E+00  0.000000E+00  0.000000E+00  0.000000E+00
  -672.200  0.000000E+00  0.000000E+00  0.000000E+00  0.000000E+00  0.000000E+00  0.000000E+00
  -672.100  0.000000E+00  0.000000E+00  0.000000E+00  0.000000E+00  0.000000E+00  0.000000E+00
  -672.000  0.000000E+00  0.000000E+00  0.000000E+00  0.000000E+00  0.000000E+00  0.000000E+00
  -671.900  0.000000E+00  0.000000E+00  0.000000E+00  0.000000E+00  0.000000E+00  0.000000E+00
  -671.800  0.000000E+00  0.000000E+00  0.000000E+00  0.000000E+00  0.000000E+00  0.000000E+00
  -671.700  0.000000E+00  0.000000E+00  0.000000E+00  0.000000E+00  0.000000E+00  0.000000E+00
  -671.600  0.000000E+00  0.000000E+00  0.000000E+00  0.000000E+00  0.000000E+00  0.000000E+00
  -671.500  0.000000E+00  0.000000E+00  0.000000E+00  0.000000E+00  0.000000E+00  0.000000E+00
  -671.400  0.000000E+00  0.000000E+00  0.000000E+00  0.000000E+00  0.000000E+00  0.000000E+00
  -671.300  0.000000E+00  0.000000E+00  0.000000E+00  0.000000E+00  0.000000E+00  0.000000E+00
  -671.200  0.000000E+00  0.000000E+00  0.000000E+00  0.000000E+00  0.000000E+00  0.000000E+00
  -671.100  0.000000E+00  0.000000E+00  0.000000E+00  0.000000E+00  0.000000E+00  0.000000E+00
  -671.000  0.000000E+00  0.000000E+00  0.000000E+00  0.000000E+00  0.000000E+00  0.000000E+00
  -670.900  0.000000E+00  0.000000E+00  0.000000E+00  0.000000E+00  0.000000E+00  0.000000E+00
  -670.800  0.000000E+00  0.000000E+00  0.000000E+00  0.000000E+00  0.000000E+00  0.000000E+00
  -670.700  0.000000E+00  0.000000E+00  0.000000E+00  0.000000E+00  0.000000E+00  0.000000E+00
  -670.600  0.000000E+00  0.000000E+00  0.000000E+00  0.000000E+00  0.000000E+00  0.000000E+00
  -670.500  0.000000E+00  0.000000E+00  0.000000E+00  0.000000E+00  0.000000E+00  0.000000E+00
  -670.400  0.000000E+00  0.000000E+00  0.000000E+00  0.000000E+00  0.000000E+00  0.000000E+00
  -670.300  0.000000E+00  0.000000E+00  0.000000E+00  0.000000E+00  0.000000E+00  0.000000E+00
  -670.200  0.000000E+00  0.000000E+00  0.000000E+00  0.000000E+00  0.000000E+00  0.000000E+00
  -670.100  0.000000E+00  0.000000E+00  0.000000E+00  0.000000E+00  0.000000E+00  0.000000E+00
  -670.000  0.000000E+00  0.000000E+00  0.000000E+00  0.000000E+00  0.000000E+00  0.000000E+00
  -669.900  0.000000E+00  0.000000E+00  0.000000E+00  0.000000E+00  0.000000E+00  0.000000E+00
  -669.800  0.000000E+00  0.000000E+00  0.000000E+00  0.000000E+00  0.000000E+00  0.000000E+00
  -669.700  0.000000E+00  0.000000E+00  0.000000E+00  0.000000E+00  0.000000E+00  0.000000E+00
  -669.600  0.000000E+00  0.000000E+00  0.000000E+00  0.000000E+00  0.000000E+00  0.000000E+00
  -669.500  0.000000E+00  0.000000E+00  0.000000E+00  0.000000E+00  0.000000E+00  0.000000E+00
  -669.400  0.000000E+00  0.000000E+00  0.000000E+00  0.000000E+00  0.000000E+00  0.000000E+00
  -669.300  0.000000E+00  0.000000E+00  0.000000E+00  0.000000E+00  0.000000E+00  0.000000E+00
  -669.200  0.000000E+00  0.000000E+00  0.000000E+00  0.000000E+00  0.000000E+00  0.000000E+00
  -669.100  0.000000E+00  0.000000E+00  0.000000E+00  0.000000E+00  0.000000E+00  0.000000E+00
  -669.000  0.000000E+00  0.000000E+00  0.000000E+00  0.000000E+00  0.000000E+00  0.000000E+00
  -668.900  0.000000E+00  0.000000E+00  0.000000E+00  0.000000E+00  0.000000E+00  0.000000E+00
  -668.800  0.000000E+00  0.000000E+00  0.000000E+00  0.000000E+00  0.000000E+00  0.000000E+00
  -668.700  0.000000E+00  0.000000E+00  0.000000E+00  0.000000E+00  0.000000E+00  0.000000E+00
  -668.600  0.000000E+00  0.000000E+00  0.000000E+00  0.000000E+00  0.000000E+00  0.000000E+00
  -668.500  0.000000E+00  0.000000E+00  0.000000E+00  0.000000E+00  0.000000E+00  0.000000E+00
  -668.400  0.000000E+00  0.000000E+00  0.000000E+00  0.000000E+00  0.000000E+00  0.000000E+00
  -668.300  0.000000E+00  0.000000E+00  0.000000E+00  0.000000E+00  0.000000E+00  0.000000E+00
  -668.200  0.000000E+00  0.000000E+00  0.000000E+00  0.000000E+00  0.000000E+00  0.000000E+00
  -668.100  0.000000E+00  0.000000E+00  0.000000E+00  0.000000E+00  0.000000E+00  0.000000E+00
  -668.000  0.000000E+00  0.000000E+00  0.000000E+00  0.000000E+00  0.000000E+00  0.000000E+00
  -667.900  0.000000E+00  0.000000E+00  0.000000E+00  0.000000E+00  0.000000E+00  0.000000E+00
  -667.800  0.000000E+00  0.000000E+00  0.000000E+00  0.000000E+00  0.000000E+00  0.000000E+00
  -667.700  0.000000E+00  0.000000E+00  0.000000E+00  0.000000E+00  0.000000E+00  0.000000E+00
  -667.600  0.000000E+00  0.000000E+00  0.000000E+00  0.000000E+00  0.000000E+00  0.000000E+00
  -667.500  0.000000E+00  0.000000E+00  0.000000E+00  0.000000E+00  0.000000E+00  0.000000E+00
  -667.400  0.000000E+00  0.000000E+00  0.000000E+00  0.000000E+00  0.000000E+00  0.000000E+00
  -667.300  0.000000E+00  0.000000E+00  0.000000E+00  0.000000E+00  0.000000E+00  0.000000E+00
  -667.200  0.000000E+00  0.000000E+00  0.000000E+00  0.000000E+00  0.000000E+00  0.000000E+00
  -667.100  0.000000E+00  0.000000E+00  0.000000E+00  0.000000E+00  0.000000E+00  0.000000E+00
  -667.000  0.000000E+00  0.000000E+00  0.000000E+00  0.000000E+00  0.000000E+00  0.000000E+00
  -666.900  0.000000E+00  0.000000E+00  0.000000E+00  0.000000E+00  0.000000E+00  0.000000E+00
  -666.800  0.000000E+00  0.000000E+00  0.000000E+00  0.000000E+00  0.000000E+00  0.000000E+00
  -666.700  0.000000E+00  0.000000E+00  0.000000E+00  0.000000E+00  0.000000E+00  0.000000E+00
  -666.600  0.000000E+00  0.000000E+00  0.000000E+00  0.000000E+00  0.000000E+00  0.000000E+00
  -666.500  0.179108E-04  0.168162E-04  0.000000E+00  0.000000E+00  0.000000E+00  0.000000E+00
  -666.400  0.280045E-04  0.262790E-04  0.221659E-04  0.203207E-04  0.193318E-04  0.161888E-04
  -666.300  0.433527E-04  0.406646E-04  0.343607E-04  0.315340E-04  0.300185E-04  0.251974E-04
  -666.200  0.664737E-04  0.623354E-04  0.527761E-04  0.484909E-04  0.461923E-04  0.388727E-04
  -666.100  0.100985E-03  0.946891E-04  0.803427E-04  0.739120E-04  0.704607E-04  0.594576E-04
  -666.000  0.152023E-03  0.142561E-03  0.121248E-03  0.111693E-03  0.106561E-03  0.901811E-04
  -665.900  0.226798E-03  0.212753E-03  0.181408E-03  0.167347E-03  0.159791E-03  0.135639E-03
  -665.800  0.335292E-03  0.314706E-03  0.269070E-03  0.248582E-03  0.237563E-03  0.202291E-03
  -665.700  0.491123E-03  0.461345E-03  0.395577E-03  0.366017E-03  0.350104E-03  0.299092E-03
  -665.600  0.712580E-03  0.670090E-03  0.576294E-03  0.534070E-03  0.511321E-03  0.438275E-03
  -665.500  0.102380E-02  0.964023E-03  0.831687E-03  0.772000E-03  0.739809E-03  0.636284E-03
  -665.400  0.145606E-02  0.137319E-02  0.118855E-02  0.110508E-02  0.106002E-02  0.914850E-03
  -665.300  0.204906E-02  0.193595E-02  0.168130E-02  0.156588E-02  0.150349E-02  0.130219E-02
  -665.200  0.285217E-02  0.270028E-02  0.235330E-02  0.219554E-02  0.211018E-02  0.183425E-02
  -665.100  0.392538E-02  0.372488E-02  0.325802E-02  0.304503E-02  0.292963E-02  0.255597E-02
  -665.000  0.533988E-02  0.507999E-02  0.446005E-02  0.417612E-02  0.402207E-02  0.352239E-02
  -664.900  0.717797E-02  0.684762E-02  0.603562E-02  0.566208E-02  0.545914E-02  0.479962E-02
  -664.800  0.953222E-02  0.912113E-02  0.807263E-02  0.758792E-02  0.732418E-02  0.646539E-02
  -664.700  0.125037E-01  0.120040E-01  0.106701E-01  0.100500E-01  0.971201E-02  0.860925E-02
  -664.600  0.161993E-01  0.156077E-01  0.139367E-01  0.131550E-01  0.127281E-01  0.113322E-01
  -664.500  0.207277E-01  0.200487E-01  0.179890E-01  0.170183E-01  0.164872E-01  0.147461E-01
  -664.400  0.261954E-01  0.254450E-01  0.229484E-01  0.217618E-01  0.211111E-01  0.189721E-01
  -664.300  0.327015E-01  0.319115E-01  0.289387E-01  0.275114E-01  0.267267E-01  0.241391E-01
  -664.200  0.403321E-01  0.395566E-01  0.360824E-01  0.343942E-01  0.334632E-01  0.303822E-01
  -664.100  0.491566E-01  0.484774E-01  0.444980E-01  0.425358E-01  0.414498E-01  0.378407E-01
  -664.000  0.592228E-01  0.587571E-01  0.542976E-01  0.520585E-01  0.508137E-01  0.466565E-01
  -663.900  0.705545E-01  0.704622E-01  0.655847E-01  0.630790E-01  0.616785E-01  0.569729E-01
  -663.800  0.831504E-01  0.836420E-01  0.784540E-01  0.757085E-01  0.741635E-01  0.689343E-01
  -663.700  0.969844E-01  0.983286E-01  0.929908E-01  0.900517E-01  0.883835E-01  0.826849E-01
  -663.600  0.112007E+00  0.114538E+00  0.109272E+00  0.106208E+00  0.104449E+00  0.983695E-01
  -663.500  0.128149E+00  0.132272E+00  0.127366E+00  0.124270E+00  0.122466E+00  0.116133E+00
  -663.400  0.145324E+00  0.151521E+00  0.147334E+00  0.144327E+00  0.142536E+00  0.136118E+00
  -663.300  0.163435E+00  0.172265E+00  0.169232E+00  0.166461E+00  0.164756E+00  0.158467E+00
  -663.200  0.182373E+00  0.194474E+00  0.193104E+00  0.190745E+00  0.189216E+00  0.183315E+00
  -663.100  0.202026E+00  0.218107E+00  0.218984E+00  0.217244E+00  0.215993E+00  0.210787E+00
  -663.000  0.222275E+00  0.243112E+00  0.246889E+00  0.246002E+00  0.245147E+00  0.240993E+00
  -662.900  0.242998E+00  0.269421E+00  0.276816E+00  0.277040E+00  0.276715E+00  0.274017E+00
  -662.800  0.264069E+00  0.296947E+00  0.308729E+00  0.310351E+00  0.310701E+00  0.309911E+00
  -662.700  0.285358E+00  0.325577E+00  0.342559E+00  0.345886E+00  0.347071E+00  0.348685E+00
  -662.600  0.306732E+00  0.355174E+00  0.378197E+00  0.383553E+00  0.385743E+00  0.390299E+00
  -662.500  0.328054E+00  0.385575E+00  0.415488E+00  0.423211E+00  0.426584E+00  0.434658E+00
  -662.400  0.349190E+00  0.416589E+00  0.454235E+00  0.464669E+00  0.469411E+00  0.481606E+00
  -662.300  0.370012E+00  0.448009E+00  0.494201E+00  0.507691E+00  0.513989E+00  0.530929E+00
  -662.200  0.390410E+00  0.479621E+00  0.535119E+00  0.552002E+00  0.560040E+00  0.582357E+00
  -662.100  0.410298E+00  0.511213E+00  0.576703E+00  0.597299E+00  0.607258E+00  0.635575E+00
  -662.000  0.429630E+00  0.542597E+00  0.618669E+00  0.643270E+00  0.655318E+00  0.690232E+00
  -661.900  0.448412E+00  0.573624E+00  0.660748E+00  0.689609E+00  0.703897E+00  0.745963E+00
  -661.800  0.466713E+00  0.604205E+00  0.702711E+00  0.736041E+00  0.752695E+00  0.802399E+00
  -661.700  0.484676E+00  0.634323E+00  0.744386E+00  0.782333E+00  0.801450E+00  0.859190E+00
  -661.600  0.502527E+00  0.664049E+00  0.785675E+00  0.828320E+00  0.849962E+00  0.916025E+00
  -661.500  0.520569E+00  0.693549E+00  0.826565E+00  0.873915E+00  0.898103E+00  0.972645E+00
  -661.400  0.539184E+00  0.723083E+00  0.867138E+00  0.919118E+00  0.945831E+00  0.102886E+01
  -661.300  0.558814E+00  0.752997E+00  0.907569E+00  0.964023E+00  0.993189E+00  0.108455E+01
  -661.200  0.579943E+00  0.783710E+00  0.948120E+00  0.100881E+01  0.104032E+01  0.113969E+01
  -661.100  0.603068E+00  0.815689E+00  0.989126E+00  0.105374E+01  0.108743E+01  0.119434E+01
  -661.000  0.628668E+00  0.849421E+00  0.103097E+01  0.109914E+01  0.113481E+01  0.124863E+01
  -660.900  0.657167E+00  0.885374E+00  0.107408E+01  0.114538E+01  0.118279E+01  0.130278E+01
  -660.800  0.688894E+00  0.923967E+00  0.111886E+01  0.119283E+01  0.123175E+01  0.135706E+01
  -660.700  0.724052E+00  0.965524E+00  0.116568E+01  0.124188E+01  0.128205E+01  0.141178E+01
  -660.600  0.762685E+00  0.101025E+01  0.121484E+01  0.129285E+01  0.133401E+01  0.146726E+01
  -660.500  0.804659E+00  0.105818E+01  0.126657E+01  0.134599E+01  0.138792E+01  0.152384E+01
  -660.400  0.849649E+00  0.110920E+01  0.132092E+01  0.140145E+01  0.144397E+01  0.158179E+01
  -660.300  0.897145E+00  0.116298E+01  0.137783E+01  0.145926E+01  0.150220E+01  0.164132E+01
  -660.200  0.946464E+00  0.121904E+01  0.143705E+01  0.151927E+01  0.156257E+01  0.170254E+01
  -660.100  0.996778E+00  0.127669E+01  0.149818E+01  0.158121E+01  0.162483E+01  0.176544E+01
  -660.000  0.104715E+01  0.133511E+01  0.156064E+01  0.164461E+01  0.168861E+01  0.182983E+01
  -659.900  0.109660E+01  0.139337E+01  0.162370E+01  0.170887E+01  0.175334E+01  0.189541E+01
  -659.800  0.114410E+01  0.145044E+01  0.168651E+01  0.177320E+01  0.181831E+01  0.196165E+01
  -659.700  0.118869E+01  0.150528E+01  0.174810E+01  0.183673E+01  0.188269E+01  0.202789E+01
  -659.600  0.122948E+01  0.155685E+01  0.180745E+01  0.189847E+01  0.194552E+01  0.209330E+01
  -659.500  0.126570E+01  0.160416E+01  0.186350E+01  0.195736E+01  0.200575E+01  0.215691E+01
  -659.400  0.129675E+01  0.164631E+01  0.191522E+01  0.201235E+01  0.206231E+01  0.221765E+01
  -659.300  0.132217E+01  0.168256E+01  0.196160E+01  0.206237E+01  0.211412E+01  0.227440E+01
  -659.200  0.134172E+01  0.171228E+01  0.200175E+01  0.210642E+01  0.216013E+01  0.232597E+01
  -659.100  0.135531E+01  0.173505E+01  0.203488E+01  0.214360E+01  0.219938E+01  0.237123E+01
  -659.000  0.136302E+01  0.175059E+01  0.206037E+01  0.217313E+01  0.223100E+01  0.240910E+01
  -658.900  0.136509E+01  0.175885E+01  0.207774E+01  0.219439E+01  0.225431E+01  0.243863E+01
  -658.800  0.136190E+01  0.175991E+01  0.208674E+01  0.220695E+01  0.226877E+01  0.245902E+01
  -658.700  0.135390E+01  0.175406E+01  0.208730E+01  0.221058E+01  0.227408E+01  0.246967E+01
  -658.600  0.134167E+01  0.174172E+01  0.207953E+01  0.220528E+01  0.227016E+01  0.247023E+01
  -658.500  0.132579E+01  0.172344E+01  0.206378E+01  0.219125E+01  0.225712E+01  0.246061E+01
  -658.400  0.130691E+01  0.169989E+01  0.204056E+01  0.216890E+01  0.223536E+01  0.244097E+01
  -658.300  0.128565E+01  0.167181E+01  0.201054E+01  0.213888E+01  0.220544E+01  0.241176E+01
  -658.200  0.126264E+01  0.164001E+01  0.197455E+01  0.210197E+01  0.216816E+01  0.237368E+01
  -658.100  0.123848E+01  0.160531E+01  0.193352E+01  0.205911E+01  0.212446E+01  0.232767E+01
  -658.000  0.121368E+01  0.156853E+01  0.188844E+01  0.201136E+01  0.207540E+01  0.227484E+01
  -657.900  0.118873E+01  0.153045E+01  0.184035E+01  0.195982E+01  0.202214E+01  0.221645E+01
  -657.800  0.116401E+01  0.149179E+01  0.179026E+01  0.190563E+01  0.196586E+01  0.215383E+01
  -657.700  0.113983E+01  0.145320E+01  0.173914E+01  0.184986E+01  0.190771E+01  0.208832E+01
  -657.600  0.111642E+01  0.141522E+01  0.168788E+01  0.179356E+01  0.184878E+01  0.202125E+01
  -657.500  0.109389E+01  0.137827E+01  0.163724E+01  0.173762E+01  0.179007E+01  0.195382E+01
  -657.400  0.107227E+01  0.134265E+01  0.158787E+01  0.168281E+01  0.173240E+01  0.188711E+01
  -657.300  0.105152E+01  0.130855E+01  0.154024E+01  0.162976E+01  0.167648E+01  0.182204E+01
  -657.200  0.103150E+01  0.127603E+01  0.149469E+01  0.157890E+01  0.162280E+01  0.175930E+01
  -657.100  0.101202E+01  0.124506E+01  0.145138E+01  0.153052E+01  0.157170E+01  0.169941E+01
  -657.000  0.992845E+00  0.121549E+01  0.141037E+01  0.148472E+01  0.152333E+01  0.164267E+01
  -656.900  0.973697E+00  0.118713E+01  0.137157E+01  0.144148E+01  0.147770E+01  0.158919E+01
  -656.800  0.954301E+00  0.115971E+01  0.133477E+01  0.140066E+01  0.143468E+01  0.153892E+01
  -656.700  0.934387E+00  0.113295E+01  0.129973E+01  0.136199E+01  0.139403E+01  0.149168E+01
  -656.600  0.913716E+00  0.110653E+01  0.126611E+01  0.132516E+01  0.135543E+01  0.144715E+01
  -656.500  0.892092E+00  0.108018E+01  0.123357E+01  0.128981E+01  0.131853E+01  0.140497E+01
  -656.400  0.869384E+00  0.105362E+01  0.120176E+01  0.125557E+01  0.128293E+01  0.136473E+01
  -656.300  0.845532E+00  0.102664E+01  0.117037E+01  0.122207E+01  0.124826E+01  0.132602E+01
  -656.200  0.820556E+00  0.999074E+00  0.113909E+01  0.118901E+01  0.121419E+01  0.128846E+01
  -656.100  0.794561E+00  0.970838E+00  0.110773E+01  0.115612E+01  0.118043E+01  0.125171E+01
  -656.000  0.767736E+00  0.941922E+00  0.107612E+01  0.112322E+01  0.114679E+01  0.121553E+01
  -655.900  0.740351E+00  0.912400E+00  0.104422E+01  0.109020E+01  0.111314E+01  0.117974E+01
  -655.800  0.712747E+00  0.882430E+00  0.101206E+01  0.105706E+01  0.107947E+01  0.114428E+01
  -655.700  0.685324E+00  0.852249E+00  0.979750E+00  0.102389E+01  0.104584E+01  0.110919E+01
  -655.600  0.658526E+00  0.822167E+00  0.947510E+00  0.990870E+00  0.101242E+01  0.107458E+01
  -655.500  0.632823E+00  0.792552E+00  0.915617E+00  0.958249E+00  0.979450E+00  0.104066E+01
  -655.400  0.608689E+00  0.763815E+00  0.884410E+00  0.926341E+00  0.947225E+00  0.100770E+01
  -655.300  0.586580E+00  0.736390E+00  0.854268E+00  0.895499E+00  0.916089E+00  0.975984E+00
  -655.200  0.566912E+00  0.710714E+00  0.825583E+00  0.866093E+00  0.886397E+00  0.945828E+00
  -655.100  0.550037E+00  0.687199E+00  0.798743E+00  0.838487E+00  0.858499E+00  0.917527E+00
  -655.000  0.536229E+00  0.666215E+00  0.774103E+00  0.813014E+00  0.832714E+00  0.891338E+00
  -654.900  0.525664E+00  0.648067E+00  0.751967E+00  0.789958E+00  0.809308E+00  0.867466E+00
  -654.800  0.518413E+00  0.632981E+00  0.732574E+00  0.769534E+00  0.788485E+00  0.846042E+00
  -654.700  0.514439E+00  0.621088E+00  0.716080E+00  0.751884E+00  0.770369E+00  0.827123E+00
  -654.600  0.513593E+00  0.612423E+00  0.702557E+00  0.737063E+00  0.755003E+00  0.810687E+00
  -654.500  0.515629E+00  0.606917E+00  0.691986E+00  0.725047E+00  0.742353E+00  0.796641E+00
  -654.400  0.520209E+00  0.604409E+00  0.684268E+00  0.715734E+00  0.732310E+00  0.784831E+00
  -654.300  0.526924E+00  0.604648E+00  0.679228E+00  0.708954E+00  0.724703E+00  0.775058E+00
  -654.200  0.535308E+00  0.607309E+00  0.676625E+00  0.704485E+00  0.719315E+00  0.767096E+00
  -654.100  0.544860E+00  0.612008E+00  0.676170E+00  0.702062E+00  0.715888E+00  0.760704E+00
  -654.000  0.555062E+00  0.618312E+00  0.677534E+00  0.701392E+00  0.714148E+00  0.755646E+00
  -653.900  0.565397E+00  0.625763E+00  0.680365E+00  0.702165E+00  0.713807E+00  0.751699E+00
  -653.800  0.575364E+00  0.633888E+00  0.684297E+00  0.704065E+00  0.714575E+00  0.748658E+00
  -653.700  0.584492E+00  0.642215E+00  0.688960E+00  0.706777E+00  0.716168E+00  0.746342E+00
  -653.600  0.592356E+00  0.650285E+00  0.693990E+00  0.709992E+00  0.718309E+00  0.744589E+00
  -653.500  0.598579E+00  0.657667E+00  0.699031E+00  0.713408E+00  0.720729E+00  0.743248E+00
  -653.400  0.602852E+00  0.663968E+00  0.703746E+00  0.716737E+00  0.723169E+00  0.742179E+00
  -653.300  0.604933E+00  0.668843E+00  0.707821E+00  0.719701E+00  0.725380E+00  0.741237E+00
  -653.200  0.604659E+00  0.672004E+00  0.710969E+00  0.722043E+00  0.727121E+00  0.740273E+00
  -653.100  0.601947E+00  0.673230E+00  0.712938E+00  0.723524E+00  0.728168E+00  0.739124E+00
  -653.000  0.596806E+00  0.672376E+00  0.713517E+00  0.723930E+00  0.728310E+00  0.737620E+00
  -652.900  0.589331E+00  0.669374E+00  0.712545E+00  0.723081E+00  0.727363E+00  0.735581E+00
  -652.800  0.579710E+00  0.664242E+00  0.709912E+00  0.720834E+00  0.725171E+00  0.732828E+00
  -652.700  0.568221E+00  0.657081E+00  0.705569E+00  0.717092E+00  0.721612E+00  0.729188E+00
  -652.600  0.555229E+00  0.648077E+00  0.699529E+00  0.711808E+00  0.716613E+00  0.724507E+00
  -652.500  0.541178E+00  0.637498E+00  0.691871E+00  0.704990E+00  0.710145E+00  0.718656E+00
  -652.400  0.526586E+00  0.625686E+00  0.682737E+00  0.696705E+00  0.702236E+00  0.711545E+00
  -652.300  0.512039E+00  0.613049E+00  0.672332E+00  0.687075E+00  0.692966E+00  0.703125E+00
  -652.200  0.498173E+00  0.600054E+00  0.660919E+00  0.676280E+00  0.682472E+00  0.693399E+00
  -652.100  0.485672E+00  0.587218E+00  0.648815E+00  0.664556E+00  0.670946E+00  0.682423E+00
  -652.000  0.475255E+00  0.575097E+00  0.636383E+00  0.652188E+00  0.658632E+00  0.670309E+00
  -651.900  0.467663E+00  0.564280E+00  0.624034E+00  0.639511E+00  0.645825E+00  0.657226E+00
  -651.800  0.463655E+00  0.555379E+00  0.612216E+00  0.626906E+00  0.632870E+00  0.643405E+00
  -651.700  0.463990E+00  0.549026E+00  0.601413E+00  0.614797E+00  0.620160E+00  0.629135E+00
  -651.600  0.469422E+00  0.545862E+00  0.592146E+00  0.603653E+00  0.608134E+00  0.614765E+00
  -651.500  0.480686E+00  0.546534E+00  0.584960E+00  0.593978E+00  0.597276E+00  0.600706E+00
  -651.400  0.498481E+00  0.551680E+00  0.580429E+00  0.586313E+00  0.588108E+00  0.587421E+00
  -651.300  0.523452E+00  0.561924E+00  0.579136E+00  0.581225E+00  0.581187E+00  0.575427E+00
  -651.200  0.556169E+00  0.577851E+00  0.581670E+00  0.579295E+00  0.577089E+00  0.565277E+00
  -651.100  0.597103E+00  0.599989E+00  0.588601E+00  0.581101E+00  0.576394E+00  0.557550E+00
  -651.000  0.646593E+00  0.628785E+00  0.600458E+00  0.587196E+00  0.579665E+00  0.552828E+00
  -650.900  0.704815E+00  0.664569E+00  0.617702E+00  0.598081E+00  0.587420E+00  0.551670E+00
  -650.800  0.771751E+00  0.707523E+00  0.640690E+00  0.614169E+00  0.600098E+00  0.554584E+00
  -650.700  0.847154E+00  0.757647E+00  0.669647E+00  0.635756E+00  0.618032E+00  0.561991E+00
  -650.600  0.930521E+00  0.814727E+00  0.704627E+00  0.662987E+00  0.641408E+00  0.574194E+00
  -650.500  0.102107E+01  0.878312E+00  0.745486E+00  0.695826E+00  0.670241E+00  0.591350E+00
  -650.400  0.111774E+01  0.947694E+00  0.791865E+00  0.734032E+00  0.704350E+00  0.613443E+00
  -650.300  0.121916E+01  0.102191E+01  0.843174E+00  0.777147E+00  0.743342E+00  0.640265E+00
  -650.200  0.132374E+01  0.109975E+01  0.898599E+00  0.824498E+00  0.786615E+00  0.671416E+00
  -650.100  0.142961E+01  0.117979E+01  0.957117E+00  0.875210E+00  0.833364E+00  0.706302E+00
  -650.000  0.153478E+01  0.126045E+01  0.101753E+01  0.928230E+00  0.882611E+00  0.744160E+00
  -649.900  0.163715E+01  0.134004E+01  0.107853E+01  0.982374E+00  0.933242E+00  0.784085E+00
  -649.800  0.173461E+01  0.141683E+01  0.113871E+01  0.103638E+01  0.984056E+00  0.825071E+00
  -649.700  0.182513E+01  0.148915E+01  0.119670E+01  0.108896E+01  0.103382E+01  0.866059E+00
  -649.600  0.190690E+01  0.155549E+01  0.125116E+01  0.113888E+01  0.108135E+01  0.905991E+00
  -649.500  0.197836E+01  0.161451E+01  0.130092E+01  0.118500E+01  0.112553E+01  0.943861E+00
  -649.400  0.203831E+01  0.166518E+01  0.134497E+01  0.122635E+01  0.116540E+01  0.978765E+00
  -649.300  0.208594E+01  0.170676E+01  0.138256E+01  0.126216E+01  0.120020E+01  0.100994E+01
  -649.200  0.212087E+01  0.173888E+01  0.141318E+01  0.129189E+01  0.122935E+01  0.103680E+01
  -649.100  0.214313E+01  0.176148E+01  0.143660E+01  0.131523E+01  0.125254E+01  0.105893E+01
  -649.000  0.215315E+01  0.177481E+01  0.145284E+01  0.133214E+01  0.126967E+01  0.107613E+01
  -648.900  0.215166E+01  0.177941E+01  0.146215E+01  0.134275E+01  0.128083E+01  0.108836E+01
  -648.800  0.213965E+01  0.177599E+01  0.146496E+01  0.134741E+01  0.128631E+01  0.109577E+01
  -648.700  0.211823E+01  0.176540E+01  0.146185E+01  0.134656E+01  0.128651E+01  0.109862E+01
  -648.600  0.208859E+01  0.174854E+01  0.145344E+01  0.134076E+01  0.128193E+01  0.109726E+01
  -648.500  0.205189E+01  0.172627E+01  0.144039E+01  0.133058E+01  0.127311E+01  0.109212E+01
  -648.400  0.200919E+01  0.169939E+01  0.142333E+01  0.131658E+01  0.126057E+01  0.108361E+01
  -648.300  0.196137E+01  0.166856E+01  0.140279E+01  0.129926E+01  0.124479E+01  0.107215E+01
  -648.200  0.190915E+01  0.163430E+01  0.137922E+01  0.127903E+01  0.122618E+01  0.105811E+01
  -648.100  0.185306E+01  0.159693E+01  0.135292E+01  0.125620E+01  0.120504E+01  0.104177E+01
  -648.000  0.179345E+01  0.155666E+01  0.132409E+01  0.123097E+01  0.118156E+01  0.102334E+01
  -647.900  0.173052E+01  0.151352E+01  0.129278E+01  0.120342E+01  0.115585E+01  0.100293E+01
  -647.800  0.166438E+01  0.146746E+01  0.125899E+01  0.117356E+01  0.112791E+01  0.980592E+00
  -647.700  0.159508E+01  0.141839E+01  0.122261E+01  0.114129E+01  0.109767E+01  0.956282E+00
  -647.600  0.152270E+01  0.136618E+01  0.118351E+01  0.110651E+01  0.106503E+01  0.929919E+00
  -647.500  0.144734E+01  0.131075E+01  0.114157E+01  0.106909E+01  0.102986E+01  0.901393E+00
  -647.400  0.136920E+01  0.125209E+01  0.109672E+01  0.102895E+01  0.992073E+00  0.870599E+00
  -647.300  0.128861E+01  0.119030E+01  0.104894E+01  0.986031E+00  0.951610E+00  0.837458E+00
  -647.200  0.120601E+01  0.112562E+01  0.998307E+00  0.940390E+00  0.908497E+00  0.801943E+00
  -647.100  0.112197E+01  0.105838E+01  0.945020E+00  0.892161E+00  0.862847E+00  0.764103E+00
  -647.000  0.103717E+01  0.989086E+00  0.889384E+00  0.841592E+00  0.814878E+00  0.724070E+00
  -646.900  0.952386E+00  0.918340E+00  0.831823E+00  0.789036E+00  0.764911E+00  0.682072E+00
  -646.800  0.868446E+00  0.846840E+00  0.772858E+00  0.734949E+00  0.713366E+00  0.638428E+00
  -646.700  0.786197E+00  0.775349E+00  0.713091E+00  0.679867E+00  0.660746E+00  0.593540E+00
  -646.600  0.706473E+00  0.704661E+00  0.653182E+00  0.624390E+00  0.607620E+00  0.547879E+00
  -646.500  0.630062E+00  0.635568E+00  0.593818E+00  0.569154E+00  0.554596E+00  0.501968E+00
  -646.400  0.557675E+00  0.568827E+00  0.535687E+00  0.514808E+00  0.502300E+00  0.456355E+00
  -646.300  0.489932E+00  0.505137E+00  0.479449E+00  0.461980E+00  0.451343E+00  0.411590E+00
  -646.200  0.427344E+00  0.445113E+00  0.425710E+00  0.411261E+00  0.402304E+00  0.368207E+00
  -646.100  0.370313E+00  0.389273E+00  0.375010E+00  0.363181E+00  0.355707E+00  0.326695E+00
  -646.000  0.319130E+00  0.338033E+00  0.327801E+00  0.318195E+00  0.312002E+00  0.287490E+00
  -645.900  0.273991E+00  0.291704E+00  0.284444E+00  0.276670E+00  0.271561E+00  0.250955E+00
  -645.800  0.235005E+00  0.250494E+00  0.245208E+00  0.238887E+00  0.234667E+00  0.217379E+00
  -645.700  0.202209E+00  0.214522E+00  0.210267E+00  0.205037E+00  0.201519E+00  0.186971E+00
  -645.600  0.175587E+00  0.183828E+00  0.179713E+00  0.175229E+00  0.172232E+00  0.159861E+00
  -645.500  0.155077E+00  0.158384E+00  0.153564E+00  0.149494E+00  0.146845E+00  0.136109E+00
  -645.400  0.140588E+00  0.138109E+00  0.131772E+00  0.127800E+00  0.125334E+00  0.115709E+00
  -645.300  0.132000E+00  0.122879E+00  0.114240E+00  0.110063E+00  0.107619E+00  0.986024E-01
  -645.200  0.129167E+00  0.112535E+00  0.100828E+00  0.961520E-01  0.935777E-01  0.846844E-01
  -645.100  0.131912E+00  0.106892E+00  0.913633E-01  0.859054E-01  0.830528E-01  0.738165E-01
  -645.000  0.140016E+00  0.105737E+00  0.856496E-01  0.791351E-01  0.758614E-01  0.658341E-01
  -644.900  0.153210E+00  0.108830E+00  0.834691E-01  0.756332E-01  0.718014E-01  0.605540E-01
  -644.800  0.171159E+00  0.115901E+00  0.845866E-01  0.751767E-01  0.706559E-01  0.577804E-01
  -644.700  0.193452E+00  0.126646E+00  0.887503E-01  0.775296E-01  0.721970E-01  0.573093E-01
  -644.600  0.219596E+00  0.140726E+00  0.956925E-01  0.824447E-01  0.761872E-01  0.589321E-01
  -644.500  0.249010E+00  0.157761E+00  0.105130E+00  0.896649E-01  0.823817E-01  0.624382E-01
  -644.400  0.281037E+00  0.177337E+00  0.116766E+00  0.989248E-01  0.905298E-01  0.676170E-01
  -644.300  0.314955E+00  0.199006E+00  0.130291E+00  0.109953E+00  0.100377E+00  0.742600E-01
  -644.200  0.350000E+00  0.222298E+00  0.145389E+00  0.122475E+00  0.111669E+00  0.821628E-01
  -644.100  0.385393E+00  0.246734E+00  0.161744E+00  0.136219E+00  0.124151E+00  0.911272E-01
  -644.000  0.420378E+00  0.271838E+00  0.179040E+00  0.150915E+00  0.137579E+00  0.100963E+00
  -643.900  0.454249E+00  0.297153E+00  0.196975E+00  0.166306E+00  0.151714E+00  0.111488E+00
  -643.800  0.486383E+00  0.322253E+00  0.215261E+00  0.182145E+00  0.166329E+00  0.122530E+00
  -643.700  0.516261E+00  0.346756E+00  0.233627E+00  0.198199E+00  0.181210E+00  0.133925E+00
  -643.600  0.543482E+00  0.370324E+00  0.251822E+00  0.214249E+00  0.196152E+00  0.145515E+00
  -643.500  0.567763E+00  0.392667E+00  0.269609E+00  0.230082E+00  0.210957E+00  0.157142E+00
  -643.400  0.588931E+00  0.413533E+00  0.286763E+00  0.245492E+00  0.225429E+00  0.168645E+00
  -643.300  0.606901E+00  0.432701E+00  0.303060E+00  0.260269E+00  0.239367E+00  0.179857E+00
  -643.200  0.621654E+00  0.449966E+00  0.318273E+00  0.274195E+00  0.252560E+00  0.190598E+00
  -643.100  0.633206E+00  0.465127E+00  0.332166E+00  0.287040E+00  0.264785E+00  0.200671E+00
  -643.000  0.641584E+00  0.477980E+00  0.344487E+00  0.298559E+00  0.275802E+00  0.209868E+00
  -642.900  0.646811E+00  0.488310E+00  0.354978E+00  0.308496E+00  0.285361E+00  0.217967E+00
  -642.800  0.648889E+00  0.495898E+00  0.363372E+00  0.316592E+00  0.293209E+00  0.224744E+00
  -642.700  0.647805E+00  0.500529E+00  0.369414E+00  0.322594E+00  0.299100E+00  0.229982E+00
  -642.600  0.643540E+00  0.502005E+00  0.372872E+00  0.326274E+00  0.302810E+00  0.233482E+00
  -642.500  0.636088E+00  0.500172E+00  0.373555E+00  0.327447E+00  0.304156E+00  0.235083E+00
  -642.400  0.625477E+00  0.494935E+00  0.371337E+00  0.325983E+00  0.303013E+00  0.234668E+00
  -642.300  0.611789E+00  0.486282E+00  0.366169E+00  0.321829E+00  0.299323E+00  0.232183E+00
  -642.200  0.595184E+00  0.474297E+00  0.358092E+00  0.315014E+00  0.293113E+00  0.227641E+00
  -642.100  0.575904E+00  0.459170E+00  0.347246E+00  0.305660E+00  0.284493E+00  0.221127E+00
  -642.000  0.554280E+00  0.441198E+00  0.333864E+00  0.293974E+00  0.273661E+00  0.212798E+00
  -641.900  0.530722E+00  0.420773E+00  0.318269E+00  0.280248E+00  0.260887E+00  0.202871E+00
  -641.800  0.505707E+00  0.398369E+00  0.300853E+00  0.264836E+00  0.246510E+00  0.191620E+00
  -641.700  0.479759E+00  0.374520E+00  0.282064E+00  0.248145E+00  0.230909E+00  0.179353E+00
  -641.600  0.453429E+00  0.349794E+00  0.262380E+00  0.230607E+00  0.214496E+00  0.166402E+00
  -641.500  0.427273E+00  0.324776E+00  0.242290E+00  0.212665E+00  0.197687E+00  0.153102E+00
  -641.400  0.401842E+00  0.300036E+00  0.222271E+00  0.194750E+00  0.180887E+00  0.139781E+00
  -641.300  0.377670E+00  0.276121E+00  0.202772E+00  0.177266E+00  0.164477E+00  0.126739E+00
  -641.200  0.355268E+00  0.253536E+00  0.184201E+00  0.160577E+00  0.148798E+00  0.114249E+00
  -641.100  0.335126E+00  0.232734E+00  0.166918E+00  0.145002E+00  0.134148E+00  0.102541E+00
  -641.000  0.317713E+00  0.214119E+00  0.151227E+00  0.130809E+00  0.120774E+00  0.918065E-01
  -640.900  0.303476E+00  0.198034E+00  0.137376E+00  0.118210E+00  0.108873E+00  0.821916E-01
  -640.800  0.292836E+00  0.184764E+00  0.125559E+00  0.107370E+00  0.985936E-01  0.738039E-01
  -640.700  0.286175E+00  0.174533E+00  0.115914E+00  0.984014E-01  0.900379E-01  0.667133E-01
  -640.600  0.283816E+00  0.167501E+00  0.108528E+00  0.913729E-01  0.832650E-01  0.609560E-01
  -640.500  0.286001E+00  0.163754E+00  0.103438E+00  0.863084E-01  0.782937E-01  0.565384E-01
  -640.400  0.292857E+00  0.163304E+00  0.100630E+00  0.831902E-01  0.751053E-01  0.534402E-01
  -640.300  0.304372E+00  0.166078E+00  0.100040E+00  0.819615E-01  0.736462E-01  0.516179E-01
  -640.200  0.320361E+00  0.171915E+00  0.101555E+00  0.825270E-01  0.738292E-01  0.510066E-01
  -640.100  0.340455E+00  0.180563E+00  0.105018E+00  0.847550E-01  0.755357E-01  0.515223E-01
  -640.000  0.364091E+00  0.191682E+00  0.110223E+00  0.884800E-01  0.786179E-01  0.530633E-01
  -639.900  0.390524E+00  0.204849E+00  0.116925E+00  0.935059E-01  0.829020E-01  0.555127E-01
  -639.800  0.418852E+00  0.219577E+00  0.124846E+00  0.996111E-01  0.881916E-01  0.587402E-01
  -639.700  0.448057E+00  0.235329E+00  0.133683E+00  0.106554E+00  0.942736E-01  0.626044E-01
  -639.600  0.477059E+00  0.251543E+00  0.143117E+00  0.114081E+00  0.100924E+00  0.669564E-01
  -639.500  0.504776E+00  0.267655E+00  0.152825E+00  0.121934E+00  0.107913E+00  0.716431E-01
  -639.400  0.530185E+00  0.283130E+00  0.162495E+00  0.129860E+00  0.115015E+00  0.765111E-01
  -639.300  0.552382E+00  0.297479E+00  0.171829E+00  0.137616E+00  0.122014E+00  0.814103E-01
  -639.200  0.570623E+00  0.310282E+00  0.180563E+00  0.144982E+00  0.128709E+00  0.861981E-01
  -639.100  0.584364E+00  0.321199E+00  0.188464E+00  0.151759E+00  0.134919E+00  0.907422E-01
  -639.000  0.593269E+00  0.329975E+00  0.195340E+00  0.157779E+00  0.140488E+00  0.949236E-01
  -638.900  0.597207E+00  0.336441E+00  0.201037E+00  0.162903E+00  0.145283E+00  0.986378E-01
  -638.800  0.596236E+00  0.340507E+00  0.205443E+00  0.167020E+00  0.149201E+00  0.101796E+00
  -638.700  0.590569E+00  0.342150E+00  0.208478E+00  0.170049E+00  0.152157E+00  0.104326E+00
  -638.600  0.580534E+00  0.341398E+00  0.210094E+00  0.171932E+00  0.154094E+00  0.106169E+00
  -638.500  0.566535E+00  0.338319E+00  0.210269E+00  0.172633E+00  0.154971E+00  0.107282E+00
  -638.400  0.549013E+00  0.333008E+00  0.209000E+00  0.172135E+00  0.154765E+00  0.107635E+00
  -638.300  0.528419E+00  0.325579E+00  0.206304E+00  0.170437E+00  0.153472E+00  0.107213E+00
  -638.200  0.505189E+00  0.316157E+00  0.202215E+00  0.167557E+00  0.151100E+00  0.106012E+00
  -638.100  0.479738E+00  0.304882E+00  0.196784E+00  0.163528E+00  0.147675E+00  0.104042E+00
  -638.000  0.452458E+00  0.291908E+00  0.190080E+00  0.158399E+00  0.143241E+00  0.101327E+00
  -637.900  0.423723E+00  0.277408E+00  0.182196E+00  0.152243E+00  0.137859E+00  0.979057E-01
  -637.800  0.393896E+00  0.261579E+00  0.173244E+00  0.145151E+00  0.131610E+00  0.938314E-01
  -637.700  0.363345E+00  0.244645E+00  0.163364E+00  0.137235E+00  0.124595E+00  0.891725E-01
  -637.600  0.332439E+00  0.226857E+00  0.152718E+00  0.128629E+00  0.116933E+00  0.840119E-01
  -637.500  0.301561E+00  0.208489E+00  0.141486E+00  0.119483E+00  0.108762E+00  0.784443E-01
  -637.400  0.271092E+00  0.189834E+00  0.129867E+00  0.109963E+00  0.100228E+00  0.725746E-01
  -637.300  0.241411E+00  0.171189E+00  0.118065E+00  0.100241E+00  0.914902E-01  0.665132E-01
  -637.200  0.212878E+00  0.152848E+00  0.106286E+00  0.904895E-01  0.827042E-01  0.603729E-01
  -637.100  0.185819E+00  0.135088E+00  0.947263E-01  0.808766E-01  0.740231E-01  0.542635E-01
  -637.000  0.160513E+00  0.118158E+00  0.835666E-01  0.715563E-01  0.655880E-01  0.482880E-01
  -636.900  0.137181E+00  0.102264E+00  0.729636E-01  0.626642E-01  0.575234E-01  0.425386E-01
  -636.800  0.115975E+00  0.875699E-01  0.630450E-01  0.543122E-01  0.499332E-01  0.370935E-01
  -636.700  0.969780E-01  0.741871E-01  0.539066E-01  0.465862E-01  0.428975E-01  0.320150E-01
  -636.600  0.802029E-01  0.621775E-01  0.456107E-01  0.395442E-01  0.364717E-01  0.273481E-01
  -636.500  0.656009E-01  0.515553E-01  0.381880E-01  0.332179E-01  0.306870E-01  0.231210E-01
  -636.400  0.530695E-01  0.422926E-01  0.316394E-01  0.276138E-01  0.255523E-01  0.193457E-01
  -636.300  0.424643E-01  0.343269E-01  0.259409E-01  0.227172E-01  0.210565E-01  0.160196E-01
  -636.200  0.336114E-01  0.275687E-01  0.210481E-01  0.184955E-01  0.171723E-01  0.131284E-01
  -636.100  0.263199E-01  0.219101E-01  0.169018E-01  0.149030E-01  0.138601E-01  0.106477E-01
  -636.000  0.203925E-01  0.172328E-01  0.134325E-01  0.118845E-01  0.110714E-01  0.854625E-02
  -635.900  0.156353E-01  0.134147E-01  0.105657E-01  0.937978E-02  0.875253E-02  0.678830E-02
  -635.800  0.118644E-01  0.103360E-01  0.822535E-02  0.732663E-02  0.684783E-02  0.533572E-02
  -635.700  0.891128E-02  0.788282E-02  0.633760E-02  0.566371E-02  0.530204E-02  0.414996E-02
  -635.600  0.662565E-02  0.595084E-02  0.483270E-02  0.433270E-02  0.406233E-02  0.319358E-02
  -635.500  0.487685E-02  0.444667E-02  0.364687E-02  0.327976E-02  0.307973E-02  0.243136E-02
  -635.400  0.355376E-02  0.328874E-02  0.272316E-02  0.245642E-02  0.230995E-02  0.183105E-02
  -635.300  0.256371E-02  0.240727E-02  0.201184E-02  0.182004E-02  0.171389E-02  0.136384E-02
  -635.200  0.183088E-02  0.174368E-02  0.147033E-02  0.133384E-02  0.125771E-02  0.100453E-02
  -635.100  0.129426E-02  0.124965E-02  0.106280E-02  0.966686E-03  0.912666E-03  0.731489E-03
  -635.000  0.905511E-03  0.885941E-03  0.759647E-03  0.692682E-03  0.654756E-03  0.526511E-03
  -634.900  0.626899E-03  0.621183E-03  0.536779E-03  0.490620E-03  0.464280E-03  0.374505E-03
  -634.800  0.429378E-03  0.430651E-03  0.374878E-03  0.343407E-03  0.325315E-03  0.263177E-03
  -634.700  0.290880E-03  0.295124E-03  0.258689E-03  0.237469E-03  0.225183E-03  0.182669E-03
  -634.600  0.194849E-03  0.199864E-03  0.176335E-03  0.162189E-03  0.153940E-03  0.125196E-03
  -634.500  0.129023E-03  0.133716E-03  0.118698E-03  0.109377E-03  0.103904E-03  0.847050E-04
  -634.400  0.844272E-04  0.883526E-04  0.788802E-04  0.728104E-04  0.692239E-04  0.565584E-04
  -634.300  0.545767E-04  0.576383E-04  0.517350E-04  0.478305E-04  0.455089E-04  0.372594E-04
  -634.200  0.348419E-04  0.371129E-04  0.334787E-04  0.309982E-04  0.295144E-04  0.242109E-04
  -634.100  0.219596E-04  0.235793E-04  0.213697E-04  0.198138E-04  0.188777E-04  0.000000E+00
  -634.000  0.000000E+00  0.000000E+00  0.000000E+00  0.000000E+00  0.000000E+00  0.000000E+00
  -633.900  0.000000E+00  0.000000E+00  0.000000E+00  0.000000E+00  0.000000E+00  0.000000E+00
  -633.800  0.000000E+00  0.000000E+00  0.000000E+00  0.000000E+00  0.000000E+00  0.000000E+00
  -633.700  0.000000E+00  0.000000E+00  0.000000E+00  0.000000E+00  0.000000E+00  0.000000E+00
  -633.600  0.000000E+00  0.000000E+00  0.000000E+00  0.000000E+00  0.000000E+00  0.000000E+00
  -633.500  0.000000E+00  0.000000E+00  0.000000E+00  0.000000E+00  0.000000E+00  0.000000E+00
  -633.400  0.000000E+00  0.000000E+00  0.000000E+00  0.000000E+00  0.000000E+00  0.000000E+00
  -633.300  0.000000E+00  0.000000E+00  0.000000E+00  0.000000E+00  0.000000E+00  0.000000E+00
  -633.200  0.000000E+00  0.000000E+00  0.000000E+00  0.000000E+00  0.000000E+00  0.000000E+00
  -633.100  0.000000E+00  0.000000E+00  0.000000E+00  0.000000E+00  0.000000E+00  0.000000E+00
  -633.000  0.000000E+00  0.000000E+00  0.000000E+00  0.000000E+00  0.000000E+00  0.000000E+00
  -632.900  0.000000E+00  0.000000E+00  0.000000E+00  0.000000E+00  0.000000E+00  0.000000E+00
  -632.800  0.000000E+00  0.000000E+00  0.000000E+00  0.000000E+00  0.000000E+00  0.000000E+00
  -632.700  0.000000E+00  0.000000E+00  0.000000E+00  0.000000E+00  0.000000E+00  0.000000E+00
  -632.600  0.000000E+00  0.000000E+00  0.000000E+00  0.000000E+00  0.000000E+00  0.000000E+00
  -632.500  0.000000E+00  0.000000E+00  0.000000E+00  0.000000E+00  0.000000E+00  0.000000E+00
  -632.400  0.000000E+00  0.000000E+00  0.000000E+00  0.000000E+00  0.000000E+00  0.000000E+00
  -632.300  0.000000E+00  0.000000E+00  0.000000E+00  0.000000E+00  0.000000E+00  0.000000E+00
  -632.200  0.000000E+00  0.000000E+00  0.000000E+00  0.000000E+00  0.000000E+00  0.000000E+00
  -632.100  0.000000E+00  0.000000E+00  0.000000E+00  0.000000E+00  0.000000E+00  0.000000E+00
  -632.000  0.000000E+00  0.000000E+00  0.000000E+00  0.000000E+00  0.000000E+00  0.000000E+00
  -631.900  0.000000E+00  0.000000E+00  0.000000E+00  0.000000E+00  0.000000E+00  0.000000E+00
  -631.800  0.000000E+00  0.000000E+00  0.000000E+00  0.000000E+00  0.000000E+00  0.000000E+00
  -631.700  0.000000E+00  0.000000E+00  0.000000E+00  0.000000E+00  0.000000E+00  0.000000E+00
  -631.600  0.000000E+00  0.000000E+00  0.000000E+00  0.000000E+00  0.000000E+00  0.000000E+00
  -631.500  0.000000E+00  0.000000E+00  0.000000E+00  0.000000E+00  0.000000E+00  0.000000E+00
  -631.400  0.000000E+00  0.000000E+00  0.000000E+00  0.000000E+00  0.000000E+00  0.000000E+00
  -631.300  0.000000E+00  0.000000E+00  0.000000E+00  0.000000E+00  0.000000E+00  0.000000E+00
  -631.200  0.000000E+00  0.000000E+00  0.000000E+00  0.000000E+00  0.000000E+00  0.000000E+00
  -631.100  0.000000E+00  0.000000E+00  0.000000E+00  0.000000E+00  0.000000E+00  0.000000E+00
  -631.000  0.000000E+00  0.000000E+00  0.000000E+00  0.000000E+00  0.000000E+00  0.000000E+00
  -630.900  0.000000E+00  0.000000E+00  0.000000E+00  0.000000E+00  0.000000E+00  0.000000E+00
  -630.800  0.000000E+00  0.000000E+00  0.000000E+00  0.000000E+00  0.000000E+00  0.000000E+00
  -630.700  0.000000E+00  0.000000E+00  0.000000E+00  0.000000E+00  0.000000E+00  0.000000E+00
  -630.600  0.000000E+00  0.000000E+00  0.000000E+00  0.000000E+00  0.000000E+00  0.000000E+00
  -630.500  0.000000E+00  0.000000E+00  0.000000E+00  0.000000E+00  0.000000E+00  0.000000E+00
  -630.400  0.000000E+00  0.000000E+00  0.000000E+00  0.000000E+00  0.000000E+00  0.000000E+00
  -630.300  0.000000E+00  0.000000E+00  0.000000E+00  0.000000E+00  0.000000E+00  0.000000E+00
  -630.200  0.000000E+00  0.000000E+00  0.000000E+00  0.000000E+00  0.000000E+00  0.000000E+00
  -630.100  0.000000E+00  0.000000E+00  0.000000E+00  0.000000E+00  0.000000E+00  0.000000E+00
  -630.000  0.000000E+00  0.000000E+00  0.000000E+00  0.000000E+00  0.000000E+00  0.000000E+00
  -629.900  0.000000E+00  0.000000E+00  0.000000E+00  0.000000E+00  0.000000E+00  0.000000E+00
  -629.800  0.000000E+00  0.000000E+00  0.000000E+00  0.000000E+00  0.000000E+00  0.000000E+00
  -629.700  0.000000E+00  0.000000E+00  0.000000E+00  0.000000E+00  0.000000E+00  0.000000E+00
  -629.600  0.000000E+00  0.000000E+00  0.000000E+00  0.000000E+00  0.000000E+00  0.000000E+00
  -629.500  0.000000E+00  0.000000E+00  0.000000E+00  0.000000E+00  0.000000E+00  0.000000E+00
  -629.400  0.000000E+00  0.000000E+00  0.000000E+00  0.000000E+00  0.000000E+00  0.000000E+00
  -629.300  0.000000E+00  0.000000E+00  0.000000E+00  0.000000E+00  0.000000E+00  0.000000E+00
  -629.200  0.000000E+00  0.000000E+00  0.000000E+00  0.000000E+00  0.000000E+00  0.000000E+00
  -629.100  0.000000E+00  0.000000E+00  0.000000E+00  0.000000E+00  0.000000E+00  0.000000E+00
  -629.000  0.000000E+00  0.000000E+00  0.000000E+00  0.000000E+00  0.000000E+00  0.000000E+00
  -628.900  0.000000E+00  0.000000E+00  0.000000E+00  0.000000E+00  0.000000E+00  0.000000E+00
  -628.800  0.000000E+00  0.000000E+00  0.000000E+00  0.000000E+00  0.000000E+00  0.000000E+00
  -628.700  0.000000E+00  0.000000E+00  0.000000E+00  0.000000E+00  0.000000E+00  0.000000E+00
  -628.600  0.000000E+00  0.000000E+00  0.000000E+00  0.000000E+00  0.000000E+00  0.000000E+00
  -628.500  0.000000E+00  0.000000E+00  0.000000E+00  0.000000E+00  0.000000E+00  0.000000E+00
  -628.400  0.000000E+00  0.000000E+00  0.000000E+00  0.000000E+00  0.000000E+00  0.000000E+00
  -628.300  0.000000E+00  0.000000E+00  0.000000E+00  0.000000E+00  0.000000E+00  0.000000E+00
  -628.200  0.000000E+00  0.000000E+00  0.000000E+00  0.000000E+00  0.000000E+00  0.000000E+00
  -628.100  0.000000E+00  0.000000E+00  0.000000E+00  0.000000E+00  0.000000E+00  0.000000E+00
  -628.000  0.000000E+00  0.000000E+00  0.000000E+00  0.000000E+00  0.000000E+00  0.000000E+00
  -627.900  0.000000E+00  0.000000E+00  0.000000E+00  0.000000E+00  0.000000E+00  0.000000E+00
  -627.800  0.000000E+00  0.000000E+00  0.000000E+00  0.000000E+00  0.000000E+00  0.000000E+00
  -627.700  0.000000E+00  0.000000E+00  0.000000E+00  0.000000E+00  0.000000E+00  0.000000E+00
  -627.600  0.000000E+00  0.000000E+00  0.000000E+00  0.000000E+00  0.000000E+00  0.000000E+00
  -627.500  0.000000E+00  0.000000E+00  0.000000E+00  0.000000E+00  0.000000E+00  0.000000E+00
  -627.400  0.000000E+00  0.000000E+00  0.000000E+00  0.000000E+00  0.000000E+00  0.000000E+00
  -627.300  0.000000E+00  0.000000E+00  0.000000E+00  0.000000E+00  0.000000E+00  0.000000E+00
  -627.200  0.000000E+00  0.000000E+00  0.000000E+00  0.000000E+00  0.000000E+00  0.000000E+00
  -627.100  0.000000E+00  0.000000E+00  0.000000E+00  0.000000E+00  0.000000E+00  0.000000E+00
  -627.000  0.000000E+00  0.000000E+00  0.000000E+00  0.000000E+00  0.000000E+00  0.000000E+00
  -626.900  0.000000E+00  0.000000E+00  0.000000E+00  0.000000E+00  0.000000E+00  0.000000E+00
  -626.800  0.000000E+00  0.000000E+00  0.000000E+00  0.000000E+00  0.000000E+00  0.000000E+00
  -626.700  0.000000E+00  0.000000E+00  0.000000E+00  0.000000E+00  0.000000E+00  0.000000E+00
  -626.600  0.000000E+00  0.000000E+00  0.000000E+00  0.000000E+00  0.000000E+00  0.000000E+00
  -626.500  0.000000E+00  0.000000E+00  0.000000E+00  0.000000E+00  0.000000E+00  0.000000E+00
  -626.400  0.000000E+00  0.000000E+00  0.000000E+00  0.000000E+00  0.000000E+00  0.000000E+00
  -626.300  0.000000E+00  0.000000E+00  0.000000E+00  0.000000E+00  0.000000E+00  0.000000E+00
  -626.200  0.000000E+00  0.000000E+00  0.000000E+00  0.000000E+00  0.000000E+00  0.000000E+00
  -626.100  0.000000E+00  0.000000E+00  0.000000E+00  0.000000E+00  0.000000E+00  0.000000E+00
  -626.000  0.000000E+00  0.000000E+00  0.000000E+00  0.000000E+00  0.000000E+00  0.000000E+00
  -625.900  0.000000E+00  0.000000E+00  0.000000E+00  0.000000E+00  0.000000E+00  0.000000E+00
  -625.800  0.000000E+00  0.000000E+00  0.000000E+00  0.000000E+00  0.000000E+00  0.000000E+00
  -625.700  0.000000E+00  0.000000E+00  0.000000E+00  0.000000E+00  0.000000E+00  0.000000E+00
  -625.600  0.000000E+00  0.000000E+00  0.000000E+00  0.000000E+00  0.000000E+00  0.000000E+00
  -625.500  0.000000E+00  0.000000E+00  0.000000E+00  0.000000E+00  0.000000E+00  0.000000E+00
  -625.400  0.000000E+00  0.000000E+00  0.000000E+00  0.000000E+00  0.000000E+00  0.000000E+00
  -625.300  0.000000E+00  0.000000E+00  0.000000E+00  0.000000E+00  0.000000E+00  0.000000E+00
  -625.200  0.000000E+00  0.000000E+00  0.000000E+00  0.000000E+00  0.000000E+00  0.000000E+00
  -625.100  0.000000E+00  0.000000E+00  0.000000E+00  0.000000E+00  0.000000E+00  0.000000E+00
  -625.000  0.000000E+00  0.000000E+00  0.000000E+00  0.000000E+00  0.000000E+00  0.000000E+00
  -624.900  0.000000E+00  0.000000E+00  0.000000E+00  0.000000E+00  0.000000E+00  0.000000E+00
  -624.800  0.000000E+00  0.000000E+00  0.000000E+00  0.000000E+00  0.000000E+00  0.000000E+00
  -624.700  0.000000E+00  0.000000E+00  0.000000E+00  0.000000E+00  0.000000E+00  0.000000E+00
  -624.600  0.000000E+00  0.000000E+00  0.000000E+00  0.000000E+00  0.000000E+00  0.000000E+00
  -624.500  0.000000E+00  0.000000E+00  0.000000E+00  0.000000E+00  0.000000E+00  0.000000E+00
  -624.400  0.000000E+00  0.000000E+00  0.000000E+00  0.000000E+00  0.000000E+00  0.000000E+00
  -624.300  0.000000E+00  0.000000E+00  0.000000E+00  0.000000E+00  0.000000E+00  0.000000E+00
  -624.200  0.000000E+00  0.000000E+00  0.000000E+00  0.000000E+00  0.000000E+00  0.000000E+00
  -624.100  0.000000E+00  0.000000E+00  0.000000E+00  0.000000E+00  0.000000E+00  0.000000E+00
  -624.000  0.000000E+00  0.000000E+00  0.000000E+00  0.000000E+00  0.000000E+00  0.000000E+00
  -623.900  0.000000E+00  0.000000E+00  0.000000E+00  0.000000E+00  0.000000E+00  0.000000E+00
  -623.800  0.000000E+00  0.000000E+00  0.000000E+00  0.000000E+00  0.000000E+00  0.000000E+00
  -623.700  0.000000E+00  0.000000E+00  0.000000E+00  0.000000E+00  0.000000E+00  0.000000E+00
  -623.600  0.000000E+00  0.000000E+00  0.000000E+00  0.000000E+00  0.000000E+00  0.000000E+00
  -623.500  0.000000E+00  0.000000E+00  0.000000E+00  0.000000E+00  0.000000E+00  0.000000E+00
  -623.400  0.000000E+00  0.000000E+00  0.000000E+00  0.000000E+00  0.000000E+00  0.000000E+00
  -623.300  0.000000E+00  0.000000E+00  0.000000E+00  0.000000E+00  0.000000E+00  0.000000E+00
  -623.200  0.000000E+00  0.000000E+00  0.000000E+00  0.000000E+00  0.000000E+00  0.000000E+00
  -623.100  0.000000E+00  0.000000E+00  0.000000E+00  0.000000E+00  0.000000E+00  0.000000E+00
  -623.000  0.000000E+00  0.000000E+00  0.000000E+00  0.000000E+00  0.000000E+00  0.000000E+00
  -622.900  0.000000E+00  0.000000E+00  0.000000E+00  0.000000E+00  0.000000E+00  0.000000E+00
  -622.800  0.000000E+00  0.000000E+00  0.000000E+00  0.000000E+00  0.000000E+00  0.000000E+00
  -622.700  0.000000E+00  0.000000E+00  0.000000E+00  0.000000E+00  0.000000E+00  0.000000E+00
  -622.600  0.000000E+00  0.000000E+00  0.000000E+00  0.000000E+00  0.000000E+00  0.000000E+00
  -622.500  0.000000E+00  0.000000E+00  0.000000E+00  0.000000E+00  0.000000E+00  0.000000E+00
  -622.400  0.000000E+00  0.000000E+00  0.000000E+00  0.000000E+00  0.000000E+00  0.000000E+00
  -622.300  0.000000E+00  0.000000E+00  0.000000E+00  0.000000E+00  0.000000E+00  0.000000E+00
  -622.200  0.000000E+00  0.000000E+00  0.000000E+00  0.000000E+00  0.000000E+00  0.000000E+00
  -622.100  0.000000E+00  0.000000E+00  0.000000E+00  0.000000E+00  0.000000E+00  0.000000E+00
  -622.000  0.000000E+00  0.000000E+00  0.000000E+00  0.000000E+00  0.000000E+00  0.000000E+00
  -621.900  0.000000E+00  0.000000E+00  0.000000E+00  0.000000E+00  0.000000E+00  0.000000E+00
  -621.800  0.000000E+00  0.000000E+00  0.000000E+00  0.000000E+00  0.000000E+00  0.000000E+00
  -621.700  0.000000E+00  0.000000E+00  0.000000E+00  0.000000E+00  0.000000E+00  0.000000E+00
  -621.600  0.000000E+00  0.000000E+00  0.000000E+00  0.000000E+00  0.000000E+00  0.000000E+00
  -621.500  0.000000E+00  0.000000E+00  0.000000E+00  0.000000E+00  0.000000E+00  0.000000E+00
  -621.400  0.000000E+00  0.000000E+00  0.000000E+00  0.000000E+00  0.000000E+00  0.000000E+00
  -621.300  0.000000E+00  0.000000E+00  0.000000E+00  0.000000E+00  0.000000E+00  0.000000E+00
  -621.200  0.000000E+00  0.000000E+00  0.000000E+00  0.000000E+00  0.000000E+00  0.000000E+00
  -621.100  0.000000E+00  0.000000E+00  0.000000E+00  0.000000E+00  0.000000E+00  0.000000E+00
  -621.000  0.000000E+00  0.000000E+00  0.000000E+00  0.000000E+00  0.000000E+00  0.000000E+00
  -620.900  0.000000E+00  0.000000E+00  0.000000E+00  0.000000E+00  0.000000E+00  0.000000E+00
  -620.800  0.000000E+00  0.000000E+00  0.000000E+00  0.000000E+00  0.000000E+00  0.000000E+00
  -620.700  0.000000E+00  0.000000E+00  0.000000E+00  0.000000E+00  0.000000E+00  0.000000E+00
  -620.600  0.000000E+00  0.000000E+00  0.000000E+00  0.000000E+00  0.000000E+00  0.000000E+00
  -620.500  0.000000E+00  0.000000E+00  0.000000E+00  0.000000E+00  0.000000E+00  0.000000E+00
  -620.400  0.000000E+00  0.000000E+00  0.000000E+00  0.000000E+00  0.000000E+00  0.000000E+00
  -620.300  0.000000E+00  0.000000E+00  0.000000E+00  0.000000E+00  0.000000E+00  0.000000E+00
  -620.200  0.000000E+00  0.000000E+00  0.000000E+00  0.000000E+00  0.000000E+00  0.000000E+00
  -620.100  0.000000E+00  0.000000E+00  0.000000E+00  0.000000E+00  0.000000E+00  0.000000E+00
  -620.000  0.000000E+00  0.000000E+00  0.000000E+00  0.000000E+00  0.000000E+00  0.000000E+00
