x 300 873 1273 1673  Infinity
  -680.000  0.000000E+00  0.000000E+00  0.000000E+00  0.000000E+00  0.000000E+00
  -679.900  0.000000E+00  0.000000E+00  0.000000E+00  0.000000E+00  0.000000E+00
  -679.800  0.000000E+00  0.000000E+00  0.000000E+00  0.000000E+00  0.000000E+00
  -679.700  0.000000E+00  0.000000E+00  0.000000E+00  0.000000E+00  0.000000E+00
  -679.600  0.000000E+00  0.000000E+00  0.000000E+00  0.000000E+00  0.000000E+00
  -679.500  0.000000E+00  0.000000E+00  0.000000E+00  0.000000E+00  0.000000E+00
  -679.400  0.000000E+00  0.000000E+00  0.000000E+00  0.000000E+00  0.000000E+00
  -679.300  0.000000E+00  0.000000E+00  0.000000E+00  0.000000E+00  0.000000E+00
  -679.200  0.000000E+00  0.000000E+00  0.000000E+00  0.000000E+00  0.000000E+00
  -679.100  0.000000E+00  0.000000E+00  0.000000E+00  0.000000E+00  0.000000E+00
  -679.000  0.000000E+00  0.000000E+00  0.000000E+00  0.000000E+00  0.000000E+00
  -678.900  0.000000E+00  0.000000E+00  0.000000E+00  0.000000E+00  0.000000E+00
  -678.800  0.000000E+00  0.000000E+00  0.000000E+00  0.000000E+00  0.000000E+00
  -678.700  0.000000E+00  0.000000E+00  0.000000E+00  0.000000E+00  0.000000E+00
  -678.600  0.000000E+00  0.000000E+00  0.000000E+00  0.000000E+00  0.000000E+00
  -678.500  0.000000E+00  0.000000E+00  0.000000E+00  0.000000E+00  0.000000E+00
  -678.400  0.000000E+00  0.000000E+00  0.000000E+00  0.000000E+00  0.000000E+00
  -678.300  0.000000E+00  0.000000E+00  0.000000E+00  0.000000E+00  0.000000E+00
  -678.200  0.000000E+00  0.000000E+00  0.000000E+00  0.000000E+00  0.000000E+00
  -678.100  0.000000E+00  0.000000E+00  0.000000E+00  0.000000E+00  0.000000E+00
  -678.000  0.000000E+00  0.000000E+00  0.000000E+00  0.000000E+00  0.000000E+00
  -677.900  0.000000E+00  0.000000E+00  0.000000E+00  0.000000E+00  0.000000E+00
  -677.800  0.000000E+00  0.000000E+00  0.000000E+00  0.000000E+00  0.000000E+00
  -677.700  0.000000E+00  0.000000E+00  0.000000E+00  0.000000E+00  0.000000E+00
  -677.600  0.000000E+00  0.000000E+00  0.000000E+00  0.000000E+00  0.000000E+00
  -677.500  0.000000E+00  0.000000E+00  0.000000E+00  0.000000E+00  0.000000E+00
  -677.400  0.000000E+00  0.000000E+00  0.000000E+00  0.000000E+00  0.000000E+00
  -677.300  0.000000E+00  0.000000E+00  0.000000E+00  0.000000E+00  0.000000E+00
  -677.200  0.000000E+00  0.000000E+00  0.000000E+00  0.000000E+00  0.000000E+00
  -677.100  0.000000E+00  0.000000E+00  0.000000E+00  0.000000E+00  0.000000E+00
  -677.000  0.000000E+00  0.000000E+00  0.000000E+00  0.000000E+00  0.000000E+00
  -676.900  0.000000E+00  0.000000E+00  0.000000E+00  0.000000E+00  0.000000E+00
  -676.800  0.000000E+00  0.000000E+00  0.000000E+00  0.000000E+00  0.000000E+00
  -676.700  0.000000E+00  0.000000E+00  0.000000E+00  0.000000E+00  0.000000E+00
  -676.600  0.000000E+00  0.000000E+00  0.000000E+00  0.000000E+00  0.000000E+00
  -676.500  0.000000E+00  0.000000E+00  0.000000E+00  0.000000E+00  0.000000E+00
  -676.400  0.000000E+00  0.000000E+00  0.000000E+00  0.000000E+00  0.000000E+00
  -676.300  0.000000E+00  0.000000E+00  0.000000E+00  0.000000E+00  0.000000E+00
  -676.200  0.000000E+00  0.000000E+00  0.000000E+00  0.000000E+00  0.000000E+00
  -676.100  0.000000E+00  0.000000E+00  0.000000E+00  0.000000E+00  0.000000E+00
  -676.000  0.000000E+00  0.000000E+00  0.000000E+00  0.000000E+00  0.000000E+00
  -675.900  0.000000E+00  0.000000E+00  0.000000E+00  0.000000E+00  0.000000E+00
  -675.800  0.000000E+00  0.000000E+00  0.000000E+00  0.000000E+00  0.000000E+00
  -675.700  0.000000E+00  0.000000E+00  0.000000E+00  0.000000E+00  0.000000E+00
  -675.600  0.000000E+00  0.000000E+00  0.000000E+00  0.000000E+00  0.000000E+00
  -675.500  0.000000E+00  0.000000E+00  0.000000E+00  0.000000E+00  0.000000E+00
  -675.400  0.000000E+00  0.000000E+00  0.000000E+00  0.000000E+00  0.000000E+00
  -675.300  0.000000E+00  0.000000E+00  0.000000E+00  0.000000E+00  0.000000E+00
  -675.200  0.000000E+00  0.000000E+00  0.000000E+00  0.000000E+00  0.000000E+00
  -675.100  0.000000E+00  0.000000E+00  0.000000E+00  0.000000E+00  0.000000E+00
  -675.000  0.000000E+00  0.000000E+00  0.000000E+00  0.000000E+00  0.000000E+00
  -674.900  0.000000E+00  0.000000E+00  0.000000E+00  0.000000E+00  0.000000E+00
  -674.800  0.000000E+00  0.000000E+00  0.000000E+00  0.000000E+00  0.000000E+00
  -674.700  0.000000E+00  0.000000E+00  0.000000E+00  0.000000E+00  0.000000E+00
  -674.600  0.000000E+00  0.000000E+00  0.000000E+00  0.000000E+00  0.000000E+00
  -674.500  0.000000E+00  0.000000E+00  0.000000E+00  0.000000E+00  0.000000E+00
  -674.400  0.000000E+00  0.000000E+00  0.000000E+00  0.000000E+00  0.000000E+00
  -674.300  0.000000E+00  0.000000E+00  0.000000E+00  0.000000E+00  0.000000E+00
  -674.200  0.000000E+00  0.000000E+00  0.000000E+00  0.000000E+00  0.000000E+00
  -674.100  0.000000E+00  0.000000E+00  0.000000E+00  0.000000E+00  0.000000E+00
  -674.000  0.000000E+00  0.000000E+00  0.000000E+00  0.000000E+00  0.000000E+00
  -673.900  0.000000E+00  0.000000E+00  0.000000E+00  0.000000E+00  0.000000E+00
  -673.800  0.000000E+00  0.000000E+00  0.000000E+00  0.000000E+00  0.000000E+00
  -673.700  0.000000E+00  0.000000E+00  0.000000E+00  0.000000E+00  0.000000E+00
  -673.600  0.000000E+00  0.000000E+00  0.000000E+00  0.000000E+00  0.000000E+00
  -673.500  0.000000E+00  0.000000E+00  0.000000E+00  0.000000E+00  0.000000E+00
  -673.400  0.000000E+00  0.000000E+00  0.000000E+00  0.000000E+00  0.000000E+00
  -673.300  0.000000E+00  0.000000E+00  0.000000E+00  0.000000E+00  0.000000E+00
  -673.200  0.000000E+00  0.000000E+00  0.000000E+00  0.000000E+00  0.000000E+00
  -673.100  0.000000E+00  0.000000E+00  0.000000E+00  0.000000E+00  0.000000E+00
  -673.000  0.000000E+00  0.000000E+00  0.000000E+00  0.000000E+00  0.000000E+00
  -672.900  0.000000E+00  0.000000E+00  0.000000E+00  0.000000E+00  0.000000E+00
  -672.800  0.000000E+00  0.000000E+00  0.000000E+00  0.000000E+00  0.000000E+00
  -672.700  0.000000E+00  0.000000E+00  0.000000E+00  0.000000E+00  0.000000E+00
  -672.600  0.000000E+00  0.000000E+00  0.000000E+00  0.000000E+00  0.000000E+00
  -672.500  0.000000E+00  0.000000E+00  0.000000E+00  0.000000E+00  0.000000E+00
  -672.400  0.000000E+00  0.000000E+00  0.000000E+00  0.000000E+00  0.000000E+00
  -672.300  0.000000E+00  0.000000E+00  0.000000E+00  0.000000E+00  0.000000E+00
  -672.200  0.000000E+00  0.000000E+00  0.000000E+00  0.000000E+00  0.000000E+00
  -672.100  0.000000E+00  0.000000E+00  0.000000E+00  0.000000E+00  0.000000E+00
  -672.000  0.000000E+00  0.000000E+00  0.000000E+00  0.000000E+00  0.000000E+00
  -671.900  0.000000E+00  0.000000E+00  0.000000E+00  0.000000E+00  0.000000E+00
  -671.800  0.000000E+00  0.000000E+00  0.000000E+00  0.000000E+00  0.000000E+00
  -671.700  0.000000E+00  0.000000E+00  0.000000E+00  0.000000E+00  0.000000E+00
  -671.600  0.000000E+00  0.000000E+00  0.000000E+00  0.000000E+00  0.000000E+00
  -671.500  0.000000E+00  0.000000E+00  0.000000E+00  0.000000E+00  0.000000E+00
  -671.400  0.000000E+00  0.000000E+00  0.000000E+00  0.000000E+00  0.000000E+00
  -671.300  0.000000E+00  0.000000E+00  0.000000E+00  0.000000E+00  0.000000E+00
  -671.200  0.000000E+00  0.000000E+00  0.000000E+00  0.000000E+00  0.000000E+00
  -671.100  0.000000E+00  0.000000E+00  0.000000E+00  0.000000E+00  0.000000E+00
  -671.000  0.000000E+00  0.000000E+00  0.000000E+00  0.000000E+00  0.000000E+00
  -670.900  0.000000E+00  0.000000E+00  0.000000E+00  0.000000E+00  0.000000E+00
  -670.800  0.000000E+00  0.000000E+00  0.000000E+00  0.000000E+00  0.000000E+00
  -670.700  0.000000E+00  0.000000E+00  0.000000E+00  0.000000E+00  0.000000E+00
  -670.600  0.000000E+00  0.000000E+00  0.000000E+00  0.000000E+00  0.000000E+00
  -670.500  0.000000E+00  0.000000E+00  0.000000E+00  0.000000E+00  0.000000E+00
  -670.400  0.000000E+00  0.000000E+00  0.000000E+00  0.000000E+00  0.000000E+00
  -670.300  0.000000E+00  0.000000E+00  0.000000E+00  0.000000E+00  0.000000E+00
  -670.200  0.000000E+00  0.000000E+00  0.000000E+00  0.000000E+00  0.000000E+00
  -670.100  0.000000E+00  0.000000E+00  0.000000E+00  0.000000E+00  0.000000E+00
  -670.000  0.000000E+00  0.000000E+00  0.000000E+00  0.000000E+00  0.000000E+00
  -669.900  0.000000E+00  0.000000E+00  0.000000E+00  0.000000E+00  0.000000E+00
  -669.800  0.000000E+00  0.000000E+00  0.000000E+00  0.000000E+00  0.000000E+00
  -669.700  0.000000E+00  0.000000E+00  0.000000E+00  0.000000E+00  0.000000E+00
  -669.600  0.000000E+00  0.000000E+00  0.000000E+00  0.000000E+00  0.000000E+00
  -669.500  0.000000E+00  0.000000E+00  0.000000E+00  0.000000E+00  0.000000E+00
  -669.400  0.000000E+00  0.000000E+00  0.000000E+00  0.000000E+00  0.000000E+00
  -669.300  0.000000E+00  0.000000E+00  0.000000E+00  0.000000E+00  0.000000E+00
  -669.200  0.000000E+00  0.000000E+00  0.000000E+00  0.000000E+00  0.000000E+00
  -669.100  0.000000E+00  0.000000E+00  0.000000E+00  0.000000E+00  0.000000E+00
  -669.000  0.000000E+00  0.000000E+00  0.000000E+00  0.000000E+00  0.000000E+00
  -668.900  0.000000E+00  0.000000E+00  0.000000E+00  0.000000E+00  0.000000E+00
  -668.800  0.000000E+00  0.000000E+00  0.000000E+00  0.000000E+00  0.000000E+00
  -668.700  0.000000E+00  0.000000E+00  0.000000E+00  0.000000E+00  0.000000E+00
  -668.600  0.000000E+00  0.000000E+00  0.000000E+00  0.000000E+00  0.000000E+00
  -668.500  0.000000E+00  0.000000E+00  0.000000E+00  0.000000E+00  0.000000E+00
  -668.400  0.000000E+00  0.000000E+00  0.000000E+00  0.000000E+00  0.000000E+00
  -668.300  0.000000E+00  0.000000E+00  0.000000E+00  0.000000E+00  0.000000E+00
  -668.200  0.000000E+00  0.000000E+00  0.000000E+00  0.000000E+00  0.000000E+00
  -668.100  0.000000E+00  0.000000E+00  0.000000E+00  0.000000E+00  0.000000E+00
  -668.000  0.000000E+00  0.000000E+00  0.000000E+00  0.000000E+00  0.000000E+00
  -667.900  0.000000E+00  0.000000E+00  0.000000E+00  0.000000E+00  0.000000E+00
  -667.800  0.000000E+00  0.000000E+00  0.000000E+00  0.000000E+00  0.000000E+00
  -667.700  0.000000E+00  0.000000E+00  0.000000E+00  0.000000E+00  0.000000E+00
  -667.600  0.000000E+00  0.000000E+00  0.000000E+00  0.000000E+00  0.000000E+00
  -667.500  0.000000E+00  0.000000E+00  0.000000E+00  0.000000E+00  0.000000E+00
  -667.400  0.000000E+00  0.000000E+00  0.000000E+00  0.000000E+00  0.000000E+00
  -667.300  0.000000E+00  0.000000E+00  0.000000E+00  0.000000E+00  0.000000E+00
  -667.200  0.000000E+00  0.000000E+00  0.000000E+00  0.000000E+00  0.000000E+00
  -667.100  0.000000E+00  0.000000E+00  0.000000E+00  0.000000E+00  0.000000E+00
  -667.000  0.000000E+00  0.000000E+00  0.000000E+00  0.000000E+00  0.000000E+00
  -666.900  0.000000E+00  0.000000E+00  0.000000E+00  0.000000E+00  0.000000E+00
  -666.800  0.000000E+00  0.000000E+00  0.000000E+00  0.000000E+00  0.000000E+00
  -666.700  0.000000E+00  0.000000E+00  0.000000E+00  0.000000E+00  0.000000E+00
  -666.600  0.000000E+00  0.000000E+00  0.000000E+00  0.000000E+00  0.000000E+00
  -666.500  0.000000E+00  0.000000E+00  0.000000E+00  0.000000E+00  0.000000E+00
  -666.400  0.000000E+00  0.000000E+00  0.000000E+00  0.000000E+00  0.000000E+00
  -666.300  0.000000E+00  0.000000E+00  0.000000E+00  0.000000E+00  0.000000E+00
  -666.200  0.000000E+00  0.000000E+00  0.000000E+00  0.000000E+00  0.000000E+00
  -666.100  0.000000E+00  0.000000E+00  0.000000E+00  0.000000E+00  0.000000E+00
  -666.000  0.000000E+00  0.000000E+00  0.000000E+00  0.000000E+00  0.000000E+00
  -665.900  0.000000E+00  0.000000E+00  0.000000E+00  0.000000E+00  0.000000E+00
  -665.800  0.000000E+00  0.000000E+00  0.000000E+00  0.000000E+00  0.000000E+00
  -665.700  0.000000E+00  0.000000E+00  0.000000E+00  0.000000E+00  0.000000E+00
  -665.600  0.000000E+00  0.000000E+00  0.000000E+00  0.000000E+00  0.000000E+00
  -665.500  0.000000E+00  0.000000E+00  0.000000E+00  0.000000E+00  0.000000E+00
  -665.400  0.000000E+00  0.000000E+00  0.000000E+00  0.000000E+00  0.000000E+00
  -665.300  0.000000E+00  0.000000E+00  0.000000E+00  0.000000E+00  0.000000E+00
  -665.200  0.000000E+00  0.000000E+00  0.000000E+00  0.000000E+00  0.000000E+00
  -665.100  0.000000E+00  0.000000E+00  0.000000E+00  0.000000E+00  0.000000E+00
  -665.000  0.000000E+00  0.000000E+00  0.000000E+00  0.000000E+00  0.000000E+00
  -664.900  0.000000E+00  0.000000E+00  0.000000E+00  0.000000E+00  0.000000E+00
  -664.800  0.000000E+00  0.000000E+00  0.000000E+00  0.000000E+00  0.000000E+00
  -664.700  0.000000E+00  0.000000E+00  0.000000E+00  0.000000E+00  0.000000E+00
  -664.600  0.000000E+00  0.000000E+00  0.000000E+00  0.000000E+00  0.000000E+00
  -664.500  0.000000E+00  0.000000E+00  0.000000E+00  0.000000E+00  0.000000E+00
  -664.400  0.000000E+00  0.000000E+00  0.000000E+00  0.000000E+00  0.000000E+00
  -664.300  0.000000E+00  0.000000E+00  0.000000E+00  0.000000E+00  0.000000E+00
  -664.200  0.000000E+00  0.000000E+00  0.000000E+00  0.000000E+00  0.000000E+00
  -664.100  0.000000E+00  0.000000E+00  0.000000E+00  0.000000E+00  0.000000E+00
  -664.000  0.000000E+00  0.000000E+00  0.000000E+00  0.000000E+00  0.000000E+00
  -663.900  0.000000E+00  0.000000E+00  0.000000E+00  0.000000E+00  0.000000E+00
  -663.800  0.000000E+00  0.000000E+00  0.000000E+00  0.000000E+00  0.000000E+00
  -663.700  0.000000E+00  0.000000E+00  0.000000E+00  0.000000E+00  0.000000E+00
  -663.600  0.000000E+00  0.000000E+00  0.000000E+00  0.000000E+00  0.000000E+00
  -663.500  0.000000E+00  0.000000E+00  0.000000E+00  0.000000E+00  0.000000E+00
  -663.400  0.000000E+00  0.000000E+00  0.000000E+00  0.000000E+00  0.000000E+00
  -663.300  0.000000E+00  0.000000E+00  0.000000E+00  0.000000E+00  0.000000E+00
  -663.200  0.000000E+00  0.000000E+00  0.000000E+00  0.000000E+00  0.000000E+00
  -663.100  0.000000E+00  0.000000E+00  0.000000E+00  0.000000E+00  0.000000E+00
  -663.000  0.000000E+00  0.000000E+00  0.000000E+00  0.000000E+00  0.000000E+00
  -662.900  0.000000E+00  0.000000E+00  0.000000E+00  0.000000E+00  0.000000E+00
  -662.800  0.000000E+00  0.000000E+00  0.000000E+00  0.000000E+00  0.000000E+00
  -662.700  0.000000E+00  0.000000E+00  0.000000E+00  0.000000E+00  0.000000E+00
  -662.600  0.000000E+00  0.000000E+00  0.000000E+00  0.000000E+00  0.000000E+00
  -662.500  0.000000E+00  0.000000E+00  0.000000E+00  0.000000E+00  0.000000E+00
  -662.400  0.000000E+00  0.000000E+00  0.839588E-05  0.920057E-05  0.115355E-04
  -662.300  0.000000E+00  0.105119E-04  0.125938E-04  0.138009E-04  0.173032E-04
  -662.200  0.149612E-04  0.235440E-04  0.261427E-04  0.276746E-04  0.317225E-04
  -662.100  0.244909E-04  0.438683E-04  0.490435E-04  0.520247E-04  0.612627E-04
  -662.000  0.389422E-04  0.656603E-04  0.730872E-04  0.773992E-04  0.901013E-04
  -661.900  0.510210E-04  0.947445E-04  0.106483E-03  0.113250E-03  0.134061E-03
  -661.800  0.101273E-03  0.168270E-03  0.185754E-03  0.195795E-03  0.225955E-03
  -661.700  0.146686E-03  0.243743E-03  0.269148E-03  0.283743E-03  0.328293E-03
  -661.600  0.228919E-03  0.374453E-03  0.411967E-03  0.433462E-03  0.499454E-03
  -661.500  0.343976E-03  0.549799E-03  0.602686E-03  0.632978E-03  0.726111E-03
  -661.400  0.496024E-03  0.788876E-03  0.863707E-03  0.906523E-03  0.103959E-02
  -661.300  0.734559E-03  0.114542E-02  0.124961E-02  0.130916E-02  0.149540E-02
  -661.200  0.106273E-02  0.163501E-02  0.177860E-02  0.186052E-02  0.211910E-02
  -661.100  0.153475E-02  0.232301E-02  0.251852E-02  0.262982E-02  0.298418E-02
  -661.000  0.217223E-02  0.324493E-02  0.350781E-02  0.365715E-02  0.413640E-02
  -660.900  0.303049E-02  0.447470E-02  0.482413E-02  0.502215E-02  0.566329E-02
  -660.800  0.418214E-02  0.609905E-02  0.655728E-02  0.681639E-02  0.766378E-02
  -660.700  0.569580E-02  0.821673E-02  0.881089E-02  0.914596E-02  0.102530E-01
  -660.600  0.765875E-02  0.109330E-01  0.116942E-01  0.121223E-01  0.135518E-01
  -660.500  0.101854E-01  0.143988E-01  0.153636E-01  0.159046E-01  0.177320E-01
  -660.400  0.133725E-01  0.187305E-01  0.199387E-01  0.206141E-01  0.229229E-01
  -660.300  0.173441E-01  0.240823E-01  0.255776E-01  0.264107E-01  0.292926E-01
  -660.200  0.222087E-01  0.305974E-01  0.324284E-01  0.334451E-01  0.370059E-01
  -660.100  0.280858E-01  0.384110E-01  0.406272E-01  0.418534E-01  0.462015E-01
  -660.000  0.350822E-01  0.476512E-01  0.503036E-01  0.517656E-01  0.570155E-01
  -659.900  0.432668E-01  0.584064E-01  0.615470E-01  0.632714E-01  0.695426E-01
  -659.800  0.526947E-01  0.707269E-01  0.744040E-01  0.764151E-01  0.838218E-01
  -659.700  0.633925E-01  0.846334E-01  0.888910E-01  0.912103E-01  0.998578E-01
  -659.600  0.753008E-01  0.100043E+00  0.104920E+00  0.107565E+00  0.117550E+00
  -659.500  0.883666E-01  0.116871E+00  0.122396E+00  0.125381E+00  0.136778E+00
  -659.400  0.102425E+00  0.134901E+00  0.141093E+00  0.144425E+00  0.157290E+00
  -659.300  0.117273E+00  0.153859E+00  0.160725E+00  0.164405E+00  0.178761E+00
  -659.200  0.132662E+00  0.173420E+00  0.180953E+00  0.184973E+00  0.200809E+00
  -659.100  0.148281E+00  0.193174E+00  0.201350E+00  0.205697E+00  0.222963E+00
  -659.000  0.163759E+00  0.212664E+00  0.221449E+00  0.226101E+00  0.244714E+00
  -658.900  0.178746E+00  0.231423E+00  0.240763E+00  0.245691E+00  0.265520E+00
  -658.800  0.192864E+00  0.248993E+00  0.258826E+00  0.263997E+00  0.284882E+00
  -658.700  0.205741E+00  0.264913E+00  0.275169E+00  0.280544E+00  0.302294E+00
  -658.600  0.217034E+00  0.278756E+00  0.289353E+00  0.294891E+00  0.317280E+00
  -658.500  0.226496E+00  0.290242E+00  0.301100E+00  0.306760E+00  0.329555E+00
  -658.400  0.233866E+00  0.299073E+00  0.310110E+00  0.315853E+00  0.338810E+00
  -658.300  0.239026E+00  0.305141E+00  0.316284E+00  0.322073E+00  0.344956E+00
  -658.200  0.241921E+00  0.308413E+00  0.319596E+00  0.325400E+00  0.347987E+00
  -658.100  0.242543E+00  0.308931E+00  0.320101E+00  0.325898E+00  0.347989E+00
  -658.000  0.240991E+00  0.306859E+00  0.317975E+00  0.323748E+00  0.345178E+00
  -657.900  0.237439E+00  0.302462E+00  0.313499E+00  0.319238E+00  0.339879E+00
  -657.800  0.232071E+00  0.296005E+00  0.306952E+00  0.312658E+00  0.332424E+00
  -657.700  0.225124E+00  0.287802E+00  0.298657E+00  0.304332E+00  0.323176E+00
  -657.600  0.216876E+00  0.278218E+00  0.288990E+00  0.294642E+00  0.312557E+00
  -657.500  0.207562E+00  0.267537E+00  0.278238E+00  0.283877E+00  0.300887E+00
  -657.400  0.197440E+00  0.256053E+00  0.266697E+00  0.272330E+00  0.288481E+00
  -657.300  0.186733E+00  0.244006E+00  0.254600E+00  0.260233E+00  0.275591E+00
  -657.200  0.175625E+00  0.231570E+00  0.242114E+00  0.247746E+00  0.262382E+00
  -657.100  0.164304E+00  0.218905E+00  0.229387E+00  0.235011E+00  0.248991E+00
  -657.000  0.152896E+00  0.206098E+00  0.216492E+00  0.222093E+00  0.235477E+00
  -656.900  0.141516E+00  0.193216E+00  0.203484E+00  0.209039E+00  0.221871E+00
  -656.800  0.130258E+00  0.180317E+00  0.190409E+00  0.195888E+00  0.208198E+00
  -656.700  0.119188E+00  0.167405E+00  0.177258E+00  0.182624E+00  0.194418E+00
  -656.600  0.108397E+00  0.154546E+00  0.164092E+00  0.169304E+00  0.180574E+00
  -656.500  0.979250E-01  0.141768E+00  0.150935E+00  0.155953E+00  0.166675E+00
  -656.400  0.878376E-01  0.129139E+00  0.137856E+00  0.142639E+00  0.152779E+00
  -656.300  0.781900E-01  0.116728E+00  0.124931E+00  0.129440E+00  0.138961E+00
  -656.200  0.690478E-01  0.104648E+00  0.112284E+00  0.116488E+00  0.125355E+00
  -656.100  0.604773E-01  0.930068E-01  0.100032E+00  0.103906E+00  0.112084E+00
  -656.000  0.525066E-01  0.818964E-01  0.882841E-01  0.918115E-01  0.992794E-01
  -655.900  0.451978E-01  0.714412E-01  0.771808E-01  0.803547E-01  0.871034E-01
  -655.800  0.385782E-01  0.617344E-01  0.668312E-01  0.696535E-01  0.756878E-01
  -655.700  0.326811E-01  0.528679E-01  0.573414E-01  0.598223E-01  0.651590E-01
  -655.600  0.275176E-01  0.449067E-01  0.487906E-01  0.509481E-01  0.556226E-01
  -655.500  0.230969E-01  0.378914E-01  0.412285E-01  0.430861E-01  0.471407E-01
  -655.400  0.194207E-01  0.318517E-01  0.346927E-01  0.362786E-01  0.397658E-01
  -655.300  0.164913E-01  0.268070E-01  0.292075E-01  0.305525E-01  0.335309E-01
  -655.200  0.142784E-01  0.227198E-01  0.247364E-01  0.258722E-01  0.283997E-01
  -655.100  0.127793E-01  0.195834E-01  0.212723E-01  0.222304E-01  0.243661E-01
  -655.000  0.119981E-01  0.173707E-01  0.187838E-01  0.195936E-01  0.213903E-01
  -654.900  0.119059E-01  0.160264E-01  0.172104E-01  0.178988E-01  0.194031E-01
  -654.800  0.125175E-01  0.155228E-01  0.165160E-01  0.171052E-01  0.183501E-01
  -654.700  0.138129E-01  0.158105E-01  0.166454E-01  0.171542E-01  0.181648E-01
  -654.600  0.158110E-01  0.168570E-01  0.175546E-01  0.179959E-01  0.187776E-01
  -654.500  0.184954E-01  0.186256E-01  0.192022E-01  0.195858E-01  0.201389E-01
  -654.400  0.218730E-01  0.210829E-01  0.215447E-01  0.218749E-01  0.221826E-01
  -654.300  0.259266E-01  0.241966E-01  0.245448E-01  0.248229E-01  0.248580E-01
  -654.200  0.306440E-01  0.279412E-01  0.281715E-01  0.283954E-01  0.281215E-01
  -654.100  0.359903E-01  0.322865E-01  0.323920E-01  0.325578E-01  0.319321E-01
  -654.000  0.419445E-01  0.372199E-01  0.371917E-01  0.372940E-01  0.362692E-01
  -653.900  0.483848E-01  0.426501E-01  0.424819E-01  0.425162E-01  0.410468E-01
  -653.800  0.552571E-01  0.485590E-01  0.482473E-01  0.482103E-01  0.462557E-01
  -653.700  0.624783E-01  0.549160E-01  0.544633E-01  0.543540E-01  0.518790E-01
  -653.600  0.699063E-01  0.616346E-01  0.610510E-01  0.608722E-01  0.578567E-01
  -653.500  0.774655E-01  0.686970E-01  0.680003E-01  0.677587E-01  0.641928E-01
  -653.400  0.849940E-01  0.760205E-01  0.752414E-01  0.749503E-01  0.708484E-01
  -653.300  0.924167E-01  0.835688E-01  0.827439E-01  0.824193E-01  0.778037E-01
  -653.200  0.996450E-01  0.913145E-01  0.904920E-01  0.901564E-01  0.850742E-01
  -653.100  0.106607E+00  0.992232E-01  0.984586E-01  0.981383E-01  0.926503E-01
  -653.000  0.113313E+00  0.107321E+00  0.106675E+00  0.106399E+00  0.100581E+00
  -652.900  0.119719E+00  0.115574E+00  0.115110E+00  0.114910E+00  0.108846E+00
  -652.800  0.125963E+00  0.124101E+00  0.123883E+00  0.123792E+00  0.117575E+00
  -652.700  0.132112E+00  0.132913E+00  0.132999E+00  0.133045E+00  0.126762E+00
  -652.600  0.138378E+00  0.142174E+00  0.142617E+00  0.142827E+00  0.136565E+00
  -652.500  0.145001E+00  0.152024E+00  0.152863E+00  0.153257E+00  0.147086E+00
  -652.400  0.152260E+00  0.162655E+00  0.163914E+00  0.164504E+00  0.158476E+00
  -652.300  0.160591E+00  0.174370E+00  0.176051E+00  0.176841E+00  0.170986E+00
  -652.200  0.170330E+00  0.187382E+00  0.189469E+00  0.190449E+00  0.184765E+00
  -652.100  0.181966E+00  0.202053E+00  0.204505E+00  0.205656E+00  0.200111E+00
  -652.000  0.195987E+00  0.218752E+00  0.221506E+00  0.222795E+00  0.217326E+00
  -651.900  0.212926E+00  0.237892E+00  0.240861E+00  0.242243E+00  0.236760E+00
  -651.800  0.233245E+00  0.259840E+00  0.262919E+00  0.264338E+00  0.258719E+00
  -651.700  0.257450E+00  0.285027E+00  0.288093E+00  0.289484E+00  0.283593E+00
  -651.600  0.286044E+00  0.313917E+00  0.316837E+00  0.318129E+00  0.311821E+00
  -651.500  0.319384E+00  0.346842E+00  0.349474E+00  0.350591E+00  0.343717E+00
  -651.400  0.357804E+00  0.384158E+00  0.386362E+00  0.387230E+00  0.379658E+00
  -651.300  0.401551E+00  0.426176E+00  0.427822E+00  0.428370E+00  0.420003E+00
  -651.200  0.450771E+00  0.473125E+00  0.474098E+00  0.474264E+00  0.465045E+00
  -651.100  0.505503E+00  0.525154E+00  0.525359E+00  0.525091E+00  0.515023E+00
  -651.000  0.565598E+00  0.582240E+00  0.581608E+00  0.580868E+00  0.570018E+00
  -650.900  0.630858E+00  0.644333E+00  0.642828E+00  0.641595E+00  0.630111E+00
  -650.800  0.700975E+00  0.711259E+00  0.708873E+00  0.707144E+00  0.695249E+00
  -650.700  0.775467E+00  0.782660E+00  0.779418E+00  0.777205E+00  0.765202E+00
  -650.600  0.853877E+00  0.858159E+00  0.854107E+00  0.851436E+00  0.839689E+00
  -650.500  0.935582E+00  0.937201E+00  0.932409E+00  0.929319E+00  0.918250E+00
  -650.400  0.101996E+01  0.101915E+01  0.101370E+01  0.101024E+01  0.100029E+01
  -650.300  0.110634E+01  0.110332E+01  0.109729E+01  0.109350E+01  0.108515E+01
  -650.200  0.119402E+01  0.118889E+01  0.118236E+01  0.117828E+01  0.117196E+01
  -650.100  0.128223E+01  0.127498E+01  0.126799E+01  0.126367E+01  0.125979E+01
  -650.000  0.137025E+01  0.136067E+01  0.135326E+01  0.134872E+01  0.134762E+01
  -649.900  0.145727E+01  0.144499E+01  0.143717E+01  0.143242E+01  0.143435E+01
  -649.800  0.154235E+01  0.152683E+01  0.151857E+01  0.151360E+01  0.151873E+01
  -649.700  0.162470E+01  0.160524E+01  0.159649E+01  0.159128E+01  0.159968E+01
  -649.600  0.170321E+01  0.167903E+01  0.166972E+01  0.166424E+01  0.167587E+01
  -649.500  0.177688E+01  0.174718E+01  0.173722E+01  0.173142E+01  0.174617E+01
  -649.400  0.184460E+01  0.180860E+01  0.179791E+01  0.179176E+01  0.180945E+01
  -649.300  0.190510E+01  0.186219E+01  0.185069E+01  0.184416E+01  0.186456E+01
  -649.200  0.195720E+01  0.190696E+01  0.189461E+01  0.188769E+01  0.191053E+01
  -649.100  0.199976E+01  0.194207E+01  0.192887E+01  0.192154E+01  0.194657E+01
  -649.000  0.203148E+01  0.196658E+01  0.195257E+01  0.194487E+01  0.197184E+01
  -648.900  0.205138E+01  0.197986E+01  0.196515E+01  0.195712E+01  0.198582E+01
  -648.800  0.205849E+01  0.198134E+01  0.196607E+01  0.195779E+01  0.198804E+01
  -648.700  0.205214E+01  0.197069E+01  0.195508E+01  0.194666E+01  0.197834E+01
  -648.600  0.203184E+01  0.194772E+01  0.193201E+01  0.192359E+01  0.195658E+01
  -648.500  0.199746E+01  0.191251E+01  0.189700E+01  0.188872E+01  0.192296E+01
  -648.400  0.194916E+01  0.186537E+01  0.185037E+01  0.184239E+01  0.187780E+01
  -648.300  0.188750E+01  0.180688E+01  0.179269E+01  0.178517E+01  0.182169E+01
  -648.200  0.181342E+01  0.173788E+01  0.172480E+01  0.171790E+01  0.175544E+01
  -648.100  0.172809E+01  0.165940E+01  0.164773E+01  0.164158E+01  0.168004E+01
  -648.000  0.163312E+01  0.157280E+01  0.156276E+01  0.155750E+01  0.159672E+01
  -647.900  0.153032E+01  0.147961E+01  0.147140E+01  0.146713E+01  0.150692E+01
  -647.800  0.142171E+01  0.138151E+01  0.137527E+01  0.137206E+01  0.141220E+01
  -647.700  0.130941E+01  0.128029E+01  0.127613E+01  0.127403E+01  0.131428E+01
  -647.600  0.119566E+01  0.117786E+01  0.117581E+01  0.117484E+01  0.121493E+01
  -647.500  0.108252E+01  0.107600E+01  0.107606E+01  0.107622E+01  0.111590E+01
  -647.400  0.972070E+00  0.976542E+00  0.978666E+00  0.979931E+00  0.101894E+01
  -647.300  0.866116E+00  0.881093E+00  0.885203E+00  0.887533E+00  0.925637E+00
  -647.200  0.766243E+00  0.791089E+00  0.797078E+00  0.800418E+00  0.837420E+00
  -647.100  0.673713E+00  0.707670E+00  0.715409E+00  0.719690E+00  0.755421E+00
  -647.000  0.589538E+00  0.631806E+00  0.641153E+00  0.646301E+00  0.680638E+00
  -646.900  0.514316E+00  0.564029E+00  0.574825E+00  0.580754E+00  0.613597E+00
  -646.800  0.448359E+00  0.504653E+00  0.516736E+00  0.523358E+00  0.554645E+00
  -646.700  0.391676E+00  0.453676E+00  0.466874E+00  0.474096E+00  0.503784E+00
  -646.600  0.343985E+00  0.410817E+00  0.424955E+00  0.432680E+00  0.460741E+00
  -646.500  0.304810E+00  0.375599E+00  0.390496E+00  0.398626E+00  0.425039E+00
  -646.400  0.273525E+00  0.347399E+00  0.362869E+00  0.371302E+00  0.396042E+00
  -646.300  0.249225E+00  0.325342E+00  0.341204E+00  0.349840E+00  0.372891E+00
  -646.200  0.231130E+00  0.308635E+00  0.324703E+00  0.333440E+00  0.354769E+00
  -646.100  0.218261E+00  0.296331E+00  0.312427E+00  0.321166E+00  0.340742E+00
  -646.000  0.209686E+00  0.287543E+00  0.303497E+00  0.312145E+00  0.329938E+00
  -645.900  0.204524E+00  0.281435E+00  0.297089E+00  0.305558E+00  0.321536E+00
  -645.800  0.201946E+00  0.277254E+00  0.292465E+00  0.300678E+00  0.314823E+00
  -645.700  0.201131E+00  0.274268E+00  0.288915E+00  0.296804E+00  0.309109E+00
  -645.600  0.201473E+00  0.271976E+00  0.285958E+00  0.293469E+00  0.303947E+00
  -645.500  0.202366E+00  0.269891E+00  0.283135E+00  0.290227E+00  0.298913E+00
  -645.400  0.203402E+00  0.267729E+00  0.280186E+00  0.286832E+00  0.293782E+00
  -645.300  0.204146E+00  0.265188E+00  0.276837E+00  0.283027E+00  0.288324E+00
  -645.200  0.204364E+00  0.262143E+00  0.272988E+00  0.278722E+00  0.282460E+00
  -645.100  0.203969E+00  0.258621E+00  0.268686E+00  0.273978E+00  0.276277E+00
  -645.000  0.202796E+00  0.254550E+00  0.263880E+00  0.268755E+00  0.269738E+00
  -644.900  0.200985E+00  0.250111E+00  0.258762E+00  0.263250E+00  0.263034E+00
  -644.800  0.198584E+00  0.245407E+00  0.253448E+00  0.257585E+00  0.256287E+00
  -644.700  0.195757E+00  0.240600E+00  0.248103E+00  0.251930E+00  0.249642E+00
  -644.600  0.192813E+00  0.235963E+00  0.242996E+00  0.246552E+00  0.243329E+00
  -644.500  0.189948E+00  0.231660E+00  0.238290E+00  0.241613E+00  0.237480E+00
  -644.400  0.187620E+00  0.228037E+00  0.234317E+00  0.237437E+00  0.232350E+00
  -644.300  0.186195E+00  0.225383E+00  0.231356E+00  0.234301E+00  0.228163E+00
  -644.200  0.186074E+00  0.223979E+00  0.229674E+00  0.232463E+00  0.225097E+00
  -644.100  0.187813E+00  0.224243E+00  0.229668E+00  0.232311E+00  0.223456E+00
  -644.000  0.191865E+00  0.226528E+00  0.231680E+00  0.234181E+00  0.223498E+00
  -643.900  0.198827E+00  0.231289E+00  0.236145E+00  0.238497E+00  0.225547E+00
  -643.800  0.209190E+00  0.238919E+00  0.243441E+00  0.245632E+00  0.229896E+00
  -643.700  0.223487E+00  0.249859E+00  0.253998E+00  0.256009E+00  0.236884E+00
  -643.600  0.242136E+00  0.264473E+00  0.268170E+00  0.269977E+00  0.246796E+00
  -643.500  0.265591E+00  0.283173E+00  0.286362E+00  0.287938E+00  0.259984E+00
  -643.400  0.294027E+00  0.306133E+00  0.308746E+00  0.310062E+00  0.276600E+00
  -643.300  0.327589E+00  0.333548E+00  0.335522E+00  0.336550E+00  0.296856E+00
  -643.200  0.366162E+00  0.365364E+00  0.366640E+00  0.367356E+00  0.320759E+00
  -643.100  0.409462E+00  0.401435E+00  0.401967E+00  0.402350E+00  0.348282E+00
  -643.000  0.456982E+00  0.441402E+00  0.441159E+00  0.441197E+00  0.379224E+00
  -642.900  0.507900E+00  0.484616E+00  0.483585E+00  0.483270E+00  0.413144E+00
  -642.800  0.561258E+00  0.530363E+00  0.528555E+00  0.527895E+00  0.449598E+00
  -642.700  0.615966E+00  0.577764E+00  0.575210E+00  0.574218E+00  0.487987E+00
  -642.600  0.670612E+00  0.625655E+00  0.622412E+00  0.621115E+00  0.527462E+00
  -642.500  0.723945E+00  0.673002E+00  0.669147E+00  0.667579E+00  0.567293E+00
  -642.400  0.774565E+00  0.718619E+00  0.714249E+00  0.712454E+00  0.606601E+00
  -642.300  0.821197E+00  0.761412E+00  0.756641E+00  0.754669E+00  0.644558E+00
  -642.200  0.862779E+00  0.800401E+00  0.795346E+00  0.793247E+00  0.680378E+00
  -642.100  0.898380E+00  0.834741E+00  0.829526E+00  0.827354E+00  0.713368E+00
  -642.000  0.927467E+00  0.863865E+00  0.858603E+00  0.856406E+00  0.743012E+00
  -641.900  0.949739E+00  0.887385E+00  0.882176E+00  0.879994E+00  0.768895E+00
  -641.800  0.965314E+00  0.905272E+00  0.900193E+00  0.898057E+00  0.790878E+00
  -641.700  0.974619E+00  0.917712E+00  0.912812E+00  0.910734E+00  0.808945E+00
  -641.600  0.978367E+00  0.925169E+00  0.920461E+00  0.918443E+00  0.823304E+00
  -641.500  0.977593E+00  0.928357E+00  0.923820E+00  0.921841E+00  0.834351E+00
  -641.400  0.973495E+00  0.928168E+00  0.923742E+00  0.921766E+00  0.842642E+00
  -641.300  0.967514E+00  0.925709E+00  0.921296E+00  0.919269E+00  0.848921E+00
  -641.200  0.961094E+00  0.922152E+00  0.917625E+00  0.915480E+00  0.854041E+00
  -641.100  0.955696E+00  0.918694E+00  0.913897E+00  0.911552E+00  0.858880E+00
  -641.000  0.952818E+00  0.916652E+00  0.911414E+00  0.908783E+00  0.864515E+00
  -640.900  0.953738E+00  0.917179E+00  0.911319E+00  0.908311E+00  0.871908E+00
  -640.800  0.959577E+00  0.921342E+00  0.914681E+00  0.911206E+00  0.882005E+00
  -640.700  0.971340E+00  0.930173E+00  0.922540E+00  0.918516E+00  0.895785E+00
  -640.600  0.989542E+00  0.944285E+00  0.935534E+00  0.930888E+00  0.913880E+00
  -640.500  0.101456E+01  0.964207E+00  0.954215E+00  0.948891E+00  0.936878E+00
  -640.400  0.104629E+01  0.990059E+00  0.978744E+00  0.972704E+00  0.965030E+00
  -640.300  0.108439E+01  0.102172E+01  0.100904E+01  0.100226E+01  0.998342E+00
  -640.200  0.112799E+01  0.105862E+01  0.104457E+01  0.103706E+01  0.103641E+01
  -640.100  0.117600E+01  0.109992E+01  0.108454E+01  0.107633E+01  0.107856E+01
  -640.000  0.122690E+01  0.114436E+01  0.112774E+01  0.111888E+01  0.112369E+01
  -639.900  0.127900E+01  0.119052E+01  0.117279E+01  0.116334E+01  0.117049E+01
  -639.800  0.133034E+01  0.123664E+01  0.121794E+01  0.120800E+01  0.121732E+01
  -639.700  0.137890E+01  0.128086E+01  0.126138E+01  0.125104E+01  0.126239E+01
  -639.600  0.142259E+01  0.132124E+01  0.130119E+01  0.129056E+01  0.130383E+01
  -639.500  0.145960E+01  0.135603E+01  0.133563E+01  0.132482E+01  0.133989E+01
  -639.400  0.148814E+01  0.138351E+01  0.136298E+01  0.135211E+01  0.136885E+01
  -639.300  0.150671E+01  0.140217E+01  0.138174E+01  0.137093E+01  0.138919E+01
  -639.200  0.151433E+01  0.141103E+01  0.139091E+01  0.138028E+01  0.139991E+01
  -639.100  0.151033E+01  0.140936E+01  0.138975E+01  0.137940E+01  0.140023E+01
  -639.000  0.149445E+01  0.139680E+01  0.137791E+01  0.136794E+01  0.138977E+01
  -638.900  0.146696E+01  0.137357E+01  0.135555E+01  0.134605E+01  0.136871E+01
  -638.800  0.142841E+01  0.134009E+01  0.132309E+01  0.131414E+01  0.133746E+01
  -638.700  0.137980E+01  0.129727E+01  0.128142E+01  0.127308E+01  0.129689E+01
  -638.600  0.132227E+01  0.124612E+01  0.123153E+01  0.122385E+01  0.124800E+01
  -638.500  0.125726E+01  0.118798E+01  0.117472E+01  0.116775E+01  0.119210E+01
  -638.400  0.118629E+01  0.112421E+01  0.111233E+01  0.110609E+01  0.113052E+01
  -638.300  0.111084E+01  0.105616E+01  0.104569E+01  0.104019E+01  0.106460E+01
  -638.200  0.103246E+01  0.985253E+00  0.976190E+00  0.971433E+00  0.995716E+00
  -638.100  0.952541E+00  0.912735E+00  0.905058E+00  0.901028E+00  0.925087E+00
  -638.000  0.872427E+00  0.839808E+00  0.833470E+00  0.830142E+00  0.853875E+00
  -637.900  0.793253E+00  0.767473E+00  0.762404E+00  0.759740E+00  0.783033E+00
  -637.800  0.715998E+00  0.696597E+00  0.692707E+00  0.690660E+00  0.713394E+00
  -637.700  0.641487E+00  0.627906E+00  0.625092E+00  0.623607E+00  0.645653E+00
  -637.600  0.570437E+00  0.562031E+00  0.560171E+00  0.559187E+00  0.580410E+00
  -637.500  0.503377E+00  0.499447E+00  0.498416E+00  0.497865E+00  0.518128E+00
  -637.400  0.440673E+00  0.440489E+00  0.440156E+00  0.439968E+00  0.459140E+00
  -637.300  0.382649E+00  0.385491E+00  0.385725E+00  0.385834E+00  0.403799E+00
  -637.200  0.329461E+00  0.334612E+00  0.335285E+00  0.335625E+00  0.352279E+00
  -637.100  0.281174E+00  0.287981E+00  0.288976E+00  0.289485E+00  0.304754E+00
  -637.000  0.237813E+00  0.245678E+00  0.246889E+00  0.247511E+00  0.261350E+00
  -636.900  0.199223E+00  0.207635E+00  0.208968E+00  0.209656E+00  0.222044E+00
  -636.800  0.165295E+00  0.173818E+00  0.175195E+00  0.175906E+00  0.186859E+00
  -636.700  0.135776E+00  0.144065E+00  0.145423E+00  0.146126E+00  0.155686E+00
  -636.600  0.110383E+00  0.118184E+00  0.119475E+00  0.120144E+00  0.128378E+00
  -636.500  0.887802E-01  0.959215E-01  0.971134E-01  0.977318E-01  0.104732E+00
  -636.400  0.706209E-01  0.769978E-01  0.780693E-01  0.786256E-01  0.844966E-01
  -636.300  0.555614E-01  0.611290E-01  0.620703E-01  0.625593E-01  0.674177E-01
  -636.200  0.432267E-01  0.479828E-01  0.487909E-01  0.492110E-01  0.531751E-01
  -636.100  0.332233E-01  0.372108E-01  0.378914E-01  0.382454E-01  0.414366E-01
  -636.000  0.252489E-01  0.285276E-01  0.290893E-01  0.293817E-01  0.319142E-01
  -635.900  0.189547E-01  0.216049E-01  0.220608E-01  0.222982E-01  0.242814E-01
  -635.800  0.140644E-01  0.161735E-01  0.165374E-01  0.167270E-01  0.182599E-01
  -635.700  0.102962E-01  0.119387E-01  0.122230E-01  0.123712E-01  0.135363E-01
  -635.600  0.744670E-02  0.871074E-02  0.893012E-02  0.904454E-02  0.992006E-02
  -635.500  0.532068E-02  0.627655E-02  0.644291E-02  0.652971E-02  0.717781E-02
  -635.400  0.376923E-02  0.448192E-02  0.460626E-02  0.467116E-02  0.514557E-02
  -635.300  0.261956E-02  0.314019E-02  0.323111E-02  0.327857E-02  0.361930E-02
  -635.200  0.181074E-02  0.218294E-02  0.224824E-02  0.228237E-02  0.252354E-02
  -635.100  0.122167E-02  0.148814E-02  0.153508E-02  0.155963E-02  0.172918E-02
  -635.000  0.807377E-03  0.996564E-03  0.102991E-02  0.104734E-02  0.116482E-02
  -634.900  0.546674E-03  0.672982E-03  0.695277E-03  0.706935E-03  0.785711E-03
  -634.800  0.346171E-03  0.435801E-03  0.451603E-03  0.459868E-03  0.513406E-03
  -634.700  0.227493E-03  0.288526E-03  0.299351E-03  0.305021E-03  0.341309E-03
  -634.600  0.153861E-03  0.187349E-03  0.193186E-03  0.196230E-03  0.217459E-03
  -634.500  0.963162E-04  0.121388E-03  0.125840E-03  0.128170E-03  0.143648E-03
  -634.400  0.541526E-04  0.697494E-04  0.725000E-04  0.739368E-04  0.831645E-04
  -634.300  0.471720E-04  0.581851E-04  0.600941E-04  0.610874E-04  0.680436E-04
  -634.200  0.139611E-04  0.231287E-04  0.248118E-04  0.256988E-04  0.302416E-04
  -634.100  0.000000E+00  0.115643E-04  0.124059E-04  0.128494E-04  0.151208E-04
  -634.000  0.000000E+00  0.115643E-04  0.124059E-04  0.128494E-04  0.151208E-04
  -633.900  0.000000E+00  0.000000E+00  0.000000E+00  0.000000E+00  0.000000E+00
  -633.800  0.000000E+00  0.000000E+00  0.000000E+00  0.000000E+00  0.000000E+00
  -633.700  0.000000E+00  0.000000E+00  0.000000E+00  0.000000E+00  0.000000E+00
  -633.600  0.000000E+00  0.000000E+00  0.000000E+00  0.000000E+00  0.000000E+00
  -633.500  0.000000E+00  0.000000E+00  0.000000E+00  0.000000E+00  0.000000E+00
  -633.400  0.000000E+00  0.000000E+00  0.000000E+00  0.000000E+00  0.000000E+00
  -633.300  0.000000E+00  0.000000E+00  0.000000E+00  0.000000E+00  0.000000E+00
  -633.200  0.000000E+00  0.000000E+00  0.000000E+00  0.000000E+00  0.000000E+00
  -633.100  0.000000E+00  0.000000E+00  0.000000E+00  0.000000E+00  0.000000E+00
  -633.000  0.000000E+00  0.000000E+00  0.000000E+00  0.000000E+00  0.000000E+00
  -632.900  0.000000E+00  0.000000E+00  0.000000E+00  0.000000E+00  0.000000E+00
  -632.800  0.000000E+00  0.000000E+00  0.000000E+00  0.000000E+00  0.000000E+00
  -632.700  0.000000E+00  0.000000E+00  0.000000E+00  0.000000E+00  0.000000E+00
  -632.600  0.000000E+00  0.000000E+00  0.000000E+00  0.000000E+00  0.000000E+00
  -632.500  0.000000E+00  0.000000E+00  0.000000E+00  0.000000E+00  0.000000E+00
  -632.400  0.000000E+00  0.000000E+00  0.000000E+00  0.000000E+00  0.000000E+00
  -632.300  0.000000E+00  0.000000E+00  0.000000E+00  0.000000E+00  0.000000E+00
  -632.200  0.000000E+00  0.000000E+00  0.000000E+00  0.000000E+00  0.000000E+00
  -632.100  0.000000E+00  0.000000E+00  0.000000E+00  0.000000E+00  0.000000E+00
  -632.000  0.000000E+00  0.000000E+00  0.000000E+00  0.000000E+00  0.000000E+00
  -631.900  0.000000E+00  0.000000E+00  0.000000E+00  0.000000E+00  0.000000E+00
  -631.800  0.000000E+00  0.000000E+00  0.000000E+00  0.000000E+00  0.000000E+00
  -631.700  0.000000E+00  0.000000E+00  0.000000E+00  0.000000E+00  0.000000E+00
  -631.600  0.000000E+00  0.000000E+00  0.000000E+00  0.000000E+00  0.000000E+00
  -631.500  0.000000E+00  0.000000E+00  0.000000E+00  0.000000E+00  0.000000E+00
  -631.400  0.000000E+00  0.000000E+00  0.000000E+00  0.000000E+00  0.000000E+00
  -631.300  0.000000E+00  0.000000E+00  0.000000E+00  0.000000E+00  0.000000E+00
  -631.200  0.000000E+00  0.000000E+00  0.000000E+00  0.000000E+00  0.000000E+00
  -631.100  0.000000E+00  0.000000E+00  0.000000E+00  0.000000E+00  0.000000E+00
  -631.000  0.000000E+00  0.000000E+00  0.000000E+00  0.000000E+00  0.000000E+00
  -630.900  0.000000E+00  0.000000E+00  0.000000E+00  0.000000E+00  0.000000E+00
  -630.800  0.000000E+00  0.000000E+00  0.000000E+00  0.000000E+00  0.000000E+00
  -630.700  0.000000E+00  0.000000E+00  0.000000E+00  0.000000E+00  0.000000E+00
  -630.600  0.000000E+00  0.000000E+00  0.000000E+00  0.000000E+00  0.000000E+00
  -630.500  0.000000E+00  0.000000E+00  0.000000E+00  0.000000E+00  0.000000E+00
  -630.400  0.000000E+00  0.000000E+00  0.000000E+00  0.000000E+00  0.000000E+00
  -630.300  0.000000E+00  0.000000E+00  0.000000E+00  0.000000E+00  0.000000E+00
  -630.200  0.000000E+00  0.000000E+00  0.000000E+00  0.000000E+00  0.000000E+00
  -630.100  0.000000E+00  0.000000E+00  0.000000E+00  0.000000E+00  0.000000E+00
  -630.000  0.000000E+00  0.000000E+00  0.000000E+00  0.000000E+00  0.000000E+00
  -629.900  0.000000E+00  0.000000E+00  0.000000E+00  0.000000E+00  0.000000E+00
  -629.800  0.000000E+00  0.000000E+00  0.000000E+00  0.000000E+00  0.000000E+00
  -629.700  0.000000E+00  0.000000E+00  0.000000E+00  0.000000E+00  0.000000E+00
  -629.600  0.000000E+00  0.000000E+00  0.000000E+00  0.000000E+00  0.000000E+00
  -629.500  0.000000E+00  0.000000E+00  0.000000E+00  0.000000E+00  0.000000E+00
  -629.400  0.000000E+00  0.000000E+00  0.000000E+00  0.000000E+00  0.000000E+00
  -629.300  0.000000E+00  0.000000E+00  0.000000E+00  0.000000E+00  0.000000E+00
  -629.200  0.000000E+00  0.000000E+00  0.000000E+00  0.000000E+00  0.000000E+00
  -629.100  0.000000E+00  0.000000E+00  0.000000E+00  0.000000E+00  0.000000E+00
  -629.000  0.000000E+00  0.000000E+00  0.000000E+00  0.000000E+00  0.000000E+00
  -628.900  0.000000E+00  0.000000E+00  0.000000E+00  0.000000E+00  0.000000E+00
  -628.800  0.000000E+00  0.000000E+00  0.000000E+00  0.000000E+00  0.000000E+00
  -628.700  0.000000E+00  0.000000E+00  0.000000E+00  0.000000E+00  0.000000E+00
  -628.600  0.000000E+00  0.000000E+00  0.000000E+00  0.000000E+00  0.000000E+00
  -628.500  0.000000E+00  0.000000E+00  0.000000E+00  0.000000E+00  0.000000E+00
  -628.400  0.000000E+00  0.000000E+00  0.000000E+00  0.000000E+00  0.000000E+00
  -628.300  0.000000E+00  0.000000E+00  0.000000E+00  0.000000E+00  0.000000E+00
  -628.200  0.000000E+00  0.000000E+00  0.000000E+00  0.000000E+00  0.000000E+00
  -628.100  0.000000E+00  0.000000E+00  0.000000E+00  0.000000E+00  0.000000E+00
  -628.000  0.000000E+00  0.000000E+00  0.000000E+00  0.000000E+00  0.000000E+00
  -627.900  0.000000E+00  0.000000E+00  0.000000E+00  0.000000E+00  0.000000E+00
  -627.800  0.000000E+00  0.000000E+00  0.000000E+00  0.000000E+00  0.000000E+00
  -627.700  0.000000E+00  0.000000E+00  0.000000E+00  0.000000E+00  0.000000E+00
  -627.600  0.000000E+00  0.000000E+00  0.000000E+00  0.000000E+00  0.000000E+00
  -627.500  0.000000E+00  0.000000E+00  0.000000E+00  0.000000E+00  0.000000E+00
  -627.400  0.000000E+00  0.000000E+00  0.000000E+00  0.000000E+00  0.000000E+00
  -627.300  0.000000E+00  0.000000E+00  0.000000E+00  0.000000E+00  0.000000E+00
  -627.200  0.000000E+00  0.000000E+00  0.000000E+00  0.000000E+00  0.000000E+00
  -627.100  0.000000E+00  0.000000E+00  0.000000E+00  0.000000E+00  0.000000E+00
  -627.000  0.000000E+00  0.000000E+00  0.000000E+00  0.000000E+00  0.000000E+00
  -626.900  0.000000E+00  0.000000E+00  0.000000E+00  0.000000E+00  0.000000E+00
  -626.800  0.000000E+00  0.000000E+00  0.000000E+00  0.000000E+00  0.000000E+00
  -626.700  0.000000E+00  0.000000E+00  0.000000E+00  0.000000E+00  0.000000E+00
  -626.600  0.000000E+00  0.000000E+00  0.000000E+00  0.000000E+00  0.000000E+00
  -626.500  0.000000E+00  0.000000E+00  0.000000E+00  0.000000E+00  0.000000E+00
  -626.400  0.000000E+00  0.000000E+00  0.000000E+00  0.000000E+00  0.000000E+00
  -626.300  0.000000E+00  0.000000E+00  0.000000E+00  0.000000E+00  0.000000E+00
  -626.200  0.000000E+00  0.000000E+00  0.000000E+00  0.000000E+00  0.000000E+00
  -626.100  0.000000E+00  0.000000E+00  0.000000E+00  0.000000E+00  0.000000E+00
  -626.000  0.000000E+00  0.000000E+00  0.000000E+00  0.000000E+00  0.000000E+00
  -625.900  0.000000E+00  0.000000E+00  0.000000E+00  0.000000E+00  0.000000E+00
  -625.800  0.000000E+00  0.000000E+00  0.000000E+00  0.000000E+00  0.000000E+00
  -625.700  0.000000E+00  0.000000E+00  0.000000E+00  0.000000E+00  0.000000E+00
  -625.600  0.000000E+00  0.000000E+00  0.000000E+00  0.000000E+00  0.000000E+00
  -625.500  0.000000E+00  0.000000E+00  0.000000E+00  0.000000E+00  0.000000E+00
  -625.400  0.000000E+00  0.000000E+00  0.000000E+00  0.000000E+00  0.000000E+00
  -625.300  0.000000E+00  0.000000E+00  0.000000E+00  0.000000E+00  0.000000E+00
  -625.200  0.000000E+00  0.000000E+00  0.000000E+00  0.000000E+00  0.000000E+00
  -625.100  0.000000E+00  0.000000E+00  0.000000E+00  0.000000E+00  0.000000E+00
  -625.000  0.000000E+00  0.000000E+00  0.000000E+00  0.000000E+00  0.000000E+00
  -624.900  0.000000E+00  0.000000E+00  0.000000E+00  0.000000E+00  0.000000E+00
  -624.800  0.000000E+00  0.000000E+00  0.000000E+00  0.000000E+00  0.000000E+00
  -624.700  0.000000E+00  0.000000E+00  0.000000E+00  0.000000E+00  0.000000E+00
  -624.600  0.000000E+00  0.000000E+00  0.000000E+00  0.000000E+00  0.000000E+00
  -624.500  0.000000E+00  0.000000E+00  0.000000E+00  0.000000E+00  0.000000E+00
  -624.400  0.000000E+00  0.000000E+00  0.000000E+00  0.000000E+00  0.000000E+00
  -624.300  0.000000E+00  0.000000E+00  0.000000E+00  0.000000E+00  0.000000E+00
  -624.200  0.000000E+00  0.000000E+00  0.000000E+00  0.000000E+00  0.000000E+00
  -624.100  0.000000E+00  0.000000E+00  0.000000E+00  0.000000E+00  0.000000E+00
  -624.000  0.000000E+00  0.000000E+00  0.000000E+00  0.000000E+00  0.000000E+00
  -623.900  0.000000E+00  0.000000E+00  0.000000E+00  0.000000E+00  0.000000E+00
  -623.800  0.000000E+00  0.000000E+00  0.000000E+00  0.000000E+00  0.000000E+00
  -623.700  0.000000E+00  0.000000E+00  0.000000E+00  0.000000E+00  0.000000E+00
  -623.600  0.000000E+00  0.000000E+00  0.000000E+00  0.000000E+00  0.000000E+00
  -623.500  0.000000E+00  0.000000E+00  0.000000E+00  0.000000E+00  0.000000E+00
  -623.400  0.000000E+00  0.000000E+00  0.000000E+00  0.000000E+00  0.000000E+00
  -623.300  0.000000E+00  0.000000E+00  0.000000E+00  0.000000E+00  0.000000E+00
  -623.200  0.000000E+00  0.000000E+00  0.000000E+00  0.000000E+00  0.000000E+00
  -623.100  0.000000E+00  0.000000E+00  0.000000E+00  0.000000E+00  0.000000E+00
  -623.000  0.000000E+00  0.000000E+00  0.000000E+00  0.000000E+00  0.000000E+00
  -622.900  0.000000E+00  0.000000E+00  0.000000E+00  0.000000E+00  0.000000E+00
  -622.800  0.000000E+00  0.000000E+00  0.000000E+00  0.000000E+00  0.000000E+00
  -622.700  0.000000E+00  0.000000E+00  0.000000E+00  0.000000E+00  0.000000E+00
  -622.600  0.000000E+00  0.000000E+00  0.000000E+00  0.000000E+00  0.000000E+00
  -622.500  0.000000E+00  0.000000E+00  0.000000E+00  0.000000E+00  0.000000E+00
  -622.400  0.000000E+00  0.000000E+00  0.000000E+00  0.000000E+00  0.000000E+00
  -622.300  0.000000E+00  0.000000E+00  0.000000E+00  0.000000E+00  0.000000E+00
  -622.200  0.000000E+00  0.000000E+00  0.000000E+00  0.000000E+00  0.000000E+00
  -622.100  0.000000E+00  0.000000E+00  0.000000E+00  0.000000E+00  0.000000E+00
  -622.000  0.000000E+00  0.000000E+00  0.000000E+00  0.000000E+00  0.000000E+00
  -621.900  0.000000E+00  0.000000E+00  0.000000E+00  0.000000E+00  0.000000E+00
  -621.800  0.000000E+00  0.000000E+00  0.000000E+00  0.000000E+00  0.000000E+00
  -621.700  0.000000E+00  0.000000E+00  0.000000E+00  0.000000E+00  0.000000E+00
  -621.600  0.000000E+00  0.000000E+00  0.000000E+00  0.000000E+00  0.000000E+00
  -621.500  0.000000E+00  0.000000E+00  0.000000E+00  0.000000E+00  0.000000E+00
  -621.400  0.000000E+00  0.000000E+00  0.000000E+00  0.000000E+00  0.000000E+00
  -621.300  0.000000E+00  0.000000E+00  0.000000E+00  0.000000E+00  0.000000E+00
  -621.200  0.000000E+00  0.000000E+00  0.000000E+00  0.000000E+00  0.000000E+00
  -621.100  0.000000E+00  0.000000E+00  0.000000E+00  0.000000E+00  0.000000E+00
  -621.000  0.000000E+00  0.000000E+00  0.000000E+00  0.000000E+00  0.000000E+00
  -620.900  0.000000E+00  0.000000E+00  0.000000E+00  0.000000E+00  0.000000E+00
  -620.800  0.000000E+00  0.000000E+00  0.000000E+00  0.000000E+00  0.000000E+00
  -620.700  0.000000E+00  0.000000E+00  0.000000E+00  0.000000E+00  0.000000E+00
  -620.600  0.000000E+00  0.000000E+00  0.000000E+00  0.000000E+00  0.000000E+00
  -620.500  0.000000E+00  0.000000E+00  0.000000E+00  0.000000E+00  0.000000E+00
  -620.400  0.000000E+00  0.000000E+00  0.000000E+00  0.000000E+00  0.000000E+00
  -620.300  0.000000E+00  0.000000E+00  0.000000E+00  0.000000E+00  0.000000E+00
  -620.200  0.000000E+00  0.000000E+00  0.000000E+00  0.000000E+00  0.000000E+00
  -620.100  0.000000E+00  0.000000E+00  0.000000E+00  0.000000E+00  0.000000E+00
  -620.000  0.000000E+00  0.000000E+00  0.000000E+00  0.000000E+00  0.000000E+00
