Structure,Energy,Nucleus,delta_iso
01,-65561.520209,Sn01,659.44189369
01,-65561.520209,Sn02,659.441610672
01,-65561.520209,Sn03,654.677389992
01,-65561.520209,Sn04,654.809756882
01,-65561.520209,Sn05,654.810036939
01,-65561.520209,Sn06,654.677319532
02,-65561.516634,Sn01,660.427412806
02,-65561.516634,Sn02,660.427459623
02,-65561.516634,Sn03,662.656438957
02,-65561.516634,Sn04,655.261443607
02,-65561.516634,Sn05,655.261508216
02,-65561.516634,Sn06,648.309461101
03,-65561.537246,Sn01,657.692671636
03,-65561.537246,Sn02,657.692728084
03,-65561.537246,Sn03,655.810784063
03,-65561.537246,Sn04,649.223044039
03,-65561.537246,Sn05,653.788086366
03,-65561.537246,Sn06,655.810878053
04,-65561.550418,Sn01,652.805473187
04,-65561.550418,Sn02,657.244181267
04,-65561.550418,Sn03,655.018093806
04,-65561.550418,Sn04,655.018076017
04,-65561.550418,Sn05,652.805566977
04,-65561.550418,Sn06,655.923113069
05,-65561.545072,Sn01,659.208850762
05,-65561.545072,Sn02,658.05535205
05,-65561.545072,Sn03,655.428948692
05,-65561.545072,Sn04,662.529247801
05,-65561.545072,Sn05,653.237164859
05,-65561.545072,Sn06,655.872402707
06,-65561.526594,Sn01,661.067356022
06,-65561.526594,Sn02,660.445647642
06,-65561.526594,Sn03,660.734872744
06,-65561.526594,Sn04,662.462585154
06,-65561.526594,Sn05,655.151664008
06,-65561.526594,Sn06,654.832196185
07,-65561.556226,Sn01,658.707826081
07,-65561.556226,Sn02,652.31435058
07,-65561.556226,Sn03,661.05383274
07,-65561.556226,Sn04,663.324072637
07,-65561.556226,Sn05,655.55448685
07,-65561.556226,Sn06,652.970468534
08,-65561.581560,Sn01,652.631933313
08,-65561.581560,Sn02,652.632252107
08,-65561.581560,Sn03,652.632353256
08,-65561.581560,Sn04,652.631981595
08,-65561.581560,Sn05,652.624339951
08,-65561.581560,Sn06,652.624540053
09,-65561.530477,Sn01,661.582025092
09,-65561.530477,Sn02,661.582666799
09,-65561.530477,Sn03,661.582843029
09,-65561.530477,Sn04,661.581998718
09,-65561.530477,Sn05,662.239913695
09,-65561.530477,Sn06,662.239766276
10,-65561.506479,Sn01,661.60525478
10,-65561.506479,Sn02,659.706329005
10,-65561.506479,Sn03,654.79654381
10,-65561.506479,Sn04,660.500258856
10,-65561.506479,Sn05,654.428375046
10,-65561.506479,Sn06,648.05989898
11,-65561.509257,Sn01,654.519025389
11,-65561.509257,Sn02,659.69227503
11,-65561.509257,Sn03,654.086865455
11,-65561.509257,Sn04,654.4392481
11,-65561.509257,Sn05,659.69202633
11,-65561.509257,Sn06,654.518760573
12,-65561.532614,Sn01,656.200245256
12,-65561.532614,Sn02,658.66030266
12,-65561.532614,Sn03,658.661319502
12,-65561.532614,Sn04,656.199803325
12,-65561.532614,Sn05,658.664782327
12,-65561.532614,Sn06,656.199737117
13,-65561.536377,Sn01,659.410608058
13,-65561.536377,Sn02,658.185954011
13,-65561.536377,Sn03,652.495209067
13,-65561.536377,Sn04,655.866967634
13,-65561.536377,Sn05,648.816209759
13,-65561.536377,Sn06,654.750549254
14,-65561.555078,Sn01,659.578854266
14,-65561.555078,Sn02,658.362109518
14,-65561.555078,Sn03,662.059555485
14,-65561.555078,Sn04,655.435044906
14,-65561.555078,Sn05,655.632638014
14,-65561.555078,Sn06,652.810408656
15,-65561.565679,Sn01,657.324009831
15,-65561.565679,Sn02,659.740689262
15,-65561.565679,Sn03,653.430993489
15,-65561.565679,Sn04,652.8226799
15,-65561.565679,Sn05,656.080919634
15,-65561.565679,Sn06,653.382492361
16,-65561.527691,Sn01,661.046307474
16,-65561.527691,Sn02,654.717280874
16,-65561.527691,Sn03,661.647497857
16,-65561.527691,Sn04,655.047525549
16,-65561.527691,Sn05,654.903207281
16,-65561.527691,Sn06,654.718890598
17,-65561.545775,Sn01,659.042987469
17,-65561.545775,Sn02,660.607219719
17,-65561.545775,Sn03,652.479142314
17,-65561.545775,Sn04,659.072485283
17,-65561.545775,Sn05,654.837387321
17,-65561.545775,Sn06,654.939886982
18,-65561.544809,Sn01,659.60822825
18,-65561.544809,Sn02,655.110733809
18,-65561.544809,Sn03,659.632716239
18,-65561.544809,Sn04,659.601656067
18,-65561.544809,Sn05,655.219377923
18,-65561.544809,Sn06,655.179408695
19,-65561.553395,Sn01,653.439600053
19,-65561.553395,Sn02,661.075497173
19,-65561.553395,Sn03,658.861250581
19,-65561.553395,Sn04,659.762832119
19,-65561.553395,Sn05,656.194543092
19,-65561.553395,Sn06,655.918501829
20,-65561.568758,Sn01,653.184947455
20,-65561.568758,Sn02,653.463184608
20,-65561.568758,Sn03,655.853560327
20,-65561.568758,Sn04,648.801506466
20,-65561.568758,Sn05,653.279519778
20,-65561.568758,Sn06,653.430956689
21,-65561.569882,Sn01,659.936790031
21,-65561.569882,Sn02,660.03899021
21,-65561.569882,Sn03,657.465106888
21,-65561.569882,Sn04,663.178899719
21,-65561.569882,Sn05,653.952537332
21,-65561.569882,Sn06,654.248358187
22,-65561.544265,Sn01,659.89187545
22,-65561.544265,Sn02,661.890376638
22,-65561.544265,Sn03,658.33656008
22,-65561.544265,Sn04,661.493258696
22,-65561.544265,Sn05,649.345668282
22,-65561.544265,Sn06,652.544091143
23,-65561.553109,Sn01,662.227903263
23,-65561.553109,Sn02,658.826288434
23,-65561.553109,Sn03,659.155248341
23,-65561.553109,Sn04,662.26874792
23,-65561.553109,Sn05,649.214004685
23,-65561.553109,Sn06,653.614664261
24,-65561.573847,Sn01,658.74708065
24,-65561.573847,Sn02,653.931883696
24,-65561.573847,Sn03,656.721131367
24,-65561.573847,Sn04,656.38236078
24,-65561.573847,Sn05,652.822848402
24,-65561.573847,Sn06,654.336419474
25,-65561.564750,Sn01,661.874538066
25,-65561.564750,Sn02,652.675214775
25,-65561.564750,Sn03,658.468674712
25,-65561.564750,Sn04,662.022104339
25,-65561.564750,Sn05,655.560046579
25,-65561.564750,Sn06,652.938977628
26,-65561.580964,Sn01,659.812647906
26,-65561.580964,Sn02,659.792277836
26,-65561.580964,Sn03,660.666865629
26,-65561.580964,Sn04,653.286644416
26,-65561.580964,Sn05,660.857930012
26,-65561.580964,Sn06,653.365772766
27,-65561.560311,Sn01,659.638266097
27,-65561.560311,Sn02,661.729343045
27,-65561.560311,Sn03,662.230042539
27,-65561.560311,Sn04,659.379857301
27,-65561.560311,Sn05,660.324028058
27,-65561.560311,Sn06,655.92051026
28,-65561.535714,Sn01,661.415963811
28,-65561.535714,Sn02,661.048144488
28,-65561.535714,Sn03,654.693895262
28,-65561.535714,Sn04,661.507142153
28,-65561.535714,Sn05,654.731362596
28,-65561.535714,Sn06,661.451268682
29,-65561.558688,Sn01,655.062570207
29,-65561.558688,Sn02,652.115470903
29,-65561.558688,Sn03,654.987089762
29,-65561.558688,Sn04,658.846469674
29,-65561.558688,Sn05,652.746196077
29,-65561.558688,Sn06,655.367470522
30,-65561.555241,Sn01,653.183943951
30,-65561.555241,Sn02,656.101274328
30,-65561.555241,Sn03,660.899483357
30,-65561.555241,Sn04,658.30333076
30,-65561.555241,Sn05,659.431398167
30,-65561.555241,Sn06,655.52990678
31,-65561.558676,Sn01,659.308392661
31,-65561.558676,Sn02,661.858377543
31,-65561.558676,Sn03,656.476396702
31,-65561.558676,Sn04,659.202474982
31,-65561.558676,Sn05,662.917106619
31,-65561.558676,Sn06,660.83385557
32,-65561.564609,Sn01,661.413970644
32,-65561.564609,Sn02,655.548898978
32,-65561.564609,Sn03,652.833523307
32,-65561.564609,Sn04,659.475064401
32,-65561.564609,Sn05,661.385561774
32,-65561.564609,Sn06,652.531688827
33,-65561.506315,Sn01,661.899043929
33,-65561.506315,Sn02,662.02023158
33,-65561.506315,Sn03,655.115432357
33,-65561.506315,Sn04,655.178286606
33,-65561.506315,Sn05,655.178332914
33,-65561.506315,Sn06,655.115356982
34,-65561.524380,Sn01,661.451791314
34,-65561.524380,Sn02,662.232848007
34,-65561.524380,Sn03,661.940679306
34,-65561.524380,Sn04,661.743862078
34,-65561.524380,Sn05,654.838248924
34,-65561.524380,Sn06,655.080995636
35,-65561.541984,Sn01,662.08774047
35,-65561.541984,Sn02,662.424858434
35,-65561.541984,Sn03,662.057840219
35,-65561.541984,Sn04,662.057615855
35,-65561.541984,Sn05,661.818812114
35,-65561.541984,Sn06,661.819329151
36,-65561.514090,Sn01,661.370918402
36,-65561.514090,Sn02,655.020285722
36,-65561.514090,Sn03,660.732792419
36,-65561.514090,Sn04,661.907695107
36,-65561.514090,Sn05,660.713806389
36,-65561.514090,Sn06,655.391869691
37,-65561.518108,Sn01,660.121884793
37,-65561.518108,Sn02,655.163455905
37,-65561.518108,Sn03,655.295204617
37,-65561.518108,Sn04,655.286027383
37,-65561.518108,Sn05,660.117504095
37,-65561.518108,Sn06,655.144351576
38,-65561.519888,Sn01,654.93954211
38,-65561.519888,Sn02,654.813643155
38,-65561.519888,Sn03,655.063909038
38,-65561.519888,Sn04,654.963964652
38,-65561.519888,Sn05,660.306217419
38,-65561.519888,Sn06,660.438639932
39,-65561.517454,Sn01,655.215041677
39,-65561.517454,Sn02,654.81359553
39,-65561.517454,Sn03,660.551786935
39,-65561.517454,Sn04,649.488984422
39,-65561.517454,Sn05,660.80396867
39,-65561.517454,Sn06,660.954332333
40,-65561.527180,Sn01,648.238210271
40,-65561.527180,Sn02,661.570865229
40,-65561.527180,Sn03,654.556252468
40,-65561.527180,Sn04,654.556061058
40,-65561.527180,Sn05,660.878249727
40,-65561.527180,Sn06,660.878542581
41,-65561.516544,Sn01,660.401241866
41,-65561.516544,Sn02,648.282777609
41,-65561.516544,Sn03,660.399909409
41,-65561.516544,Sn04,648.774376982
41,-65561.516544,Sn05,661.710046847
41,-65561.516544,Sn06,661.789049772
42,-65561.548162,Sn01,654.765271325
42,-65561.548162,Sn02,655.658718823
42,-65561.548162,Sn03,652.436434016
42,-65561.548162,Sn04,648.937053082
42,-65561.548162,Sn05,659.410955077
42,-65561.548162,Sn06,658.010919505
43,-65561.513772,Sn01,662.87885842
43,-65561.513772,Sn02,662.87881618
43,-65561.513772,Sn03,661.531164543
43,-65561.513772,Sn04,648.798729425
43,-65561.513772,Sn05,648.798908079
43,-65561.513772,Sn06,661.530831395
44,-65561.525179,Sn01,655.260313772
44,-65561.525179,Sn02,662.017607194
44,-65561.525179,Sn03,660.748657887
44,-65561.525179,Sn04,655.437417948
44,-65561.525179,Sn05,648.386003317
44,-65561.525179,Sn06,660.885564759
45,-65561.543717,Sn01,662.847692586
45,-65561.543717,Sn02,659.979233044
45,-65561.543717,Sn03,653.029098581
45,-65561.543717,Sn04,659.275687616
45,-65561.543717,Sn05,649.03358417
45,-65561.543717,Sn06,661.844538629
46,-65561.550117,Sn01,662.513053365
46,-65561.550117,Sn02,660.105783653
46,-65561.550117,Sn03,659.293687232
46,-65561.550117,Sn04,659.828226073
46,-65561.550117,Sn05,655.691092115
46,-65561.550117,Sn06,662.597136465
47,-65561.544903,Sn01,655.537559119
47,-65561.544903,Sn02,653.369278545
47,-65561.544903,Sn03,657.972389065
47,-65561.544903,Sn04,658.177881149
47,-65561.544903,Sn05,655.68079275
47,-65561.544903,Sn06,649.050327594
48,-65561.553412,Sn01,655.101323391
48,-65561.553412,Sn02,659.043402301
48,-65561.553412,Sn03,658.571739224
48,-65561.553412,Sn04,655.894626255
48,-65561.553412,Sn05,655.332050018
48,-65561.553412,Sn06,658.887283752
49,-65561.570790,Sn01,662.562669695
49,-65561.570790,Sn02,657.408868637
49,-65561.570790,Sn03,654.370111836
49,-65561.570790,Sn04,654.368731652
49,-65561.570790,Sn05,660.196882564
49,-65561.570790,Sn06,660.200703189
50,-65561.535318,Sn01,655.516297062
50,-65561.535318,Sn02,655.518585931
50,-65561.535318,Sn03,661.094859042
50,-65561.535318,Sn04,661.094133546
50,-65561.535318,Sn05,655.518031174
50,-65561.535318,Sn06,655.516896009
51,-65561.570284,Sn01,659.960480239
51,-65561.570284,Sn02,659.960701098
51,-65561.570284,Sn03,653.896091622
51,-65561.570284,Sn04,653.89634104
51,-65561.570284,Sn05,658.091614227
51,-65561.570284,Sn06,663.368528854
52,-65561.574696,Sn01,653.383270258
52,-65561.574696,Sn02,653.132174261
52,-65561.574696,Sn03,659.152879775
52,-65561.574696,Sn04,652.692436316
52,-65561.574696,Sn05,656.940723857
52,-65561.574696,Sn06,655.350166119
53,-65561.579294,Sn01,662.292258521
53,-65561.579294,Sn02,653.276311904
53,-65561.579294,Sn03,660.437930355
53,-65561.579294,Sn04,657.118758042
53,-65561.579294,Sn05,653.582562132
53,-65561.579294,Sn06,660.696286873
54,-65561.574961,Sn01,660.251249609
54,-65561.574961,Sn02,660.251513239
54,-65561.574961,Sn03,660.616905356
54,-65561.574961,Sn04,660.617109888
54,-65561.574961,Sn05,660.645767232
54,-65561.574961,Sn06,660.645992692
55,-65561.563112,Sn01,655.447669773
55,-65561.563112,Sn02,661.599698464
55,-65561.563112,Sn03,659.395890144
55,-65561.563112,Sn04,658.824135753
55,-65561.563112,Sn05,655.412639275
55,-65561.563112,Sn06,652.953536016
56,-65561.579044,Sn01,653.380382791
56,-65561.579044,Sn02,659.596102223
56,-65561.579044,Sn03,659.595938409
56,-65561.579044,Sn04,663.153873064
56,-65561.579044,Sn05,653.380151308
56,-65561.579044,Sn06,658.131196325
57,-65561.547410,Sn01,661.839158876
57,-65561.547410,Sn02,661.839495947
57,-65561.547410,Sn03,661.839045578
57,-65561.547410,Sn04,661.839442164
57,-65561.547410,Sn05,661.839682873
57,-65561.547410,Sn06,661.839051633
58,-65561.513640,Sn01,662.262017832
58,-65561.513640,Sn02,662.261461808
58,-65561.513640,Sn03,654.925029137
58,-65561.513640,Sn04,662.600586851
58,-65561.513640,Sn05,655.140087041
58,-65561.513640,Sn06,662.600516548
59,-65561.558327,Sn01,652.39852601
59,-65561.558327,Sn02,652.398513324
59,-65561.558327,Sn03,649.152168773
59,-65561.558327,Sn04,652.398333119
59,-65561.558327,Sn05,652.398195105
59,-65561.558327,Sn06,657.588955766
60,-65561.606100,Sn01,643.502845716
60,-65561.606100,Sn02,649.120774421
60,-65561.606100,Sn03,649.120878169
60,-65561.606100,Sn04,656.232690953
60,-65561.606100,Sn05,656.233229654
60,-65561.606100,Sn06,643.727328831
61,-65561.597416,Sn01,649.493640312
61,-65561.597416,Sn02,649.369951231
61,-65561.597416,Sn03,643.234318448
61,-65561.597416,Sn04,656.024723664
61,-65561.597416,Sn05,656.493453627
61,-65561.597416,Sn06,643.370987506
62,-65561.628283,Sn01,643.470922822
62,-65561.628283,Sn02,643.470791644
62,-65561.628283,Sn03,647.781285669
62,-65561.628283,Sn04,653.926354083
62,-65561.628283,Sn05,653.926516468
62,-65561.628283,Sn06,644.072471879
63,-65561.603477,Sn01,650.068723619
63,-65561.603477,Sn02,643.544172112
63,-65561.603477,Sn03,649.960476267
63,-65561.603477,Sn04,662.384781243
63,-65561.603477,Sn05,662.761924767
63,-65561.603477,Sn06,643.567383492
64,-65561.614131,Sn01,650.136902799
64,-65561.614131,Sn02,650.136934259
64,-65561.614131,Sn03,643.774200442
64,-65561.614131,Sn04,663.233984776
64,-65561.614131,Sn05,663.234222502
64,-65561.614131,Sn06,643.93215563
65,-65561.591206,Sn01,659.522749833
65,-65561.591206,Sn02,659.522612865
65,-65561.591206,Sn03,653.486619245
65,-65561.591206,Sn04,659.522656637
65,-65561.591206,Sn05,653.486977844
65,-65561.591206,Sn06,659.522822958
