 x      300.00000000000000        873.00000000000000        1273.0000000000000        1673.0000000000000     
  -680.000  0.000000E+00  0.000000E+00  0.000000E+00  0.000000E+00  0.000000E+00
  -679.900  0.000000E+00  0.000000E+00  0.000000E+00  0.000000E+00  0.000000E+00
  -679.800  0.000000E+00  0.000000E+00  0.000000E+00  0.000000E+00  0.000000E+00
  -679.700  0.000000E+00  0.000000E+00  0.000000E+00  0.000000E+00  0.000000E+00
  -679.600  0.000000E+00  0.000000E+00  0.000000E+00  0.000000E+00  0.000000E+00
  -679.500  0.000000E+00  0.000000E+00  0.000000E+00  0.000000E+00  0.000000E+00
  -679.400  0.000000E+00  0.000000E+00  0.000000E+00  0.000000E+00  0.000000E+00
  -679.300  0.000000E+00  0.000000E+00  0.000000E+00  0.000000E+00  0.000000E+00
  -679.200  0.000000E+00  0.000000E+00  0.000000E+00  0.000000E+00  0.000000E+00
  -679.100  0.000000E+00  0.000000E+00  0.000000E+00  0.000000E+00  0.000000E+00
  -679.000  0.000000E+00  0.000000E+00  0.000000E+00  0.000000E+00  0.000000E+00
  -678.900  0.000000E+00  0.000000E+00  0.000000E+00  0.000000E+00  0.000000E+00
  -678.800  0.000000E+00  0.000000E+00  0.000000E+00  0.000000E+00  0.000000E+00
  -678.700  0.000000E+00  0.000000E+00  0.000000E+00  0.000000E+00  0.000000E+00
  -678.600  0.000000E+00  0.000000E+00  0.000000E+00  0.000000E+00  0.000000E+00
  -678.500  0.000000E+00  0.000000E+00  0.000000E+00  0.000000E+00  0.000000E+00
  -678.400  0.000000E+00  0.000000E+00  0.000000E+00  0.000000E+00  0.000000E+00
  -678.300  0.000000E+00  0.000000E+00  0.000000E+00  0.000000E+00  0.000000E+00
  -678.200  0.000000E+00  0.000000E+00  0.000000E+00  0.000000E+00  0.000000E+00
  -678.100  0.000000E+00  0.000000E+00  0.000000E+00  0.000000E+00  0.000000E+00
  -678.000  0.000000E+00  0.000000E+00  0.000000E+00  0.000000E+00  0.000000E+00
  -677.900  0.000000E+00  0.000000E+00  0.000000E+00  0.000000E+00  0.000000E+00
  -677.800  0.000000E+00  0.000000E+00  0.000000E+00  0.000000E+00  0.000000E+00
  -677.700  0.000000E+00  0.000000E+00  0.000000E+00  0.000000E+00  0.000000E+00
  -677.600  0.000000E+00  0.000000E+00  0.000000E+00  0.000000E+00  0.000000E+00
  -677.500  0.000000E+00  0.000000E+00  0.000000E+00  0.000000E+00  0.000000E+00
  -677.400  0.000000E+00  0.000000E+00  0.000000E+00  0.000000E+00  0.000000E+00
  -677.300  0.000000E+00  0.000000E+00  0.000000E+00  0.000000E+00  0.000000E+00
  -677.200  0.000000E+00  0.000000E+00  0.000000E+00  0.000000E+00  0.000000E+00
  -677.100  0.000000E+00  0.000000E+00  0.000000E+00  0.000000E+00  0.000000E+00
  -677.000  0.000000E+00  0.000000E+00  0.000000E+00  0.000000E+00  0.000000E+00
  -676.900  0.000000E+00  0.000000E+00  0.000000E+00  0.000000E+00  0.000000E+00
  -676.800  0.000000E+00  0.000000E+00  0.000000E+00  0.000000E+00  0.000000E+00
  -676.700  0.000000E+00  0.000000E+00  0.000000E+00  0.000000E+00  0.000000E+00
  -676.600  0.000000E+00  0.000000E+00  0.000000E+00  0.000000E+00  0.000000E+00
  -676.500  0.000000E+00  0.000000E+00  0.000000E+00  0.000000E+00  0.000000E+00
  -676.400  0.000000E+00  0.000000E+00  0.000000E+00  0.000000E+00  0.000000E+00
  -676.300  0.000000E+00  0.000000E+00  0.000000E+00  0.000000E+00  0.000000E+00
  -676.200  0.000000E+00  0.000000E+00  0.000000E+00  0.000000E+00  0.000000E+00
  -676.100  0.000000E+00  0.000000E+00  0.000000E+00  0.000000E+00  0.000000E+00
  -676.000  0.000000E+00  0.000000E+00  0.000000E+00  0.000000E+00  0.000000E+00
  -675.900  0.000000E+00  0.000000E+00  0.000000E+00  0.000000E+00  0.000000E+00
  -675.800  0.000000E+00  0.000000E+00  0.000000E+00  0.000000E+00  0.000000E+00
  -675.700  0.000000E+00  0.000000E+00  0.000000E+00  0.000000E+00  0.000000E+00
  -675.600  0.000000E+00  0.000000E+00  0.000000E+00  0.000000E+00  0.000000E+00
  -675.500  0.000000E+00  0.000000E+00  0.000000E+00  0.000000E+00  0.000000E+00
  -675.400  0.000000E+00  0.000000E+00  0.000000E+00  0.000000E+00  0.000000E+00
  -675.300  0.000000E+00  0.000000E+00  0.000000E+00  0.000000E+00  0.000000E+00
  -675.200  0.000000E+00  0.000000E+00  0.000000E+00  0.000000E+00  0.000000E+00
  -675.100  0.000000E+00  0.000000E+00  0.000000E+00  0.000000E+00  0.000000E+00
  -675.000  0.000000E+00  0.000000E+00  0.000000E+00  0.000000E+00  0.000000E+00
  -674.900  0.000000E+00  0.000000E+00  0.000000E+00  0.000000E+00  0.000000E+00
  -674.800  0.000000E+00  0.000000E+00  0.000000E+00  0.000000E+00  0.000000E+00
  -674.700  0.000000E+00  0.000000E+00  0.000000E+00  0.000000E+00  0.000000E+00
  -674.600  0.000000E+00  0.000000E+00  0.000000E+00  0.000000E+00  0.000000E+00
  -674.500  0.000000E+00  0.000000E+00  0.000000E+00  0.000000E+00  0.000000E+00
  -674.400  0.000000E+00  0.000000E+00  0.000000E+00  0.000000E+00  0.000000E+00
  -674.300  0.000000E+00  0.000000E+00  0.000000E+00  0.000000E+00  0.000000E+00
  -674.200  0.000000E+00  0.000000E+00  0.000000E+00  0.000000E+00  0.000000E+00
  -674.100  0.000000E+00  0.000000E+00  0.000000E+00  0.000000E+00  0.000000E+00
  -674.000  0.000000E+00  0.000000E+00  0.000000E+00  0.000000E+00  0.000000E+00
  -673.900  0.000000E+00  0.000000E+00  0.000000E+00  0.000000E+00  0.000000E+00
  -673.800  0.000000E+00  0.000000E+00  0.000000E+00  0.000000E+00  0.000000E+00
  -673.700  0.000000E+00  0.000000E+00  0.000000E+00  0.000000E+00  0.000000E+00
  -673.600  0.000000E+00  0.000000E+00  0.000000E+00  0.000000E+00  0.000000E+00
  -673.500  0.000000E+00  0.000000E+00  0.000000E+00  0.000000E+00  0.000000E+00
  -673.400  0.000000E+00  0.000000E+00  0.000000E+00  0.000000E+00  0.000000E+00
  -673.300  0.000000E+00  0.000000E+00  0.000000E+00  0.000000E+00  0.000000E+00
  -673.200  0.000000E+00  0.000000E+00  0.000000E+00  0.000000E+00  0.000000E+00
  -673.100  0.000000E+00  0.000000E+00  0.000000E+00  0.000000E+00  0.000000E+00
  -673.000  0.000000E+00  0.000000E+00  0.000000E+00  0.000000E+00  0.000000E+00
  -672.900  0.000000E+00  0.000000E+00  0.000000E+00  0.000000E+00  0.000000E+00
  -672.800  0.000000E+00  0.000000E+00  0.000000E+00  0.000000E+00  0.000000E+00
  -672.700  0.000000E+00  0.000000E+00  0.000000E+00  0.000000E+00  0.000000E+00
  -672.600  0.000000E+00  0.000000E+00  0.000000E+00  0.000000E+00  0.000000E+00
  -672.500  0.000000E+00  0.000000E+00  0.000000E+00  0.000000E+00  0.000000E+00
  -672.400  0.000000E+00  0.000000E+00  0.000000E+00  0.000000E+00  0.000000E+00
  -672.300  0.000000E+00  0.000000E+00  0.000000E+00  0.000000E+00  0.000000E+00
  -672.200  0.000000E+00  0.000000E+00  0.000000E+00  0.000000E+00  0.000000E+00
  -672.100  0.000000E+00  0.000000E+00  0.000000E+00  0.000000E+00  0.000000E+00
  -672.000  0.000000E+00  0.000000E+00  0.000000E+00  0.000000E+00  0.000000E+00
  -671.900  0.000000E+00  0.000000E+00  0.000000E+00  0.000000E+00  0.000000E+00
  -671.800  0.000000E+00  0.000000E+00  0.000000E+00  0.000000E+00  0.000000E+00
  -671.700  0.000000E+00  0.000000E+00  0.000000E+00  0.000000E+00  0.000000E+00
  -671.600  0.000000E+00  0.000000E+00  0.000000E+00  0.000000E+00  0.000000E+00
  -671.500  0.000000E+00  0.000000E+00  0.000000E+00  0.000000E+00  0.000000E+00
  -671.400  0.000000E+00  0.000000E+00  0.000000E+00  0.000000E+00  0.000000E+00
  -671.300  0.000000E+00  0.000000E+00  0.000000E+00  0.000000E+00  0.000000E+00
  -671.200  0.000000E+00  0.000000E+00  0.000000E+00  0.000000E+00  0.000000E+00
  -671.100  0.000000E+00  0.000000E+00  0.000000E+00  0.000000E+00  0.000000E+00
  -671.000  0.000000E+00  0.000000E+00  0.000000E+00  0.000000E+00  0.000000E+00
  -670.900  0.000000E+00  0.000000E+00  0.000000E+00  0.000000E+00  0.000000E+00
  -670.800  0.000000E+00  0.000000E+00  0.000000E+00  0.000000E+00  0.000000E+00
  -670.700  0.000000E+00  0.000000E+00  0.000000E+00  0.000000E+00  0.000000E+00
  -670.600  0.000000E+00  0.000000E+00  0.000000E+00  0.000000E+00  0.000000E+00
  -670.500  0.000000E+00  0.000000E+00  0.000000E+00  0.000000E+00  0.000000E+00
  -670.400  0.000000E+00  0.000000E+00  0.000000E+00  0.000000E+00  0.000000E+00
  -670.300  0.000000E+00  0.000000E+00  0.000000E+00  0.000000E+00  0.000000E+00
  -670.200  0.000000E+00  0.000000E+00  0.000000E+00  0.000000E+00  0.000000E+00
  -670.100  0.000000E+00  0.000000E+00  0.000000E+00  0.000000E+00  0.000000E+00
  -670.000  0.000000E+00  0.000000E+00  0.000000E+00  0.000000E+00  0.000000E+00
  -669.900  0.000000E+00  0.000000E+00  0.000000E+00  0.000000E+00  0.000000E+00
  -669.800  0.000000E+00  0.000000E+00  0.000000E+00  0.000000E+00  0.000000E+00
  -669.700  0.000000E+00  0.000000E+00  0.000000E+00  0.000000E+00  0.000000E+00
  -669.600  0.000000E+00  0.000000E+00  0.000000E+00  0.000000E+00  0.000000E+00
  -669.500  0.000000E+00  0.000000E+00  0.000000E+00  0.000000E+00  0.000000E+00
  -669.400  0.000000E+00  0.000000E+00  0.000000E+00  0.000000E+00  0.000000E+00
  -669.300  0.000000E+00  0.000000E+00  0.000000E+00  0.000000E+00  0.000000E+00
  -669.200  0.000000E+00  0.000000E+00  0.000000E+00  0.000000E+00  0.000000E+00
  -669.100  0.000000E+00  0.000000E+00  0.000000E+00  0.000000E+00  0.000000E+00
  -669.000  0.000000E+00  0.000000E+00  0.000000E+00  0.000000E+00  0.000000E+00
  -668.900  0.000000E+00  0.000000E+00  0.000000E+00  0.000000E+00  0.000000E+00
  -668.800  0.000000E+00  0.000000E+00  0.000000E+00  0.000000E+00  0.000000E+00
  -668.700  0.000000E+00  0.000000E+00  0.000000E+00  0.000000E+00  0.000000E+00
  -668.600  0.000000E+00  0.000000E+00  0.000000E+00  0.000000E+00  0.000000E+00
  -668.500  0.000000E+00  0.000000E+00  0.000000E+00  0.000000E+00  0.000000E+00
  -668.400  0.000000E+00  0.000000E+00  0.000000E+00  0.000000E+00  0.000000E+00
  -668.300  0.000000E+00  0.000000E+00  0.000000E+00  0.000000E+00  0.000000E+00
  -668.200  0.000000E+00  0.000000E+00  0.000000E+00  0.000000E+00  0.000000E+00
  -668.100  0.000000E+00  0.000000E+00  0.000000E+00  0.000000E+00  0.000000E+00
  -668.000  0.000000E+00  0.000000E+00  0.000000E+00  0.000000E+00  0.000000E+00
  -667.900  0.000000E+00  0.000000E+00  0.000000E+00  0.000000E+00  0.000000E+00
  -667.800  0.000000E+00  0.000000E+00  0.000000E+00  0.000000E+00  0.000000E+00
  -667.700  0.000000E+00  0.000000E+00  0.000000E+00  0.000000E+00  0.000000E+00
  -667.600  0.000000E+00  0.000000E+00  0.000000E+00  0.000000E+00  0.000000E+00
  -667.500  0.000000E+00  0.000000E+00  0.000000E+00  0.000000E+00  0.000000E+00
  -667.400  0.000000E+00  0.000000E+00  0.000000E+00  0.000000E+00  0.000000E+00
  -667.300  0.000000E+00  0.000000E+00  0.000000E+00  0.000000E+00  0.000000E+00
  -667.200  0.000000E+00  0.000000E+00  0.000000E+00  0.000000E+00  0.000000E+00
  -667.100  0.000000E+00  0.000000E+00  0.000000E+00  0.000000E+00  0.000000E+00
  -667.000  0.000000E+00  0.000000E+00  0.000000E+00  0.000000E+00  0.000000E+00
  -666.900  0.000000E+00  0.000000E+00  0.000000E+00  0.000000E+00  0.000000E+00
  -666.800  0.000000E+00  0.000000E+00  0.000000E+00  0.000000E+00  0.000000E+00
  -666.700  0.000000E+00  0.000000E+00  0.000000E+00  0.000000E+00  0.000000E+00
  -666.600  0.000000E+00  0.000000E+00  0.000000E+00  0.000000E+00  0.000000E+00
  -666.500  0.000000E+00  0.000000E+00  0.000000E+00  0.000000E+00  0.000000E+00
  -666.400  0.000000E+00  0.000000E+00  0.000000E+00  0.000000E+00  0.000000E+00
  -666.300  0.000000E+00  0.000000E+00  0.000000E+00  0.000000E+00  0.000000E+00
  -666.200  0.000000E+00  0.000000E+00  0.000000E+00  0.000000E+00  0.000000E+00
  -666.100  0.000000E+00  0.000000E+00  0.000000E+00  0.000000E+00  0.000000E+00
  -666.000  0.000000E+00  0.000000E+00  0.000000E+00  0.000000E+00  0.000000E+00
  -665.900  0.000000E+00  0.000000E+00  0.000000E+00  0.000000E+00  0.000000E+00
  -665.800  0.000000E+00  0.000000E+00  0.000000E+00  0.000000E+00  0.000000E+00
  -665.700  0.000000E+00  0.000000E+00  0.000000E+00  0.000000E+00  0.000000E+00
  -665.600  0.000000E+00  0.000000E+00  0.000000E+00  0.000000E+00  0.000000E+00
  -665.500  0.000000E+00  0.000000E+00  0.000000E+00  0.000000E+00  0.000000E+00
  -665.400  0.153237E-04  0.000000E+00  0.000000E+00  0.000000E+00  0.000000E+00
  -665.300  0.212546E-04  0.000000E+00  0.000000E+00  0.000000E+00  0.000000E+00
  -665.200  0.291901E-04  0.000000E+00  0.000000E+00  0.000000E+00  0.000000E+00
  -665.100  0.396981E-04  0.000000E+00  0.000000E+00  0.000000E+00  0.000000E+00
  -665.000  0.534713E-04  0.000000E+00  0.000000E+00  0.000000E+00  0.000000E+00
  -664.900  0.713461E-04  0.000000E+00  0.000000E+00  0.000000E+00  0.000000E+00
  -664.800  0.943212E-04  0.000000E+00  0.000000E+00  0.000000E+00  0.000000E+00
  -664.700  0.123577E-03  0.000000E+00  0.000000E+00  0.000000E+00  0.000000E+00
  -664.600  0.160500E-03  0.000000E+00  0.000000E+00  0.000000E+00  0.000000E+00
  -664.500  0.206698E-03  0.150386E-04  0.000000E+00  0.000000E+00  0.000000E+00
  -664.400  0.264032E-03  0.205894E-04  0.000000E+00  0.000000E+00  0.000000E+00
  -664.300  0.334640E-03  0.280518E-04  0.192114E-04  0.158808E-04  0.000000E+00
  -664.200  0.420965E-03  0.380392E-04  0.264557E-04  0.220483E-04  0.000000E+00
  -664.100  0.525789E-03  0.513458E-04  0.362668E-04  0.304717E-04  0.181699E-04
  -664.000  0.652271E-03  0.689933E-04  0.494901E-04  0.419189E-04  0.256356E-04
  -663.900  0.803989E-03  0.922869E-04  0.672224E-04  0.573938E-04  0.359785E-04
  -663.800  0.984978E-03  0.122881E-03  0.908752E-04  0.781982E-04  0.502171E-04
  -663.700  0.119978E-02  0.162856E-03  0.122249E-03  0.106005E-03  0.696891E-04
  -663.600  0.145349E-02  0.214805E-03  0.163622E-03  0.142945E-03  0.961344E-04
  -663.500  0.175177E-02  0.281930E-03  0.217845E-03  0.191707E-03  0.131795E-03
  -663.400  0.210091E-02  0.368150E-03  0.288459E-03  0.255649E-03  0.179530E-03
  -663.300  0.250784E-02  0.478216E-03  0.379816E-03  0.338931E-03  0.242951E-03
  -663.200  0.298009E-02  0.617835E-03  0.497216E-03  0.446653E-03  0.326582E-03
  -663.100  0.352584E-02  0.793803E-03  0.647061E-03  0.585017E-03  0.436031E-03
  -663.000  0.415384E-02  0.101414E-02  0.837012E-03  0.761499E-03  0.578199E-03
  -662.900  0.487339E-02  0.128826E-02  0.107618E-02  0.985047E-03  0.761516E-03
  -662.800  0.569435E-02  0.162711E-02  0.137532E-02  0.126630E-02  0.996206E-03
  -662.700  0.662711E-02  0.204340E-02  0.174708E-02  0.161786E-02  0.129461E-02
  -662.600  0.768264E-02  0.255181E-02  0.220628E-02  0.205457E-02  0.167157E-02
  -662.500  0.887268E-02  0.316933E-02  0.277024E-02  0.259391E-02  0.214487E-02
  -662.400  0.102099E-01  0.391557E-02  0.345925E-02  0.325644E-02  0.273581E-02
  -662.300  0.117085E-01  0.481335E-02  0.429709E-02  0.406642E-02  0.346986E-02
  -662.200  0.133844E-01  0.588924E-02  0.531172E-02  0.505248E-02  0.437754E-02
  -662.100  0.152564E-01  0.717445E-02  0.653618E-02  0.624854E-02  0.549544E-02
  -662.000  0.173471E-01  0.870582E-02  0.800962E-02  0.769495E-02  0.686743E-02
  -661.900  0.196837E-01  0.105270E-01  0.977866E-02  0.943981E-02  0.854620E-02
  -661.800  0.223000E-01  0.126902E-01  0.118989E-01  0.115406E-01  0.105949E-01
  -661.700  0.252370E-01  0.152575E-01  0.144368E-01  0.140659E-01  0.130893E-01
  -661.600  0.285455E-01  0.183032E-01  0.174714E-01  0.170975E-01  0.161198E-01
  -661.500  0.322866E-01  0.219154E-01  0.210969E-01  0.207327E-01  0.197935E-01
  -661.400  0.365336E-01  0.261985E-01  0.254243E-01  0.250860E-01  0.242372E-01
  -661.300  0.413732E-01  0.312752E-01  0.305839E-01  0.302919E-01  0.295990E-01
  -661.200  0.469058E-01  0.372875E-01  0.367265E-01  0.365061E-01  0.360501E-01
  -661.100  0.532460E-01  0.443989E-01  0.440254E-01  0.439069E-01  0.437866E-01
  -661.000  0.605222E-01  0.527939E-01  0.526759E-01  0.526957E-01  0.530295E-01
  -660.900  0.688748E-01  0.626780E-01  0.628956E-01  0.630964E-01  0.640237E-01
  -660.800  0.784546E-01  0.742752E-01  0.749214E-01  0.753529E-01  0.770362E-01
  -660.700  0.894187E-01  0.878250E-01  0.890066E-01  0.897258E-01  0.923516E-01
  -660.600  0.101927E+00  0.103577E+00  0.105415E+00  0.106486E+00  0.110266E+00
  -660.500  0.116135E+00  0.121781E+00  0.124412E+00  0.125908E+00  0.131078E+00
  -660.400  0.132189E+00  0.142684E+00  0.146258E+00  0.148258E+00  0.155077E+00
  -660.300  0.150215E+00  0.166509E+00  0.171191E+00  0.173782E+00  0.182533E+00
  -660.200  0.170315E+00  0.193451E+00  0.199417E+00  0.202693E+00  0.213677E+00
  -660.100  0.192552E+00  0.223656E+00  0.231093E+00  0.235153E+00  0.248684E+00
  -660.000  0.216943E+00  0.257209E+00  0.266311E+00  0.271255E+00  0.287659E+00
  -659.900  0.243450E+00  0.294115E+00  0.305080E+00  0.311011E+00  0.330612E+00
  -659.800  0.271972E+00  0.334288E+00  0.347312E+00  0.354331E+00  0.377449E+00
  -659.700  0.302335E+00  0.377536E+00  0.392808E+00  0.401012E+00  0.427948E+00
  -659.600  0.334293E+00  0.423553E+00  0.441247E+00  0.450727E+00  0.481755E+00
  -659.500  0.367520E+00  0.471913E+00  0.492186E+00  0.503019E+00  0.538376E+00
  -659.400  0.401619E+00  0.522071E+00  0.545052E+00  0.557303E+00  0.597176E+00
  -659.300  0.436122E+00  0.573371E+00  0.599157E+00  0.612872E+00  0.657388E+00
  -659.200  0.470505E+00  0.625057E+00  0.653706E+00  0.668911E+00  0.718130E+00
  -659.100  0.504197E+00  0.676295E+00  0.707821E+00  0.724520E+00  0.778429E+00
  -659.000  0.536601E+00  0.726197E+00  0.760568E+00  0.778740E+00  0.837249E+00
  -658.900  0.567115E+00  0.773852E+00  0.810990E+00  0.830589E+00  0.893531E+00
  -658.800  0.595151E+00  0.818361E+00  0.858138E+00  0.879095E+00  0.946229E+00
  -658.700  0.620159E+00  0.858870E+00  0.901116E+00  0.923339E+00  0.994358E+00
  -658.600  0.641650E+00  0.894607E+00  0.939112E+00  0.962488E+00  0.103703E+01
  -658.500  0.659214E+00  0.924911E+00  0.971431E+00  0.995834E+00  0.107349E+01
  -658.400  0.672538E+00  0.949259E+00  0.997525E+00  0.102282E+01  0.110316E+01
  -658.300  0.681417E+00  0.967285E+00  0.101701E+01  0.104305E+01  0.112562E+01
  -658.200  0.685761E+00  0.978792E+00  0.102968E+01  0.105631E+01  0.114068E+01
  -658.100  0.685596E+00  0.983751E+00  0.103552E+01  0.106259E+01  0.114832E+01
  -658.000  0.681059E+00  0.982297E+00  0.103465E+01  0.106203E+01  0.114873E+01
  -657.900  0.672390E+00  0.974714E+00  0.102738E+01  0.105493E+01  0.114223E+01
  -657.800  0.659914E+00  0.961412E+00  0.101413E+01  0.104174E+01  0.112930E+01
  -657.700  0.644026E+00  0.942902E+00  0.995443E+00  0.102299E+01  0.111053E+01
  -657.600  0.625171E+00  0.919766E+00  0.971913E+00  0.999301E+00  0.108655E+01
  -657.500  0.603820E+00  0.892627E+00  0.944184E+00  0.971321E+00  0.105806E+01
  -657.400  0.580452E+00  0.862122E+00  0.912911E+00  0.939712E+00  0.102572E+01
  -657.300  0.555533E+00  0.828877E+00  0.878733E+00  0.905119E+00  0.990189E+00
  -657.200  0.529502E+00  0.793482E+00  0.842251E+00  0.868147E+00  0.952072E+00
  -657.100  0.502755E+00  0.756482E+00  0.804016E+00  0.829350E+00  0.911912E+00
  -657.000  0.475641E+00  0.718360E+00  0.764520E+00  0.789217E+00  0.870182E+00
  -656.900  0.448452E+00  0.679540E+00  0.724190E+00  0.748175E+00  0.827290E+00
  -656.800  0.421427E+00  0.640383E+00  0.683389E+00  0.706587E+00  0.783584E+00
  -656.700  0.394754E+00  0.601193E+00  0.642427E+00  0.664763E+00  0.739357E+00
  -656.600  0.368575E+00  0.562223E+00  0.601566E+00  0.622965E+00  0.694867E+00
  -656.500  0.342996E+00  0.523690E+00  0.561030E+00  0.581422E+00  0.650342E+00
  -656.400  0.318094E+00  0.485778E+00  0.521017E+00  0.540337E+00  0.605998E+00
  -656.300  0.293927E+00  0.448651E+00  0.481707E+00  0.499898E+00  0.562047E+00
  -656.200  0.270543E+00  0.412461E+00  0.443271E+00  0.460286E+00  0.518703E+00
  -656.100  0.247986E+00  0.377352E+00  0.405876E+00  0.421681E+00  0.476187E+00
  -656.000  0.226302E+00  0.343464E+00  0.369686E+00  0.384259E+00  0.434726E+00
  -655.900  0.205538E+00  0.310933E+00  0.334861E+00  0.348198E+00  0.394551E+00
  -655.800  0.185748E+00  0.279892E+00  0.301561E+00  0.313668E+00  0.355891E+00
  -655.700  0.166988E+00  0.250465E+00  0.269932E+00  0.280835E+00  0.318966E+00
  -655.600  0.149314E+00  0.222763E+00  0.240109E+00  0.249844E+00  0.283978E+00
  -655.500  0.132778E+00  0.196881E+00  0.212206E+00  0.220823E+00  0.251103E+00
  -655.400  0.117426E+00  0.172892E+00  0.186313E+00  0.193872E+00  0.220484E+00
  -655.300  0.103291E+00  0.150843E+00  0.162491E+00  0.169060E+00  0.192225E+00
  -655.200  0.903929E-01  0.130754E+00  0.140767E+00  0.146421E+00  0.166387E+00
  -655.100  0.787343E-01  0.112615E+00  0.121138E+00  0.125956E+00  0.142989E+00
  -655.000  0.683004E-01  0.963866E-01  0.103565E+00  0.107628E+00  0.122005E+00
  -654.900  0.590596E-01  0.820035E-01  0.879826E-01  0.913701E-01  0.103370E+00
  -654.800  0.509639E-01  0.693763E-01  0.742959E-01  0.770866E-01  0.869829E-01
  -654.700  0.439520E-01  0.583963E-01  0.623896E-01  0.646584E-01  0.727153E-01
  -654.600  0.379515E-01  0.489406E-01  0.521318E-01  0.539492E-01  0.604154E-01
  -654.500  0.328828E-01  0.408769E-01  0.433803E-01  0.448109E-01  0.499165E-01
  -654.400  0.286617E-01  0.340684E-01  0.359875E-01  0.370901E-01  0.410447E-01
  -654.300  0.252032E-01  0.283793E-01  0.298060E-01  0.306331E-01  0.336241E-01
  -654.200  0.224239E-01  0.236779E-01  0.246932E-01  0.252909E-01  0.274837E-01
  -654.100  0.202447E-01  0.198408E-01  0.205146E-01  0.209231E-01  0.224615E-01
  -654.000  0.185930E-01  0.167551E-01  0.171477E-01  0.174013E-01  0.184088E-01
  -653.900  0.174040E-01  0.143213E-01  0.144834E-01  0.146114E-01  0.151930E-01
  -653.800  0.166223E-01  0.124541E-01  0.124286E-01  0.124556E-01  0.126997E-01
  -653.700  0.162029E-01  0.110844E-01  0.109073E-01  0.108539E-01  0.108350E-01
  -653.600  0.161128E-01  0.101605E-01  0.986178E-02  0.974535E-02  0.952627E-02
  -653.500  0.163317E-01  0.964888E-02  0.925426E-02  0.908956E-02  0.872370E-02
  -653.400  0.168543E-01  0.953644E-02  0.906807E-02  0.886789E-02  0.840172E-02
  -653.300  0.176921E-01  0.983202E-02  0.930975E-02  0.908549E-02  0.856060E-02
  -653.200  0.188767E-01  0.105692E-01  0.100114E-01  0.977364E-02  0.922855E-02
  -653.100  0.204630E-01  0.118093E-01  0.112339E-01  0.109927E-01  0.104643E-01
  -653.000  0.225344E-01  0.136458E-01  0.130705E-01  0.128360E-01  0.123605E-01
  -652.900  0.252081E-01  0.162087E-01  0.156516E-01  0.154337E-01  0.150473E-01
  -652.800  0.286417E-01  0.196705E-01  0.191500E-01  0.189589E-01  0.186971E-01
  -652.700  0.330410E-01  0.242522E-01  0.237868E-01  0.236323E-01  0.235296E-01
  -652.600  0.386684E-01  0.302305E-01  0.298381E-01  0.297297E-01  0.298175E-01
  -652.500  0.458516E-01  0.379451E-01  0.376424E-01  0.375881E-01  0.378925E-01
  -652.400  0.549936E-01  0.478068E-01  0.476073E-01  0.476134E-01  0.481522E-01
  -652.300  0.665818E-01  0.603051E-01  0.602182E-01  0.602879E-01  0.610672E-01
  -652.200  0.811978E-01  0.760162E-01  0.760448E-01  0.761776E-01  0.771875E-01
  -652.100  0.995262E-01  0.956103E-01  0.957495E-01  0.959397E-01  0.971509E-01
  -652.000  0.122363E+00  0.119858E+00  0.120093E+00  0.120329E+00  0.121689E+00
  -651.900  0.150621E+00  0.149637E+00  0.149941E+00  0.150205E+00  0.151635E+00
  -651.800  0.185337E+00  0.185935E+00  0.186269E+00  0.186533E+00  0.187927E+00
  -651.700  0.227675E+00  0.229851E+00  0.230161E+00  0.230393E+00  0.231615E+00
  -651.600  0.278924E+00  0.282596E+00  0.282814E+00  0.282972E+00  0.283859E+00
  -651.500  0.340494E+00  0.345485E+00  0.345531E+00  0.345564E+00  0.345929E+00
  -651.400  0.413911E+00  0.419930E+00  0.419707E+00  0.419560E+00  0.419191E+00
  -651.300  0.500793E+00  0.507415E+00  0.506816E+00  0.506426E+00  0.505094E+00
  -651.200  0.602828E+00  0.609476E+00  0.608377E+00  0.607676E+00  0.605139E+00
  -651.100  0.721730E+00  0.727652E+00  0.725920E+00  0.724835E+00  0.720843E+00
  -651.000  0.859189E+00  0.863438E+00  0.860927E+00  0.859380E+00  0.853676E+00
  -650.900  0.101679E+01  0.101821E+01  0.101476E+01  0.101267E+01  0.100500E+01
  -650.800  0.119593E+01  0.119315E+01  0.118859E+01  0.118587E+01  0.117596E+01
  -650.700  0.139771E+01  0.138912E+01  0.138326E+01  0.137982E+01  0.136741E+01
  -650.600  0.162277E+01  0.160659E+01  0.159924E+01  0.159498E+01  0.157980E+01
  -650.500  0.187123E+01  0.184548E+01  0.183642E+01  0.183125E+01  0.181303E+01
  -650.400  0.214247E+01  0.210507E+01  0.209409E+01  0.208790E+01  0.206635E+01
  -650.300  0.243504E+01  0.238390E+01  0.237076E+01  0.236344E+01  0.233830E+01
  -650.200  0.274655E+01  0.267967E+01  0.266414E+01  0.265560E+01  0.262657E+01
  -650.100  0.307363E+01  0.298919E+01  0.297108E+01  0.296120E+01  0.292803E+01
  -650.000  0.341183E+01  0.330842E+01  0.328754E+01  0.327625E+01  0.323870E+01
  -649.900  0.375576E+01  0.363248E+01  0.360870E+01  0.359593E+01  0.355383E+01
  -649.800  0.409915E+01  0.395580E+01  0.392904E+01  0.391477E+01  0.386803E+01
  -649.700  0.443503E+01  0.427224E+01  0.424255E+01  0.422678E+01  0.417540E+01
  -649.600  0.475602E+01  0.457540E+01  0.454290E+01  0.452568E+01  0.446982E+01
  -649.500  0.505460E+01  0.485877E+01  0.482371E+01  0.480517E+01  0.474514E+01
  -649.400  0.532347E+01  0.511610E+01  0.507887E+01  0.505918E+01  0.499548E+01
  -649.300  0.555588E+01  0.534164E+01  0.530275E+01  0.528216E+01  0.521548E+01
  -649.200  0.574597E+01  0.553038E+01  0.549049E+01  0.546931E+01  0.540053E+01
  -649.100  0.588906E+01  0.567834E+01  0.563820E+01  0.561681E+01  0.554698E+01
  -649.000  0.598185E+01  0.578267E+01  0.574312E+01  0.572192E+01  0.565225E+01
  -648.900  0.602261E+01  0.584174E+01  0.580370E+01  0.578314E+01  0.571493E+01
  -648.800  0.601117E+01  0.585521E+01  0.581960E+01  0.580015E+01  0.573477E+01
  -648.700  0.594892E+01  0.582396E+01  0.579167E+01  0.577378E+01  0.571258E+01
  -648.600  0.583864E+01  0.574994E+01  0.572181E+01  0.570590E+01  0.565019E+01
  -648.500  0.568435E+01  0.563607E+01  0.561282E+01  0.559927E+01  0.555020E+01
  -648.400  0.549102E+01  0.548600E+01  0.546822E+01  0.545733E+01  0.541590E+01
  -648.300  0.526430E+01  0.530393E+01  0.529203E+01  0.528404E+01  0.525101E+01
  -648.200  0.501023E+01  0.509442E+01  0.508863E+01  0.508367E+01  0.505956E+01
  -648.100  0.473499E+01  0.486217E+01  0.486252E+01  0.486064E+01  0.484568E+01
  -648.000  0.444465E+01  0.461190E+01  0.461824E+01  0.461938E+01  0.461356E+01
  -647.900  0.414494E+01  0.434820E+01  0.436020E+01  0.436423E+01  0.436727E+01
  -647.800  0.384117E+01  0.407542E+01  0.409261E+01  0.409933E+01  0.411071E+01
  -647.700  0.353805E+01  0.379764E+01  0.381943E+01  0.382856E+01  0.384761E+01
  -647.600  0.323970E+01  0.351861E+01  0.354433E+01  0.355555E+01  0.358143E+01
  -647.500  0.294957E+01  0.324170E+01  0.327062E+01  0.328360E+01  0.331539E+01
  -647.400  0.267048E+01  0.296993E+01  0.300131E+01  0.301569E+01  0.305241E+01
  -647.300  0.240466E+01  0.270591E+01  0.273903E+01  0.275447E+01  0.279515E+01
  -647.200  0.215378E+01  0.245187E+01  0.248607E+01  0.250222E+01  0.254592E+01
  -647.100  0.191900E+01  0.220969E+01  0.224433E+01  0.226090E+01  0.230672E+01
  -647.000  0.170102E+01  0.198081E+01  0.201536E+01  0.203208E+01  0.207922E+01
  -646.900  0.150016E+01  0.176634E+01  0.180034E+01  0.181697E+01  0.186470E+01
  -646.800  0.131643E+01  0.156700E+01  0.160008E+01  0.161641E+01  0.166412E+01
  -646.700  0.114950E+01  0.138319E+01  0.141503E+01  0.143092E+01  0.147806E+01
  -646.600  0.998861E+00  0.121496E+01  0.124536E+01  0.126066E+01  0.130678E+01
  -646.500  0.863784E+00  0.106211E+01  0.109089E+01  0.110552E+01  0.115023E+01
  -646.400  0.743412E+00  0.924184E+00  0.951240E+00  0.965107E+00  0.100810E+01
  -646.300  0.636783E+00  0.800521E+00  0.825783E+00  0.838839E+00  0.879851E+00
  -646.200  0.542873E+00  0.690316E+00  0.713750E+00  0.725959E+00  0.764780E+00
  -646.100  0.460626E+00  0.592658E+00  0.614257E+00  0.625595E+00  0.662058E+00
  -646.000  0.388982E+00  0.506569E+00  0.526349E+00  0.536805E+00  0.570784E+00
  -645.900  0.326905E+00  0.431051E+00  0.449044E+00  0.458619E+00  0.490025E+00
  -645.800  0.273400E+00  0.365112E+00  0.381366E+00  0.390067E+00  0.418850E+00
  -645.700  0.227523E+00  0.307792E+00  0.322368E+00  0.330213E+00  0.356359E+00
  -645.600  0.188400E+00  0.258185E+00  0.271154E+00  0.278167E+00  0.301700E+00
  -645.500  0.155223E+00  0.215444E+00  0.226888E+00  0.233103E+00  0.254081E+00
  -645.400  0.127257E+00  0.178793E+00  0.188801E+00  0.194258E+00  0.212773E+00
  -645.300  0.103842E+00  0.147523E+00  0.156195E+00  0.160940E+00  0.177111E+00
  -645.200  0.843871E-01  0.120997E+00  0.128435E+00  0.132519E+00  0.146492E+00
  -645.100  0.683678E-01  0.986396E-01  0.104952E+00  0.108428E+00  0.120369E+00
  -645.000  0.553246E-01  0.799368E-01  0.852321E-01  0.881577E-01  0.982424E-01
  -644.900  0.448573E-01  0.644306E-01  0.688165E-01  0.712481E-01  0.796619E-01
  -644.800  0.366219E-01  0.517147E-01  0.552950E-01  0.572885E-01  0.642163E-01
  -644.700  0.303271E-01  0.414317E-01  0.443041E-01  0.459125E-01  0.515341E-01
  -644.600  0.257319E-01  0.332703E-01  0.355242E-01  0.367968E-01  0.412814E-01
  -644.500  0.226431E-01  0.269645E-01  0.286793E-01  0.296605E-01  0.331626E-01
  -644.400  0.209138E-01  0.222930E-01  0.235368E-01  0.242649E-01  0.269207E-01
  -644.300  0.204423E-01  0.190796E-01  0.199079E-01  0.204150E-01  0.223403E-01
  -644.200  0.211721E-01  0.171945E-01  0.176500E-01  0.179612E-01  0.192497E-01
  -644.100  0.230921E-01  0.165563E-01  0.166686E-01  0.168021E-01  0.175251E-01
  -644.000  0.262380E-01  0.171346E-01  0.169205E-01  0.168878E-01  0.170940E-01
  -643.900  0.306949E-01  0.189543E-01  0.184182E-01  0.182243E-01  0.179409E-01
  -643.800  0.366001E-01  0.220998E-01  0.212350E-01  0.208785E-01  0.201127E-01
  -643.700  0.441485E-01  0.267210E-01  0.255104E-01  0.249846E-01  0.237250E-01
  -643.600  0.535979E-01  0.330397E-01  0.314575E-01  0.307508E-01  0.289695E-01
  -643.500  0.652757E-01  0.413565E-01  0.393692E-01  0.384659E-01  0.361210E-01
  -643.400  0.795853E-01  0.520570E-01  0.496253E-01  0.485062E-01  0.455439E-01
  -643.300  0.970126E-01  0.656172E-01  0.626974E-01  0.613408E-01  0.576973E-01
  -643.200  0.118130E+00  0.826059E-01  0.791510E-01  0.775333E-01  0.731374E-01
  -643.100  0.143595E+00  0.103683E+00  0.996439E-01  0.977398E-01  0.925141E-01
  -643.000  0.174149E+00  0.129590E+00  0.124917E+00  0.122701E+00  0.116563E+00
  -642.900  0.210601E+00  0.161138E+00  0.155779E+00  0.153223E+00  0.146087E+00
  -642.800  0.253804E+00  0.199177E+00  0.193080E+00  0.190157E+00  0.181933E+00
  -642.700  0.304626E+00  0.244563E+00  0.237675E+00  0.234357E+00  0.224949E+00
  -642.600  0.363902E+00  0.298112E+00  0.290378E+00  0.286634E+00  0.275943E+00
  -642.500  0.432383E+00  0.360543E+00  0.351906E+00  0.347704E+00  0.335625E+00
  -642.400  0.510667E+00  0.432419E+00  0.422815E+00  0.418124E+00  0.404544E+00
  -642.300  0.599136E+00  0.514079E+00  0.503443E+00  0.498226E+00  0.483026E+00
  -642.200  0.697892E+00  0.605582E+00  0.593843E+00  0.588062E+00  0.571114E+00
  -642.100  0.806700E+00  0.706656E+00  0.693739E+00  0.687353E+00  0.668524E+00
  -642.000  0.924952E+00  0.816668E+00  0.802495E+00  0.795462E+00  0.774612E+00
  -641.900  0.105166E+01  0.934623E+00  0.919113E+00  0.911389E+00  0.888375E+00
  -641.800  0.118547E+01  0.105919E+01  0.104226E+01  0.103380E+01  0.100848E+01
  -641.700  0.132473E+01  0.118875E+01  0.117033E+01  0.116109E+01  0.113332E+01
  -641.600  0.146759E+01  0.132154E+01  0.130154E+01  0.129149E+01  0.126113E+01
  -641.500  0.161213E+01  0.145573E+01  0.143408E+01  0.142317E+01  0.139009E+01
  -641.400  0.175654E+01  0.158959E+01  0.156623E+01  0.155443E+01  0.151851E+01
  -641.300  0.189925E+01  0.172167E+01  0.169655E+01  0.168382E+01  0.164494E+01
  -641.200  0.203913E+01  0.185094E+01  0.182400E+01  0.181031E+01  0.176836E+01
  -641.100  0.217562E+01  0.197691E+01  0.194810E+01  0.193342E+01  0.188829E+01
  -641.000  0.230883E+01  0.209971E+01  0.206898E+01  0.205329E+01  0.200487E+01
  -640.900  0.243954E+01  0.222012E+01  0.218742E+01  0.217067E+01  0.211885E+01
  -640.800  0.256919E+01  0.233951E+01  0.230478E+01  0.228695E+01  0.223160E+01
  -640.700  0.269970E+01  0.245971E+01  0.242288E+01  0.240393E+01  0.234494E+01
  -640.600  0.283332E+01  0.258283E+01  0.254384E+01  0.252372E+01  0.246095E+01
  -640.500  0.297230E+01  0.271099E+01  0.266975E+01  0.264844E+01  0.258176E+01
  -640.400  0.311860E+01  0.284601E+01  0.280246E+01  0.277991E+01  0.270922E+01
  -640.300  0.327356E+01  0.298917E+01  0.294324E+01  0.291942E+01  0.284464E+01
  -640.200  0.343761E+01  0.314087E+01  0.309252E+01  0.306741E+01  0.298852E+01
  -640.100  0.360999E+01  0.330046E+01  0.324967E+01  0.322329E+01  0.314033E+01
  -640.000  0.378864E+01  0.346606E+01  0.341290E+01  0.338527E+01  0.329836E+01
  -639.900  0.397013E+01  0.363460E+01  0.357917E+01  0.355036E+01  0.345974E+01
  -639.800  0.414977E+01  0.380182E+01  0.374431E+01  0.371442E+01  0.362047E+01
  -639.700  0.432181E+01  0.396253E+01  0.390322E+01  0.387241E+01  0.377562E+01
  -639.600  0.447976E+01  0.411091E+01  0.405016E+01  0.401863E+01  0.391964E+01
  -639.500  0.461684E+01  0.424084E+01  0.417912E+01  0.414710E+01  0.404669E+01
  -639.400  0.472642E+01  0.434637E+01  0.428421E+01  0.425199E+01  0.415106E+01
  -639.300  0.480250E+01  0.442210E+01  0.436013E+01  0.432803E+01  0.422757E+01
  -639.200  0.484014E+01  0.446362E+01  0.440250E+01  0.437086E+01  0.427194E+01
  -639.100  0.483582E+01  0.446775E+01  0.440818E+01  0.437736E+01  0.428108E+01
  -639.000  0.478770E+01  0.443283E+01  0.437551E+01  0.434587E+01  0.425332E+01
  -638.900  0.469574E+01  0.435878E+01  0.430439E+01  0.427628E+01  0.418850E+01
  -638.800  0.456169E+01  0.424707E+01  0.419625E+01  0.416997E+01  0.408793E+01
  -638.700  0.438892E+01  0.410062E+01  0.405392E+01  0.402977E+01  0.395429E+01
  -638.600  0.418220E+01  0.392356E+01  0.388144E+01  0.385963E+01  0.379140E+01
  -638.500  0.394736E+01  0.372090E+01  0.368370E+01  0.366440E+01  0.360392E+01
  -638.400  0.369090E+01  0.349824E+01  0.346617E+01  0.344949E+01  0.339707E+01
  -638.300  0.341960E+01  0.326140E+01  0.323454E+01  0.322053E+01  0.317627E+01
  -638.200  0.314012E+01  0.301611E+01  0.299441E+01  0.298303E+01  0.294685E+01
  -638.100  0.285875E+01  0.276773E+01  0.275102E+01  0.274219E+01  0.271382E+01
  -638.000  0.258109E+01  0.252107E+01  0.250906E+01  0.250263E+01  0.248163E+01
  -637.900  0.231191E+01  0.228021E+01  0.227253E+01  0.226831E+01  0.225411E+01
  -637.800  0.205505E+01  0.204847E+01  0.204466E+01  0.204242E+01  0.203433E+01
  -637.700  0.181338E+01  0.182838E+01  0.182793E+01  0.182743E+01  0.182467E+01
  -637.600  0.158891E+01  0.162172E+01  0.162411E+01  0.162507E+01  0.162684E+01
  -637.500  0.138277E+01  0.142963E+01  0.143432E+01  0.143646E+01  0.144194E+01
  -637.400  0.119543E+01  0.125270E+01  0.125916E+01  0.126222E+01  0.127058E+01
  -637.300  0.102678E+01  0.109104E+01  0.109877E+01  0.110249E+01  0.111298E+01
  -637.200  0.876260E+00  0.944444E+00  0.952982E+00  0.957143E+00  0.969039E+00
  -637.100  0.743000E+00  0.812439E+00  0.821385E+00  0.825774E+00  0.838451E+00
  -637.000  0.625914E+00  0.694381E+00  0.703391E+00  0.707833E+00  0.720750E+00
  -636.900  0.523786E+00  0.589507E+00  0.598301E+00  0.602650E+00  0.615362E+00
  -636.800  0.435342E+00  0.496985E+00  0.505343E+00  0.509487E+00  0.521644E+00
  -636.700  0.359297E+00  0.415938E+00  0.423703E+00  0.427560E+00  0.438902E+00
  -636.600  0.294386E+00  0.345474E+00  0.352539E+00  0.356054E+00  0.366407E+00
  -636.500  0.239395E+00  0.284689E+00  0.290999E+00  0.294141E+00  0.303405E+00
  -636.400  0.193168E+00  0.232688E+00  0.238227E+00  0.240986E+00  0.249123E+00
  -636.300  0.154624E+00  0.188589E+00  0.193371E+00  0.195753E+00  0.202778E+00
  -636.200  0.122755E+00  0.151530E+00  0.155595E+00  0.157620E+00  0.163585E+00
  -636.100  0.966357E-01  0.120681E+00  0.124086E+00  0.125781E+00  0.130767E+00
  -636.000  0.754221E-01  0.952528E-01  0.980637E-01  0.994618E-01  0.103566E+00
  -635.900  0.583532E-01  0.745015E-01  0.767905E-01  0.779274E-01  0.812560E-01
  -635.800  0.447499E-01  0.577396E-01  0.595787E-01  0.604906E-01  0.631516E-01
  -635.700  0.340139E-01  0.443396E-01  0.457982E-01  0.465199E-01  0.486174E-01
  -635.600  0.256238E-01  0.337383E-01  0.348806E-01  0.354444E-01  0.370751E-01
  -635.500  0.191320E-01  0.254382E-01  0.263219E-01  0.267568E-01  0.280075E-01
  -635.400  0.141587E-01  0.190071E-01  0.196826E-01  0.200139E-01  0.209606E-01
  -635.300  0.103863E-01  0.140751E-01  0.145855E-01  0.148349E-01  0.155421E-01
  -635.200  0.755296E-02  0.103311E-01  0.107125E-01  0.108980E-01  0.114197E-01
  -635.100  0.544546E-02  0.751723E-02  0.779906E-02  0.793548E-02  0.831553E-02
  -635.000  0.389285E-02  0.542311E-02  0.562918E-02  0.572839E-02  0.600188E-02
  -634.900  0.275977E-02  0.387953E-02  0.402866E-02  0.410004E-02  0.429450E-02
  -634.800  0.194046E-02  0.275239E-02  0.285923E-02  0.291005E-02  0.304671E-02
  -634.700  0.135337E-02  0.193685E-02  0.201265E-02  0.204846E-02  0.214341E-02
  -634.600  0.936380E-03  0.135200E-02  0.140528E-02  0.143027E-02  0.149551E-02
  -634.500  0.642759E-03  0.936254E-03  0.973358E-03  0.990626E-03  0.103497E-02
  -634.400  0.437754E-03  0.643223E-03  0.668830E-03  0.680654E-03  0.710483E-03
  -634.300  0.295808E-03  0.438416E-03  0.455934E-03  0.463956E-03  0.483817E-03
  -634.200  0.198327E-03  0.296453E-03  0.308333E-03  0.313728E-03  0.326823E-03
  -634.100  0.131925E-03  0.198857E-03  0.206845E-03  0.210441E-03  0.218993E-03
  -634.000  0.870585E-04  0.132310E-03  0.137635E-03  0.140013E-03  0.145547E-03
  -633.900  0.569872E-04  0.873074E-04  0.908274E-04  0.923855E-04  0.959346E-04
  -633.800  0.369964E-04  0.571264E-04  0.594332E-04  0.604458E-04  0.627022E-04
  -633.700  0.238164E-04  0.370561E-04  0.385547E-04  0.392072E-04  0.406297E-04
  -633.600  0.151997E-04  0.238243E-04  0.247892E-04  0.252061E-04  0.260955E-04
  -633.500  0.000000E+00  0.151777E-04  0.157934E-04  0.160575E-04  0.166090E-04
  -633.400  0.000000E+00  0.000000E+00  0.000000E+00  0.000000E+00  0.000000E+00
  -633.300  0.000000E+00  0.000000E+00  0.000000E+00  0.000000E+00  0.000000E+00
  -633.200  0.000000E+00  0.000000E+00  0.000000E+00  0.000000E+00  0.000000E+00
  -633.100  0.000000E+00  0.000000E+00  0.000000E+00  0.000000E+00  0.000000E+00
  -633.000  0.000000E+00  0.000000E+00  0.000000E+00  0.000000E+00  0.000000E+00
  -632.900  0.000000E+00  0.000000E+00  0.000000E+00  0.000000E+00  0.000000E+00
  -632.800  0.000000E+00  0.000000E+00  0.000000E+00  0.000000E+00  0.000000E+00
  -632.700  0.000000E+00  0.000000E+00  0.000000E+00  0.000000E+00  0.000000E+00
  -632.600  0.000000E+00  0.000000E+00  0.000000E+00  0.000000E+00  0.000000E+00
  -632.500  0.000000E+00  0.000000E+00  0.000000E+00  0.000000E+00  0.000000E+00
  -632.400  0.000000E+00  0.000000E+00  0.000000E+00  0.000000E+00  0.000000E+00
  -632.300  0.000000E+00  0.000000E+00  0.000000E+00  0.000000E+00  0.000000E+00
  -632.200  0.000000E+00  0.000000E+00  0.000000E+00  0.000000E+00  0.000000E+00
  -632.100  0.000000E+00  0.000000E+00  0.000000E+00  0.000000E+00  0.000000E+00
  -632.000  0.000000E+00  0.000000E+00  0.000000E+00  0.000000E+00  0.000000E+00
  -631.900  0.000000E+00  0.000000E+00  0.000000E+00  0.000000E+00  0.000000E+00
  -631.800  0.000000E+00  0.000000E+00  0.000000E+00  0.000000E+00  0.000000E+00
  -631.700  0.000000E+00  0.000000E+00  0.000000E+00  0.000000E+00  0.000000E+00
  -631.600  0.000000E+00  0.000000E+00  0.000000E+00  0.000000E+00  0.000000E+00
  -631.500  0.000000E+00  0.000000E+00  0.000000E+00  0.000000E+00  0.000000E+00
  -631.400  0.000000E+00  0.000000E+00  0.000000E+00  0.000000E+00  0.000000E+00
  -631.300  0.000000E+00  0.000000E+00  0.000000E+00  0.000000E+00  0.000000E+00
  -631.200  0.000000E+00  0.000000E+00  0.000000E+00  0.000000E+00  0.000000E+00
  -631.100  0.000000E+00  0.000000E+00  0.000000E+00  0.000000E+00  0.000000E+00
  -631.000  0.000000E+00  0.000000E+00  0.000000E+00  0.000000E+00  0.000000E+00
  -630.900  0.000000E+00  0.000000E+00  0.000000E+00  0.000000E+00  0.000000E+00
  -630.800  0.000000E+00  0.000000E+00  0.000000E+00  0.000000E+00  0.000000E+00
  -630.700  0.000000E+00  0.000000E+00  0.000000E+00  0.000000E+00  0.000000E+00
  -630.600  0.000000E+00  0.000000E+00  0.000000E+00  0.000000E+00  0.000000E+00
  -630.500  0.000000E+00  0.000000E+00  0.000000E+00  0.000000E+00  0.000000E+00
  -630.400  0.000000E+00  0.000000E+00  0.000000E+00  0.000000E+00  0.000000E+00
  -630.300  0.000000E+00  0.000000E+00  0.000000E+00  0.000000E+00  0.000000E+00
  -630.200  0.000000E+00  0.000000E+00  0.000000E+00  0.000000E+00  0.000000E+00
  -630.100  0.000000E+00  0.000000E+00  0.000000E+00  0.000000E+00  0.000000E+00
  -630.000  0.000000E+00  0.000000E+00  0.000000E+00  0.000000E+00  0.000000E+00
  -629.900  0.000000E+00  0.000000E+00  0.000000E+00  0.000000E+00  0.000000E+00
  -629.800  0.000000E+00  0.000000E+00  0.000000E+00  0.000000E+00  0.000000E+00
  -629.700  0.000000E+00  0.000000E+00  0.000000E+00  0.000000E+00  0.000000E+00
  -629.600  0.000000E+00  0.000000E+00  0.000000E+00  0.000000E+00  0.000000E+00
  -629.500  0.000000E+00  0.000000E+00  0.000000E+00  0.000000E+00  0.000000E+00
  -629.400  0.000000E+00  0.000000E+00  0.000000E+00  0.000000E+00  0.000000E+00
  -629.300  0.000000E+00  0.000000E+00  0.000000E+00  0.000000E+00  0.000000E+00
  -629.200  0.000000E+00  0.000000E+00  0.000000E+00  0.000000E+00  0.000000E+00
  -629.100  0.000000E+00  0.000000E+00  0.000000E+00  0.000000E+00  0.000000E+00
  -629.000  0.000000E+00  0.000000E+00  0.000000E+00  0.000000E+00  0.000000E+00
  -628.900  0.000000E+00  0.000000E+00  0.000000E+00  0.000000E+00  0.000000E+00
  -628.800  0.000000E+00  0.000000E+00  0.000000E+00  0.000000E+00  0.000000E+00
  -628.700  0.000000E+00  0.000000E+00  0.000000E+00  0.000000E+00  0.000000E+00
  -628.600  0.000000E+00  0.000000E+00  0.000000E+00  0.000000E+00  0.000000E+00
  -628.500  0.000000E+00  0.000000E+00  0.000000E+00  0.000000E+00  0.000000E+00
  -628.400  0.000000E+00  0.000000E+00  0.000000E+00  0.000000E+00  0.000000E+00
  -628.300  0.000000E+00  0.000000E+00  0.000000E+00  0.000000E+00  0.000000E+00
  -628.200  0.000000E+00  0.000000E+00  0.000000E+00  0.000000E+00  0.000000E+00
  -628.100  0.000000E+00  0.000000E+00  0.000000E+00  0.000000E+00  0.000000E+00
  -628.000  0.000000E+00  0.000000E+00  0.000000E+00  0.000000E+00  0.000000E+00
  -627.900  0.000000E+00  0.000000E+00  0.000000E+00  0.000000E+00  0.000000E+00
  -627.800  0.000000E+00  0.000000E+00  0.000000E+00  0.000000E+00  0.000000E+00
  -627.700  0.000000E+00  0.000000E+00  0.000000E+00  0.000000E+00  0.000000E+00
  -627.600  0.000000E+00  0.000000E+00  0.000000E+00  0.000000E+00  0.000000E+00
  -627.500  0.000000E+00  0.000000E+00  0.000000E+00  0.000000E+00  0.000000E+00
  -627.400  0.000000E+00  0.000000E+00  0.000000E+00  0.000000E+00  0.000000E+00
  -627.300  0.000000E+00  0.000000E+00  0.000000E+00  0.000000E+00  0.000000E+00
  -627.200  0.000000E+00  0.000000E+00  0.000000E+00  0.000000E+00  0.000000E+00
  -627.100  0.000000E+00  0.000000E+00  0.000000E+00  0.000000E+00  0.000000E+00
  -627.000  0.000000E+00  0.000000E+00  0.000000E+00  0.000000E+00  0.000000E+00
  -626.900  0.000000E+00  0.000000E+00  0.000000E+00  0.000000E+00  0.000000E+00
  -626.800  0.000000E+00  0.000000E+00  0.000000E+00  0.000000E+00  0.000000E+00
  -626.700  0.000000E+00  0.000000E+00  0.000000E+00  0.000000E+00  0.000000E+00
  -626.600  0.000000E+00  0.000000E+00  0.000000E+00  0.000000E+00  0.000000E+00
  -626.500  0.000000E+00  0.000000E+00  0.000000E+00  0.000000E+00  0.000000E+00
  -626.400  0.000000E+00  0.000000E+00  0.000000E+00  0.000000E+00  0.000000E+00
  -626.300  0.000000E+00  0.000000E+00  0.000000E+00  0.000000E+00  0.000000E+00
  -626.200  0.000000E+00  0.000000E+00  0.000000E+00  0.000000E+00  0.000000E+00
  -626.100  0.000000E+00  0.000000E+00  0.000000E+00  0.000000E+00  0.000000E+00
  -626.000  0.000000E+00  0.000000E+00  0.000000E+00  0.000000E+00  0.000000E+00
  -625.900  0.000000E+00  0.000000E+00  0.000000E+00  0.000000E+00  0.000000E+00
  -625.800  0.000000E+00  0.000000E+00  0.000000E+00  0.000000E+00  0.000000E+00
  -625.700  0.000000E+00  0.000000E+00  0.000000E+00  0.000000E+00  0.000000E+00
  -625.600  0.000000E+00  0.000000E+00  0.000000E+00  0.000000E+00  0.000000E+00
  -625.500  0.000000E+00  0.000000E+00  0.000000E+00  0.000000E+00  0.000000E+00
  -625.400  0.000000E+00  0.000000E+00  0.000000E+00  0.000000E+00  0.000000E+00
  -625.300  0.000000E+00  0.000000E+00  0.000000E+00  0.000000E+00  0.000000E+00
  -625.200  0.000000E+00  0.000000E+00  0.000000E+00  0.000000E+00  0.000000E+00
  -625.100  0.000000E+00  0.000000E+00  0.000000E+00  0.000000E+00  0.000000E+00
  -625.000  0.000000E+00  0.000000E+00  0.000000E+00  0.000000E+00  0.000000E+00
  -624.900  0.000000E+00  0.000000E+00  0.000000E+00  0.000000E+00  0.000000E+00
  -624.800  0.000000E+00  0.000000E+00  0.000000E+00  0.000000E+00  0.000000E+00
  -624.700  0.000000E+00  0.000000E+00  0.000000E+00  0.000000E+00  0.000000E+00
  -624.600  0.000000E+00  0.000000E+00  0.000000E+00  0.000000E+00  0.000000E+00
  -624.500  0.000000E+00  0.000000E+00  0.000000E+00  0.000000E+00  0.000000E+00
  -624.400  0.000000E+00  0.000000E+00  0.000000E+00  0.000000E+00  0.000000E+00
  -624.300  0.000000E+00  0.000000E+00  0.000000E+00  0.000000E+00  0.000000E+00
  -624.200  0.000000E+00  0.000000E+00  0.000000E+00  0.000000E+00  0.000000E+00
  -624.100  0.000000E+00  0.000000E+00  0.000000E+00  0.000000E+00  0.000000E+00
  -624.000  0.000000E+00  0.000000E+00  0.000000E+00  0.000000E+00  0.000000E+00
  -623.900  0.000000E+00  0.000000E+00  0.000000E+00  0.000000E+00  0.000000E+00
  -623.800  0.000000E+00  0.000000E+00  0.000000E+00  0.000000E+00  0.000000E+00
  -623.700  0.000000E+00  0.000000E+00  0.000000E+00  0.000000E+00  0.000000E+00
  -623.600  0.000000E+00  0.000000E+00  0.000000E+00  0.000000E+00  0.000000E+00
  -623.500  0.000000E+00  0.000000E+00  0.000000E+00  0.000000E+00  0.000000E+00
  -623.400  0.000000E+00  0.000000E+00  0.000000E+00  0.000000E+00  0.000000E+00
  -623.300  0.000000E+00  0.000000E+00  0.000000E+00  0.000000E+00  0.000000E+00
  -623.200  0.000000E+00  0.000000E+00  0.000000E+00  0.000000E+00  0.000000E+00
  -623.100  0.000000E+00  0.000000E+00  0.000000E+00  0.000000E+00  0.000000E+00
  -623.000  0.000000E+00  0.000000E+00  0.000000E+00  0.000000E+00  0.000000E+00
  -622.900  0.000000E+00  0.000000E+00  0.000000E+00  0.000000E+00  0.000000E+00
  -622.800  0.000000E+00  0.000000E+00  0.000000E+00  0.000000E+00  0.000000E+00
  -622.700  0.000000E+00  0.000000E+00  0.000000E+00  0.000000E+00  0.000000E+00
  -622.600  0.000000E+00  0.000000E+00  0.000000E+00  0.000000E+00  0.000000E+00
  -622.500  0.000000E+00  0.000000E+00  0.000000E+00  0.000000E+00  0.000000E+00
  -622.400  0.000000E+00  0.000000E+00  0.000000E+00  0.000000E+00  0.000000E+00
  -622.300  0.000000E+00  0.000000E+00  0.000000E+00  0.000000E+00  0.000000E+00
  -622.200  0.000000E+00  0.000000E+00  0.000000E+00  0.000000E+00  0.000000E+00
  -622.100  0.000000E+00  0.000000E+00  0.000000E+00  0.000000E+00  0.000000E+00
  -622.000  0.000000E+00  0.000000E+00  0.000000E+00  0.000000E+00  0.000000E+00
  -621.900  0.000000E+00  0.000000E+00  0.000000E+00  0.000000E+00  0.000000E+00
  -621.800  0.000000E+00  0.000000E+00  0.000000E+00  0.000000E+00  0.000000E+00
  -621.700  0.000000E+00  0.000000E+00  0.000000E+00  0.000000E+00  0.000000E+00
  -621.600  0.000000E+00  0.000000E+00  0.000000E+00  0.000000E+00  0.000000E+00
  -621.500  0.000000E+00  0.000000E+00  0.000000E+00  0.000000E+00  0.000000E+00
  -621.400  0.000000E+00  0.000000E+00  0.000000E+00  0.000000E+00  0.000000E+00
  -621.300  0.000000E+00  0.000000E+00  0.000000E+00  0.000000E+00  0.000000E+00
  -621.200  0.000000E+00  0.000000E+00  0.000000E+00  0.000000E+00  0.000000E+00
  -621.100  0.000000E+00  0.000000E+00  0.000000E+00  0.000000E+00  0.000000E+00
  -621.000  0.000000E+00  0.000000E+00  0.000000E+00  0.000000E+00  0.000000E+00
  -620.900  0.000000E+00  0.000000E+00  0.000000E+00  0.000000E+00  0.000000E+00
  -620.800  0.000000E+00  0.000000E+00  0.000000E+00  0.000000E+00  0.000000E+00
  -620.700  0.000000E+00  0.000000E+00  0.000000E+00  0.000000E+00  0.000000E+00
  -620.600  0.000000E+00  0.000000E+00  0.000000E+00  0.000000E+00  0.000000E+00
  -620.500  0.000000E+00  0.000000E+00  0.000000E+00  0.000000E+00  0.000000E+00
  -620.400  0.000000E+00  0.000000E+00  0.000000E+00  0.000000E+00  0.000000E+00
  -620.300  0.000000E+00  0.000000E+00  0.000000E+00  0.000000E+00  0.000000E+00
  -620.200  0.000000E+00  0.000000E+00  0.000000E+00  0.000000E+00  0.000000E+00
  -620.100  0.000000E+00  0.000000E+00  0.000000E+00  0.000000E+00  0.000000E+00
  -620.000  0.000000E+00  0.000000E+00  0.000000E+00  0.000000E+00  0.000000E+00
