Structure,Energy,Nucleus,delta_iso
01,-66311.944510,Sn01,659.013658933
01,-66311.944510,Sn02,658.568486497
01,-66311.944510,Sn03,660.659732626
01,-66311.944510,Sn04,662.833017493
01,-66311.944510,Sn05,655.120713724
01,-66311.944510,Sn06,653.368753591
01,-66311.944510,Sn07,655.515303058
02,-66311.978423,Sn01,658.634568461
02,-66311.978423,Sn02,652.440640115
02,-66311.978423,Sn03,658.635351965
02,-66311.978423,Sn04,652.439536534
02,-66311.978423,Sn05,652.440238043
02,-66311.978423,Sn06,652.44020661
02,-66311.978423,Sn07,663.172907688
03,-66311.949635,Sn01,661.208263512
03,-66311.949635,Sn02,659.570634085
03,-66311.949635,Sn03,659.570870527
03,-66311.949635,Sn04,661.208487327
03,-66311.949635,Sn05,662.273096737
03,-66311.949635,Sn06,653.133812623
03,-66311.949635,Sn07,662.273580975
04,-66311.915601,Sn01,661.235461107
04,-66311.915601,Sn02,659.864497911
04,-66311.915601,Sn03,659.879793907
04,-66311.915601,Sn04,653.944982934
04,-66311.915601,Sn05,660.269443844
04,-66311.915601,Sn06,660.267111303
04,-66311.915601,Sn07,653.944559194
05,-66311.910935,Sn01,661.611457377
05,-66311.910935,Sn02,660.645490359
05,-66311.910935,Sn03,660.644644356
05,-66311.910935,Sn04,661.611099669
05,-66311.910935,Sn05,660.644710381
05,-66311.910935,Sn06,660.64584198
05,-66311.910935,Sn07,647.401849542
06,-66311.931921,Sn01,662.221260596
06,-66311.931921,Sn02,658.611138632
06,-66311.931921,Sn03,658.610992781
06,-66311.931921,Sn04,654.782465494
06,-66311.931921,Sn05,654.086640444
06,-66311.931921,Sn06,659.395776282
06,-66311.931921,Sn07,654.782246675
07,-66311.964582,Sn01,657.736112518
07,-66311.964582,Sn02,658.882776758
07,-66311.964582,Sn03,658.882813491
07,-66311.964582,Sn04,652.466585183
07,-66311.964582,Sn05,654.449148106
07,-66311.964582,Sn06,654.44904927
07,-66311.964582,Sn07,652.46674164
08,-66311.943232,Sn01,659.322398757
08,-66311.943232,Sn02,660.129245187
08,-66311.943232,Sn03,658.203695344
08,-66311.943232,Sn04,659.027695205
08,-66311.943232,Sn05,654.45878035
08,-66311.943232,Sn06,654.29193689
08,-66311.943232,Sn07,654.20351177
09,-66311.961520,Sn01,659.699674348
09,-66311.961520,Sn02,659.273539139
09,-66311.961520,Sn03,656.136775329
09,-66311.961520,Sn04,661.448814872
09,-66311.961520,Sn05,647.752917248
09,-66311.961520,Sn06,652.980147279
09,-66311.961520,Sn07,652.542218948
10,-66311.974539,Sn01,659.264934361
10,-66311.974539,Sn02,652.808427429
10,-66311.974539,Sn03,655.698136372
10,-66311.974539,Sn04,661.702170149
10,-66311.974539,Sn05,654.640958809
10,-66311.974539,Sn06,652.398411588
10,-66311.974539,Sn07,653.695936422
11,-66311.988271,Sn01,657.177872247
11,-66311.988271,Sn02,660.086755376
11,-66311.988271,Sn03,657.682974983
11,-66311.988271,Sn04,652.902589001
11,-66311.988271,Sn05,659.999280007
11,-66311.988271,Sn06,652.587453799
11,-66311.988271,Sn07,653.421958985
12,-66311.969204,Sn01,657.381706067
12,-66311.969204,Sn02,661.501092071
12,-66311.969204,Sn03,659.16429735
12,-66311.969204,Sn04,659.281755243
12,-66311.969204,Sn05,659.385058496
12,-66311.969204,Sn06,654.333907958
12,-66311.969204,Sn07,652.134732348
13,-66311.978970,Sn01,659.773869832
13,-66311.978970,Sn02,659.285759136
13,-66311.978970,Sn03,659.47159616
13,-66311.978970,Sn04,658.683706396
13,-66311.978970,Sn05,660.587677817
13,-66311.978970,Sn06,654.994752064
13,-66311.978970,Sn07,652.828154594
14,-66311.954545,Sn01,660.726381361
14,-66311.954545,Sn02,657.992314136
14,-66311.954545,Sn03,653.794792564
14,-66311.954545,Sn04,658.824885366
14,-66311.954545,Sn05,652.222200841
14,-66311.954545,Sn06,654.134816569
14,-66311.954545,Sn07,661.291548739
15,-66311.948789,Sn01,660.066070442
15,-66311.948789,Sn02,662.367341667
15,-66311.948789,Sn03,660.833302061
15,-66311.948789,Sn04,659.203738677
15,-66311.948789,Sn05,659.418105727
15,-66311.948789,Sn06,654.883781677
15,-66311.948789,Sn07,661.26176496
16,-66311.975010,Sn01,652.617137613
16,-66311.975010,Sn02,652.728677938
16,-66311.975010,Sn03,660.553024159
16,-66311.975010,Sn04,656.43664492
16,-66311.975010,Sn05,659.725399858
16,-66311.975010,Sn06,652.782476259
16,-66311.975010,Sn07,654.609449622
17,-66311.979408,Sn01,659.11516844
17,-66311.979408,Sn02,661.311194803
17,-66311.979408,Sn03,653.109844958
17,-66311.979408,Sn04,656.974027754
17,-66311.979408,Sn05,662.048080881
17,-66311.979408,Sn06,652.112284061
17,-66311.979408,Sn07,660.657467701
18,-66311.979305,Sn01,659.260083888
18,-66311.979305,Sn02,659.128522457
18,-66311.979305,Sn03,655.164926485
18,-66311.979305,Sn04,658.480203986
18,-66311.979305,Sn05,660.327434277
18,-66311.979305,Sn06,652.19390308
18,-66311.979305,Sn07,660.587116609
19,-66311.985543,Sn01,661.125194792
19,-66311.985543,Sn02,652.147345799
19,-66311.985543,Sn03,652.151791078
19,-66311.985543,Sn04,658.695250364
19,-66311.985543,Sn05,658.696892885
19,-66311.985543,Sn06,652.413836723
19,-66311.985543,Sn07,652.414120896
20,-66311.972254,Sn01,657.757485494
20,-66311.972254,Sn02,662.002767259
20,-66311.972254,Sn03,662.003101769
20,-66311.972254,Sn04,659.971501107
20,-66311.972254,Sn05,659.9706053
20,-66311.972254,Sn06,659.632748431
20,-66311.972254,Sn07,659.633196465
21,-66311.932999,Sn01,659.012313014
21,-66311.932999,Sn02,661.445005549
21,-66311.932999,Sn03,658.507341219
21,-66311.932999,Sn04,652.320936462
21,-66311.932999,Sn05,661.107973445
21,-66311.932999,Sn06,654.031755725
21,-66311.932999,Sn07,654.31235338
22,-66311.951948,Sn01,659.085669597
22,-66311.951948,Sn02,661.580259876
22,-66311.951948,Sn03,658.505293672
22,-66311.951948,Sn04,661.813192843
22,-66311.951948,Sn05,661.15438887
22,-66311.951948,Sn06,660.889422104
22,-66311.951948,Sn07,652.605268041
23,-66311.913080,Sn01,660.721066085
23,-66311.913080,Sn02,660.951811349
23,-66311.913080,Sn03,660.555168351
23,-66311.913080,Sn04,660.537103973
23,-66311.913080,Sn05,653.788608198
23,-66311.913080,Sn06,660.576039899
23,-66311.913080,Sn07,653.804721145
24,-66311.924321,Sn01,660.294563308
24,-66311.924321,Sn02,661.611473986
24,-66311.924321,Sn03,654.075167683
24,-66311.924321,Sn04,661.358967213
24,-66311.924321,Sn05,660.726339117
24,-66311.924321,Sn06,660.220611871
24,-66311.924321,Sn07,654.098982193
25,-66311.933765,Sn01,658.441351614
25,-66311.933765,Sn02,654.191833967
25,-66311.933765,Sn03,660.566843192
25,-66311.933765,Sn04,651.570904713
25,-66311.933765,Sn05,659.441134454
25,-66311.933765,Sn06,660.134612424
25,-66311.933765,Sn07,654.103360747
26,-66311.949636,Sn01,652.400467326
26,-66311.949636,Sn02,661.266077882
26,-66311.949636,Sn03,660.972206608
26,-66311.949636,Sn04,658.457933534
26,-66311.949636,Sn05,659.173873362
26,-66311.949636,Sn06,661.280113666
26,-66311.949636,Sn07,661.420649508
27,-66311.956740,Sn01,658.844799538
27,-66311.956740,Sn02,655.420180245
27,-66311.956740,Sn03,660.038984453
27,-66311.956740,Sn04,657.133497024
27,-66311.956740,Sn05,662.648041297
27,-66311.956740,Sn06,658.62227774
27,-66311.956740,Sn07,653.402208642
28,-66311.948692,Sn01,661.387423728
28,-66311.948692,Sn02,661.759650551
28,-66311.948692,Sn03,658.902649427
28,-66311.948692,Sn04,659.028212485
28,-66311.948692,Sn05,661.678663407
28,-66311.948692,Sn06,654.267124463
28,-66311.948692,Sn07,659.550848005
29,-66311.963763,Sn01,657.824501471
29,-66311.963763,Sn02,655.168357319
29,-66311.963763,Sn03,653.476830739
29,-66311.963763,Sn04,656.197202347
29,-66311.963763,Sn05,654.958044904
29,-66311.963763,Sn06,657.875682332
29,-66311.963763,Sn07,653.5808593
30,-66311.925039,Sn01,653.593673026
30,-66311.925039,Sn02,660.69145087
30,-66311.925039,Sn03,660.627069507
30,-66311.925039,Sn04,653.938389646
30,-66311.925039,Sn05,660.73533277
30,-66311.925039,Sn06,660.387075953
30,-66311.925039,Sn07,659.713876267
31,-66311.926076,Sn01,660.335697166
31,-66311.926076,Sn02,653.800264286
31,-66311.926076,Sn03,660.358752301
31,-66311.926076,Sn04,653.800737176
31,-66311.926076,Sn05,660.913789219
31,-66311.926076,Sn06,659.48212147
31,-66311.926076,Sn07,660.88025769
32,-66311.942193,Sn01,660.204021683
32,-66311.942193,Sn02,654.76764826
32,-66311.942193,Sn03,658.549285402
32,-66311.942193,Sn04,647.644178891
32,-66311.942193,Sn05,659.979656373
32,-66311.942193,Sn06,657.903578849
32,-66311.942193,Sn07,661.710508609
33,-66311.955340,Sn01,653.910187262
33,-66311.955340,Sn02,661.792837246
33,-66311.955340,Sn03,651.961687623
33,-66311.955340,Sn04,654.207831423
33,-66311.955340,Sn05,658.620555371
33,-66311.955340,Sn06,659.015306477
33,-66311.955340,Sn07,660.702714013
34,-66311.932409,Sn01,658.537653315
34,-66311.932409,Sn02,647.300519072
34,-66311.932409,Sn03,660.808261793
34,-66311.932409,Sn04,653.740772035
34,-66311.932409,Sn05,658.656667351
34,-66311.932409,Sn06,659.343240678
34,-66311.932409,Sn07,661.276327185
35,-66311.945840,Sn01,652.150812467
35,-66311.945840,Sn02,653.922923912
35,-66311.945840,Sn03,654.778744136
35,-66311.945840,Sn04,660.663957739
35,-66311.945840,Sn05,657.56789172
35,-66311.945840,Sn06,659.116683984
35,-66311.945840,Sn07,660.311824615
36,-66311.962316,Sn01,652.208603321
36,-66311.962316,Sn02,655.3143696
36,-66311.962316,Sn03,653.712055435
36,-66311.962316,Sn04,654.548173465
36,-66311.962316,Sn05,657.815637722
36,-66311.962316,Sn06,660.08083033
36,-66311.962316,Sn07,658.707017098
37,-66311.940512,Sn01,662.083234868
37,-66311.940512,Sn02,660.132524391
37,-66311.940512,Sn03,657.997940546
37,-66311.940512,Sn04,658.345576305
37,-66311.940512,Sn05,654.461548031
37,-66311.940512,Sn06,647.311641392
37,-66311.940512,Sn07,660.609062645
38,-66311.949443,Sn01,654.34632473
38,-66311.949443,Sn02,660.42699324
38,-66311.949443,Sn03,658.623415113
38,-66311.949443,Sn04,661.44826835
38,-66311.949443,Sn05,654.630398284
38,-66311.949443,Sn06,654.690067771
38,-66311.949443,Sn07,658.996574681
39,-66311.969839,Sn01,661.659746769
39,-66311.969839,Sn02,657.682850109
39,-66311.969839,Sn03,659.318117127
39,-66311.969839,Sn04,653.710492404
39,-66311.969839,Sn05,658.784672425
39,-66311.969839,Sn06,654.460896837
39,-66311.969839,Sn07,659.105665003
40,-66311.932755,Sn01,661.10662563
40,-66311.932755,Sn02,661.106977515
40,-66311.932755,Sn03,660.270266299
40,-66311.932755,Sn04,660.270186296
40,-66311.932755,Sn05,654.069766887
40,-66311.932755,Sn06,654.06942732
40,-66311.932755,Sn07,660.734374151
41,-66311.969164,Sn01,659.783472419
41,-66311.969164,Sn02,659.526304566
41,-66311.969164,Sn03,659.050655928
41,-66311.969164,Sn04,652.420744533
41,-66311.969164,Sn05,657.32013446
41,-66311.969164,Sn06,654.144357524
41,-66311.969164,Sn07,661.35689637
42,-66311.967745,Sn01,653.212177657
42,-66311.967745,Sn02,653.212554255
42,-66311.967745,Sn03,658.882613195
42,-66311.967745,Sn04,658.882914994
42,-66311.967745,Sn05,658.017670484
42,-66311.967745,Sn06,655.159137855
42,-66311.967745,Sn07,655.159384886
43,-66311.966656,Sn01,661.777440405
43,-66311.966656,Sn02,652.801573326
43,-66311.966656,Sn03,659.395361094
43,-66311.966656,Sn04,656.821989199
43,-66311.966656,Sn05,647.544825052
43,-66311.966656,Sn06,653.110269083
43,-66311.966656,Sn07,659.650724992
44,-66311.991431,Sn01,659.933537858
44,-66311.991431,Sn02,659.933750766
44,-66311.991431,Sn03,658.29367766
44,-66311.991431,Sn04,658.293829327
44,-66311.991431,Sn05,660.32717293
44,-66311.991431,Sn06,652.580820856
44,-66311.991431,Sn07,660.327803846
45,-66311.968410,Sn01,659.905631642
45,-66311.968410,Sn02,659.9054759
45,-66311.968410,Sn03,659.416503574
45,-66311.968410,Sn04,659.416704621
45,-66311.968410,Sn05,658.480301029
45,-66311.968410,Sn06,647.765234667
45,-66311.968410,Sn07,658.48085475
46,-66311.977140,Sn01,661.312804115
46,-66311.977140,Sn02,659.115561069
46,-66311.977140,Sn03,660.227954461
46,-66311.977140,Sn04,656.621612224
46,-66311.977140,Sn05,655.335156375
46,-66311.977140,Sn06,652.207059726
46,-66311.977140,Sn07,660.477584539
47,-66311.961191,Sn01,654.454444725
47,-66311.961191,Sn02,661.491226964
47,-66311.961191,Sn03,658.187381828
47,-66311.961191,Sn04,658.025212819
47,-66311.961191,Sn05,660.603970707
47,-66311.961191,Sn06,654.642590288
47,-66311.961191,Sn07,652.64441258
48,-66311.991847,Sn01,659.890940382
48,-66311.991847,Sn02,657.429224626
48,-66311.991847,Sn03,660.658782153
48,-66311.991847,Sn04,661.185324743
48,-66311.991847,Sn05,653.593174853
48,-66311.991847,Sn06,657.839225198
48,-66311.991847,Sn07,660.104363913
49,-66311.997700,Sn01,652.868852781
49,-66311.997700,Sn02,659.637232664
49,-66311.997700,Sn03,657.36847363
49,-66311.997700,Sn04,660.421568428
49,-66311.997700,Sn05,652.664996658
49,-66311.997700,Sn06,658.363622255
49,-66311.997700,Sn07,652.601197898
50,-66311.978403,Sn01,652.540680161
50,-66311.978403,Sn02,659.276239175
50,-66311.978403,Sn03,658.319984986
50,-66311.978403,Sn04,662.098622777
50,-66311.978403,Sn05,658.335661739
50,-66311.978403,Sn06,657.48916273
50,-66311.978403,Sn07,654.606131543
51,-66311.980072,Sn01,659.432756892
51,-66311.980072,Sn02,659.433464321
51,-66311.980072,Sn03,659.43307266
51,-66311.980072,Sn04,662.929326607
51,-66311.980072,Sn05,659.433617951
51,-66311.980072,Sn06,662.929047384
51,-66311.980072,Sn07,658.951195683
52,-66311.967133,Sn01,661.487323205
52,-66311.967133,Sn02,661.487609596
52,-66311.967133,Sn03,661.155906575
52,-66311.967133,Sn04,659.149130467
52,-66311.967133,Sn05,659.149272035
52,-66311.967133,Sn06,661.156021832
52,-66311.967133,Sn07,652.111453418
53,-66311.910346,Sn01,661.780322398
53,-66311.910346,Sn02,661.781133196
53,-66311.910346,Sn03,660.992938952
53,-66311.910346,Sn04,661.121573489
53,-66311.910346,Sn05,654.200570262
53,-66311.910346,Sn06,654.200824844
53,-66311.910346,Sn07,661.121472402
54,-66311.934318,Sn01,661.316301132
54,-66311.934318,Sn02,658.948447157
54,-66311.934318,Sn03,653.858333617
54,-66311.934318,Sn04,652.628351001
54,-66311.934318,Sn05,658.992284536
54,-66311.934318,Sn06,653.82569477
54,-66311.934318,Sn07,661.291301418
55,-66311.938640,Sn01,661.318405086
55,-66311.938640,Sn02,659.075686703
55,-66311.938640,Sn03,654.437177702
55,-66311.938640,Sn04,659.274194982
55,-66311.938640,Sn05,659.761980944
55,-66311.938640,Sn06,660.669526595
55,-66311.938640,Sn07,661.771673349
56,-66311.943366,Sn01,653.954804251
56,-66311.943366,Sn02,658.542647853
56,-66311.943366,Sn03,654.167123675
56,-66311.943366,Sn04,658.635031873
56,-66311.943366,Sn05,654.983934714
56,-66311.943366,Sn06,660.650680216
56,-66311.943366,Sn07,659.072956525
57,-66311.930530,Sn01,646.660611385
57,-66311.930530,Sn02,661.353068011
57,-66311.930530,Sn03,660.912097147
57,-66311.930530,Sn04,660.35220262
57,-66311.930530,Sn05,660.351933994
57,-66311.930530,Sn06,661.379119286
57,-66311.930530,Sn07,661.379731812
58,-66311.953661,Sn01,661.102445781
58,-66311.953661,Sn02,656.170129345
58,-66311.953661,Sn03,647.497323103
58,-66311.953661,Sn04,653.147870768
58,-66311.953661,Sn05,653.147718848
58,-66311.953661,Sn06,659.833233139
58,-66311.953661,Sn07,659.833823032
59,-66311.953121,Sn01,658.451887476
59,-66311.953121,Sn02,658.452591145
59,-66311.953121,Sn03,647.399300675
59,-66311.953121,Sn04,652.330980854
59,-66311.953121,Sn05,652.331336264
59,-66311.953121,Sn06,657.921583485
59,-66311.953121,Sn07,662.237683663
60,-66311.964003,Sn01,652.159085436
60,-66311.964003,Sn02,652.256387087
60,-66311.964003,Sn03,654.329048795
60,-66311.964003,Sn04,658.514806963
60,-66311.964003,Sn05,651.523683591
60,-66311.964003,Sn06,657.244514939
60,-66311.964003,Sn07,660.898510194
61,-66311.962704,Sn01,651.750572455
61,-66311.962704,Sn02,658.291117877
61,-66311.962704,Sn03,647.812855624
61,-66311.962704,Sn04,658.290731102
61,-66311.962704,Sn05,662.000283104
61,-66311.962704,Sn06,651.750482145
61,-66311.962704,Sn07,658.012543901
62,-66311.932162,Sn01,660.498036319
62,-66311.932162,Sn02,660.498400912
62,-66311.932162,Sn03,648.099191006
62,-66311.932162,Sn04,660.499773304
62,-66311.932162,Sn05,660.498015843
62,-66311.932162,Sn06,660.500234803
62,-66311.932162,Sn07,660.497747331
63,-66311.993627,Sn01,650.251795524
63,-66311.993627,Sn02,649.562524745
63,-66311.993627,Sn03,649.562294257
63,-66311.993627,Sn04,655.470080658
63,-66311.993627,Sn05,654.95787167
63,-66311.993627,Sn06,654.957543203
63,-66311.993627,Sn07,643.739428003
64,-66312.024156,Sn01,643.683938391
64,-66312.024156,Sn02,649.548071742
64,-66312.024156,Sn03,648.003994846
64,-66312.024156,Sn04,652.93364611
64,-66312.024156,Sn05,653.575757144
64,-66312.024156,Sn06,655.42679067
64,-66312.024156,Sn07,644.393238134
65,-66312.001948,Sn01,649.96461877
65,-66312.001948,Sn02,649.216695081
65,-66312.001948,Sn03,649.802299553
65,-66312.001948,Sn04,661.496708084
65,-66312.001948,Sn05,661.777034143
65,-66312.001948,Sn06,655.071618136
65,-66312.001948,Sn07,642.904620205
66,-66312.021335,Sn01,649.659462042
66,-66312.021335,Sn02,642.931563214
66,-66312.021335,Sn03,648.095126974
66,-66312.021335,Sn04,659.458326832
66,-66312.021335,Sn05,662.725164863
66,-66312.021335,Sn06,653.356923206
66,-66312.021335,Sn07,643.455310738
67,-66312.010077,Sn01,643.344678718
67,-66312.010077,Sn02,649.420512516
67,-66312.010077,Sn03,649.228478621
67,-66312.010077,Sn04,661.847145355
67,-66312.010077,Sn05,655.46808133
67,-66312.010077,Sn06,662.251183533
67,-66312.010077,Sn07,650.310620091
68,-66311.996305,Sn01,649.556516768
68,-66311.996305,Sn02,643.502996121
68,-66311.996305,Sn03,649.47941719
68,-66311.996305,Sn04,655.151539695
68,-66311.996305,Sn05,655.109508505
68,-66311.996305,Sn06,654.772221659
68,-66311.996305,Sn07,649.720855896
69,-66312.026072,Sn01,643.434304247
69,-66312.026072,Sn02,643.434192112
69,-66312.026072,Sn03,648.030410904
69,-66312.026072,Sn04,655.676681253
69,-66312.026072,Sn05,653.065971004
69,-66312.026072,Sn06,653.06581302
69,-66312.026072,Sn07,650.520761096
70,-66312.012148,Sn01,650.3253358
70,-66312.012148,Sn02,649.698109956
70,-66312.012148,Sn03,649.496313237
70,-66312.012148,Sn04,662.115393569
70,-66312.012148,Sn05,655.076372717
70,-66312.012148,Sn06,662.498299176
70,-66312.012148,Sn07,643.78948816
71,-66312.023029,Sn01,647.773503033
71,-66312.023029,Sn02,649.818731997
71,-66312.023029,Sn03,643.979387794
71,-66312.023029,Sn04,659.802502333
71,-66312.023029,Sn05,653.697587701
71,-66312.023029,Sn06,662.671418729
71,-66312.023029,Sn07,643.549300412
72,-66311.988483,Sn01,659.374467572
72,-66311.988483,Sn02,659.374515698
72,-66311.988483,Sn03,657.002798525
72,-66311.988483,Sn04,661.531405869
72,-66311.988483,Sn05,652.225621254
72,-66311.988483,Sn06,652.22572795
72,-66311.988483,Sn07,661.531342396
73,-66312.020803,Sn01,648.020519123
73,-66312.020803,Sn02,643.043450453
73,-66312.020803,Sn03,650.128893459
73,-66312.020803,Sn04,653.156857486
73,-66312.020803,Sn05,662.043968299
73,-66312.020803,Sn06,659.994220243
73,-66312.020803,Sn07,643.264037008
74,-66311.984028,Sn01,657.290308657
74,-66311.984028,Sn02,659.639238426
74,-66311.984028,Sn03,660.153673933
74,-66311.984028,Sn04,659.533637644
74,-66311.984028,Sn05,661.30588751
74,-66311.984028,Sn06,660.648004144
74,-66311.984028,Sn07,661.832812043
75,-66312.036214,Sn01,649.682395611
75,-66312.036214,Sn02,649.6827177
75,-66312.036214,Sn03,642.97485353
75,-66312.036214,Sn04,659.937319907
75,-66312.036214,Sn05,660.577774027
75,-66312.036214,Sn06,659.937126448
75,-66312.036214,Sn07,651.160873916
76,-66311.989058,Sn01,659.359268692
76,-66311.989058,Sn02,658.675948204
76,-66311.989058,Sn03,659.321974401
76,-66311.989058,Sn04,658.408742402
76,-66311.989058,Sn05,653.381906871
76,-66311.989058,Sn06,654.3196441
76,-66311.989058,Sn07,659.431782159
77,-66311.999177,Sn01,656.593497992
77,-66311.999177,Sn02,658.893818908
77,-66311.999177,Sn03,653.511179786
77,-66311.999177,Sn04,656.593520809
77,-66311.999177,Sn05,653.51141273
77,-66311.999177,Sn06,655.197367548
77,-66311.999177,Sn07,658.894139136
78,-66311.952006,Sn01,659.151184364
78,-66311.952006,Sn02,656.691156923
78,-66311.952006,Sn03,659.25266279
78,-66311.952006,Sn04,654.210902517
78,-66311.952006,Sn05,654.176034823
78,-66311.952006,Sn06,652.164292079
78,-66311.952006,Sn07,652.320719579
79,-66311.978823,Sn01,656.866599773
79,-66311.978823,Sn02,656.866287277
79,-66311.978823,Sn03,653.122090975
79,-66311.978823,Sn04,659.169599344
79,-66311.978823,Sn05,653.121534847
79,-66311.978823,Sn06,659.170220125
79,-66311.978823,Sn07,653.346333525
80,-66311.974487,Sn01,657.73760586
80,-66311.974487,Sn02,659.424165608
80,-66311.974487,Sn03,661.739341724
80,-66311.974487,Sn04,659.423402507
80,-66311.974487,Sn05,660.020918077
80,-66311.974487,Sn06,661.657339248
80,-66311.974487,Sn07,660.021982248
81,-66312.000742,Sn01,643.808320535
81,-66312.000742,Sn02,649.138788548
81,-66312.000742,Sn03,655.666862266
81,-66312.000742,Sn04,649.138899146
81,-66312.000742,Sn05,654.944076232
81,-66312.000742,Sn06,654.9441222
81,-66312.000742,Sn07,649.475832249
82,-66312.070700,Sn01,638.650935
82,-66312.070700,Sn02,643.631594814
82,-66312.070700,Sn03,643.631397035
82,-66312.070700,Sn04,643.631618672
82,-66312.070700,Sn05,643.631465501
82,-66312.070700,Sn06,643.765735829
82,-66312.070700,Sn07,643.765916124
