-658.0399054076909 -657.4551646687958 -659.7677591516901 -659.7617290879933 -659.7617290879933 -658.0511511212245
-657.5714030244922 -657.8621832326503 -657.0321586612662 -657.3458368470192 -657.3458368470192 -648.8016424569297
-659.0868963349162 -659.0868963349162 -655.7456088160202 -648.5316963288757 -658.0817015983025 -655.7456088160202
-652.805473186805 -657.244181267491 -655.01809380626 -655.018076017136 -652.805566977369 -655.923113068835
-656.7577584084564 -656.6457662208334 -655.0628440129116 -657.4861054479502 -656.9377765622987 -655.2464997507559
-659.3750056429913 -659.1850041202806 -657.7972121135059 -657.3974290807989 -657.1500259847335 -655.30254660341
-657.089346373207 -654.7539370755935 -657.1250424862602 -659.1577735982632 -657.390107078777 -654.1668246981557
-652.631933312607 -652.632252107373 -652.632353256444 -652.631981594895 -652.62433995122 -652.624540053135
-659.0380114706302 -658.9591358353265 -658.9591358353265 -659.0380114706302 -657.0030368971292 -657.0030368971292
-661.605254779953 -659.706329004908 -654.796543810037 -660.500258855518 -654.42837504606 -648.059898979908
-659.4272133488371 -659.1676187808665 -657.5399407215513 -659.0433666305868 -659.1676187808665 -659.4272133488371
-654.0604925849897 -658.0344864616288 -658.0344864616288 -654.0604925849897 -658.0344864616288 -654.0604925849897
-659.410608057838 -658.185954010912 -652.495209067046 -655.866967634305 -648.816209759453 -654.750549254233
-656.051441843613 -657.6109859424608 -657.5044127274736 -655.7899018251151 -655.8820410255939 -655.143111329262
-657.324009831352 -659.740689261707 -653.430993489125 -652.822679900366 -656.080919633997 -653.382492361474
-660.0694348355162 -656.7636174339793 -659.1654848385485 -657.6215204983147 -657.6230855297124 -657.9344599943556
-657.4172740694912 -659.8374898139015 -654.6360762217483 -658.3487088600116 -656.2739563858272 -655.4353172688819
-659.6838313779793 -656.495720150089 -659.8540455988048 -659.8362404346469 -656.495720150089 -656.4332582562465
-653.439600053368 -661.075497172572 -658.861250580778 -659.762832118564 -656.194543092277 -655.918501828554
-654.4565079150826 -656.8107951662756 -657.2258409493818 -648.8426648018423 -654.3382895912719 -656.0255554088158
-655.6575280321188 -655.0870621858522 -653.6744022417287 -659.1483450282169 -658.0100230348849 -655.2139646199762
-657.1053370296364 -656.0797983246063 -657.0431941466669 -659.3507881407044 -648.7445067912446 -655.4753033770099
-657.7640353513672 -657.8431954916417 -657.4221705498406 -656.9765891325903 -648.8821362632762 -654.9266313311097
-657.2382409279724 -654.4595009797775 -657.2460708922542 -655.4022804246863 -654.6126847399585 -653.9047472989952
-658.5312221781684 -656.8934968573325 -659.4976193546822 -657.7954833411897 -656.390436288778 -658.3024921642473
-653.9035800041031 -653.9747925512324 -658.7348198746581 -654.7506390217886 -658.6618732138464 -654.540132711527
-654.741998565908 -658.0050849727014 -654.1167338546993 -657.2345918956713 -657.397318237434 -655.8836470370632
-656.4223944770561 -655.3841364670054 -655.6175488275512 -656.4704888836811 -655.0851450677992 -655.2703612204967
-658.5623317887175 -658.6047013420783 -658.1892396747685 -660.5832607198856 -660.1076734892094 -658.4008456302564
-657.3049884859075 -655.8468021164983 -658.015622825789 -654.2241774579052 -655.1193411124351 -656.528000169407
-654.6369517345274 -658.2642823710729 -654.9694655662405 -656.8892619518982 -656.7604102931208 -657.093211176993
-659.0249064607967 -658.0013407645795 -655.1432157322182 -657.6634816589645 -659.6316683725714 -659.299810878501
-660.6818264570786 -660.6818264570786 -660.6622339383644 -660.6622339383644 -660.6818264570786 -660.6622339383644
-661.451791313609 -662.232848006769 -661.940679306445 -661.743862077607 -654.838248923759 -655.080995636229
-662.087740470311 -662.424858433691 -662.05784021875 -662.057615854877 -661.818812114253 -661.819329151268
-659.5978936067826 -656.9689035869579 -657.8360598027145 -659.1982026488035 -658.8203100574609 -656.4718700752367
-658.593256664428 -659.2526036753687 -659.235844686847 -659.0796229414694 -656.849630492352 -659.2526036753687
-658.0644757274625 -657.336326504634 -657.2436089009647 -657.236870233322 -657.3320204934431 -659.7596795802726
-655.21504167685 -654.813595529553 -660.551786935046 -649.488984421928 -660.803968670232 -660.954332332953
-648.7583748629525 -657.5191567501836 -656.2362364197725 -656.5390154877955 -656.927242529285 -657.8384140641459
-656.9838792019203 -649.0956626550184 -656.7110462082875 -649.0956626550184 -658.672829160146 -658.8001726080163
-655.6701066394639 -656.7751723968653 -657.0424580460378 -648.0725026269771 -655.6902510153592 -655.5523223202789
-657.0054515464363 -657.0054515464363 -657.3790259327172 -647.4075848997102 -647.4075848997102 -657.3790259327172
-656.6494867737798 -656.7946891540075 -659.0549717166091 -656.7938329380288 -648.6497447363234 -659.0046775483446
-655.5420195849455 -656.6582580211846 -656.9620022080434 -656.9214581386908 -648.6966267542381 -655.0533120080877
-658.2148869656262 -659.7645600714463 -658.0565582073405 -659.7477259314747 -656.9790744806049 -657.8271126602472
-655.53755911864 -653.369278545002 -657.972389064845 -658.177881148939 -655.680792749983 -649.050327594222
-655.7280582472017 -655.5454840976336 -657.5085256441505 -656.5075119887119 -655.7280582472017 -658.3270406526967
-657.723672581818 -654.4942106999407 -657.3125273875756 -657.2431032474951 -657.7302581953358 -657.7403286345597
-658.2407440939461 -659.2915685038365 -661.2801288305465 -661.2801288305465 -659.4549438841227 -659.2915685038365
-658.3155682915069 -658.3155682915069 -657.0074376785726 -657.400675843765 -659.3810177932884 -655.7969818058576
-657.8342843061882 -654.5331226947657 -658.282365953479 -654.2250957269786 -657.6068474520891 -656.2477654616964
-662.292258520816 -653.276311903962 -660.437930354808 -657.118758042021 -653.582562131945 -660.69628687314
-655.4225102350822 -655.4225102350822 -649.9931807942221 -649.9931807942221 -654.7617231751934 -654.7617231751934
-658.7046380983105 -659.4672264669694 -659.1216300061294 -658.1008708138409 -657.1720600884199 -658.6364156919249
-655.8825708879616 -656.2088832098318 -656.4641629325629 -657.5736825367762 -655.6701442336259 -656.4421969818526
-653.1265166307531 -653.1265166307531 -653.155844020818 -653.155844020818 -653.155844020818 -653.155844020818
-660.8646360654296 -660.8646360654296 -660.8719528446776 -660.8719528446776 -660.4594863741418 -660.8719528446776
-652.398526009865 -652.398513324082 -649.152168773139 -652.398333119154 -652.39819510543 -657.58895576621
-656.9024917806646 -657.6987760908011 -657.821661892068 -656.756157018419 -656.1853102822888 -649.3996120986217
-655.5263401025773 -652.8840330759307 -649.8469208111939 -656.2467252189495 -655.9546359561675 -654.4347153268875
-643.470922822067 -643.470791644432 -647.781285668594 -653.926354083117 -653.926516468023 -644.07247187914
-650.068723619125 -643.544172111604 -649.960476266802 -662.384781243443 -662.7619247673 -643.56738349187
-658.884368792218 -658.884368792218 -650.5209021770381 -656.6491553457968 -656.6491553457968 -647.8350153738952
-658.4006919902833 -658.4006919902833 -656.4784652764267 -659.2834848674742 -656.5729133204507 -659.2834848674742
