-656.4143836967236 -656.2023533465228 -656.2023533465228 -656.4143836967236 -654.7254798062613 -654.7015611904995 -654.7015611904995 -654.7254798062613
-658.7976809391349 -656.3776615702782 -656.9344601489352 -659.3707386585609 -658.7976809391349 -659.3707386585609 -656.3776615702782 -655.1760278610851
-658.3782695291899 -656.8571519820773 -656.0359088883619 -657.9820303969839 -657.6989688319102 -655.2556685095503 -656.8490877109803 -658.2217682017367
-657.4938015719458 -656.978798725922 -659.8368133653044 -656.4766671673672 -657.9805434706457 -657.8083494631325 -658.7237858300124 -658.8467128933269
-657.5906525994814 -656.9075278609494 -655.318158938291 -657.4909605473091 -658.1362943039043 -656.7501033490636 -657.5687679367632 -659.2282524423069
-653.5152703408406 -659.6532779431317 -652.6224124102721 -655.9874310797925 -652.3016489036501 -658.8123759726702 -659.0810134378778 -659.5292095392638
-656.7809835033166 -658.2439845086394 -657.89237311858 -658.5180752836741 -655.0143742927194 -659.3719739983609 -659.4624064581086 -655.7293450396421
-657.6677913408671 -657.5878788114278 -659.6398444056312 -657.1953411086471 -655.0002312172805 -659.5831221701446 -659.1838262235858 -655.9573400389594
-656.3311595026339 -657.4025960777748 -657.195588838095 -656.1681923755737 -657.4921216694916 -655.1636714340251 -657.0172871107726 -656.2428315529822
-657.2110065633324 -659.7999893904777 -655.8873400757018 -657.7079392064537 -659.8838622859062 -658.7206747648016 -657.9083496118233 -655.8873400757018
-657.2083303450157 -656.7722528515187 -656.7938780241788 -656.2171412076802 -656.8592543624711 -656.9620174401483 -657.7229650958647 -657.3149894759123
-658.1173264644053 -658.945931324336 -657.7037272084804 -659.3029753043357 -658.1493767590923 -658.9567134683629 -659.024066581576 -657.1004880278887
-657.3599792132713 -657.9164614911269 -656.1574404038021 -656.4677252222424 -658.2922244517607 -659.283525930254 -659.2717604721619 -659.148462849979
-657.9943841001602 -658.9687625573774 -657.0325796677213 -657.7353884300398 -657.3117261303373 -657.8452552382422 -656.879632862173 -657.6623959611375
-657.3789175284276 -655.3151905354536 -655.1154627664506 -659.1589362249774 -655.5131132395505 -654.408706919861 -659.8277820191521 -657.0915998949013
-657.905963927473 -654.197189930093 -658.26689933825 -653.719629575845 -657.118780619138 -658.869045733094 -656.830294474293 -661.259820235474
-651.628660566116 -661.376728230988 -651.929851661152 -659.840044250266 -655.557793262898 -659.256655382425 -657.968418346854 -660.570644566914
-657.3875861603836 -655.2751052195697 -655.9119684696328 -654.5903131070572 -655.9423046975722 -657.774094715019 -657.3920962833654 -654.9078174555237
-657.1002671818409 -654.9807778105555 -656.9532982423112 -654.9510726829935 -657.1247960646804 -655.439529049352 -657.1007350063728 -655.155612056733
-659.774987508935 -662.697616449453 -651.433613322004 -651.433949190769 -658.102354560606 -658.101748074164 -657.817800378559 -657.818184723317
-654.6710864252832 -648.3243392680014 -657.4427345003425 -657.4316252588366 -658.3110957416549 -658.2449414304607 -657.4639113208145 -656.923077828123
-660.397433525946 -656.613390610958 -658.796175170314 -658.300631550664 -651.081374104423 -654.090141192395 -660.678104390019 -658.355814394179
-656.917182134417 -649.8116414943796 -655.9922929015629 -649.2149424658296 -657.081494255194 -657.7907008198322 -657.9058675207973 -651.4565954100891
-653.986728406772 -658.387546371839 -658.521559118809 -658.489958995049 -658.590260027263 -659.342398710157 -654.135964248157 -658.638967964955
-657.0932137169191 -653.8645474425641 -653.2074022424331 -656.8626883036434 -653.5601124469042 -656.855051320098 -656.7683356518542 -654.017341571208
-660.172435482528 -660.173133162456 -658.683902574791 -651.587574211213 -658.686907895502 -658.552899102956 -651.587043379966 -658.553783409459
-659.734511078767 -659.731732845146 -659.766529813488 -659.741031297979 -659.731370472845 -659.738121454235 -659.763421902475 -659.735086791954
-658.3089632410573 -655.9631507593784 -658.3763489993413 -658.5493743697767 -658.7125502267087 -655.4757889085513 -657.3877424817184 -658.7929617798691
-659.0673031484118 -659.1356525855056 -658.4402429577333 -658.4841042801268 -657.9162007461165 -658.7413164201274 -658.9362702404143 -657.732934724555
-656.5456021226902 -656.5456021226902 -655.4383541220254 -655.4383541220254 -658.5801848838713 -648.5199133003857 -657.6147624867775 -658.5801848838713
-659.0297903017105 -656.784862251946 -657.6932989113753 -654.0787918012188 -658.4720986763837 -657.1847146035456 -655.976139945609 -658.8777506673966
-657.3320678825417 -654.4193906570403 -653.1498462223722 -654.0113263999323 -654.9483097906257 -657.7197968942342 -657.7531000381485 -658.2220958074437
-656.4448995761428 -656.6773963360022 -654.4577381663314 -649.9154564633715 -657.6590344113879 -657.9929925290959 -655.2584998339582 -657.095926100228
-655.9572395355447 -657.639198468345 -656.9189643633166 -659.0689340610693 -657.1224174734376 -658.4102349422969 -656.7810599752763 -655.2286353038384
-656.7526757231161 -656.9576568180642 -652.5332356508846 -658.1167424007323 -656.5693172718634 -657.392607116552 -657.4950111951761 -656.1771055106162
-658.7172662042941 -658.7172662042941 -656.6471154970193 -656.6471154970193 -656.6471154970193 -656.6471154970193 -658.5933712487781 -658.6130872372725
-648.5582121280205 -648.5582121280205 -646.0385528909941 -645.8269362589169 -645.8269362589169 -646.0385528909941 -657.1000166977963 -657.1000166977963
-660.1016030660508 -659.6274932925626 -659.8336779069483 -658.2954595673317 -659.3279885935549 -659.8661302648641 -657.6449593595117 -659.678515237725
-656.7654019360951 -655.8051414451917 -659.3400040655456 -657.3881259999249 -658.1800795367359 -658.741109453628 -659.6857865157077 -657.3230009024825
-656.4530200677799 -657.1891035440093 -658.1542348759822 -658.6536871605732 -655.8910320035891 -659.890664943211 -659.870628116196 -658.6140361951973
-657.4520401751382 -658.481150023076 -658.658522950916 -658.7280585736319 -658.7280585736319 -658.8819141334782 -657.7653411079901 -658.658522950916
-659.0867499719634 -658.5635738208207 -657.8984381716099 -658.3617011866877 -658.0364454735094 -658.3312816483526 -659.9261316701968 -656.8318054887577
-658.8197400656794 -658.2217403418588 -658.9208302742994 -658.5222348812379 -658.861467710176 -658.0953118556056 -658.2593500329243 -658.7583652979068
-657.2487665107543 -657.2487665107543 -656.2177363072358 -650.2358856004372 -650.2358856004372 -656.8784246012697 -655.93551962813 -656.8784246012697
-657.0345257958122 -657.0345257958122 -655.2186579610084 -651.4602490307713 -651.4602490307713 -656.3797689915019 -654.8113067673529 -656.3797689915019
-659.781220557659 -657.098038682672 -654.236774967701 -659.558272955542 -655.94099980252 -654.366603705344 -657.253946085039 -659.604116020373
-658.3250430038966 -658.1752617652185 -648.0070059624384 -654.953197082241 -651.8563170757999 -656.4107829825598 -657.6232313536977 -656.9134203240528
-657.8121827650211 -659.0801206892181 -654.8335524205305 -657.4455941597726 -659.4517994850621 -655.9082491117789 -656.5243332772314 -656.8585750619327
-656.2161873488628 -658.7397394671492 -658.9445226985714 -657.7126831757909 -658.6919109695265 -658.4239258355926 -658.3036787027111 -659.5773772013833
-658.4384237802471 -654.5221225705901 -648.3709925770172 -658.786581895674 -657.2152559728241 -658.7833406520257 -657.2152559728241 -657.4494949597994
-658.849839634729 -658.849839634729 -655.963458033269 -655.67963854021 -655.8366502070835 -655.8366502070835 -655.67963854021 -655.1787913416422
-656.865994220976 -657.8730324576618 -654.0394955747723 -656.5413884309938 -658.1772382431889 -657.4308456161739 -656.2352261307326 -645.9564783951689
-656.0009808065439 -652.921221409023 -655.9605421386365 -657.6294247507336 -656.4059477954565 -656.5214737289763 -657.8790222868334 -657.7514177426642
-655.1630463991052 -658.4490513638323 -657.0942718295079 -659.153081371439 -657.414836849611 -656.826275422705 -659.4180488781952 -650.1119460715057
-657.9971428384681 -658.5639179225589 -653.9491095342828 -657.5889268328303 -657.8046054270645 -658.0117855784379 -657.5776432405498 -653.950192007806
-657.2418702995808 -645.2202450722448 -653.3860181700453 -655.848647589602 -655.9997427420408 -656.2893204431166 -654.2841090826845 -653.3639292192945
-656.6709924820088 -656.8128256411184 -655.3758003068132 -658.0898074868268 -655.7537946348259 -656.0076861753056 -658.0293975022754 -645.412729551061
-656.639160588409 -656.639160588409 -654.3767176466159 -655.2281027257792 -656.1589137592318 -656.1589137592318 -655.2281027257792 -649.6418167208382
-651.970594368727 -654.2289066340894 -649.4832607296476 -658.8256801830239 -657.7230895682064 -657.9272014232703 -658.6395366372162 -646.4054467276605
-657.8216814988177 -655.2516077613069 -655.1969197538192 -657.544483783943 -653.5719175673748 -657.6793062333159 -653.9509980461133 -647.4895154616506
-656.5056955535131 -659.0117253774173 -657.8716850844208 -659.3435897375934 -657.683717114186 -657.0790534654667 -655.1299972314393 -656.177921768676
-649.409586469287 -648.610760174649 -648.609888848153 -658.639588015322 -659.174223016661 -655.051199099259 -659.646148990932 -651.065540653141
-648.690552753956 -649.6521197506818 -647.4750593147724 -653.6696906371873 -645.8092910992739 -654.0046608925965 -656.7033600470088 -644.0270286091774
-656.281787029415 -657.922716778818 -659.024486152724 -655.286892636793 -652.315132214977 -652.822262449256 -654.106941441135 -658.61858318569
-659.7147663513678 -659.7147663513678 -658.8572144705939 -659.6962831807656 -657.2323978702232 -654.2674738371329 -654.2674738371329 -659.6962831807656
-651.0177947260445 -653.5937975577476 -651.4269901745193 -652.6517245750983 -657.5445641563216 -658.1778097567899 -657.620089329131 -651.4375825604044
-657.5773477627831 -658.9783687245664 -657.5664712085745 -655.8066263420337 -656.7376817611985 -654.2193812233567 -659.6625820923946 -658.4557570092906
-658.5137756446318 -658.5269020130644 -658.5005514733505 -655.7437394771466 -659.5431616182432 -659.7683543134603 -659.4973325023642 -659.9801670895072
-658.267644320606 -656.7899742739 -658.340148500921 -660.719078527332 -653.705400773262 -653.989271299027 -657.941613516264 -658.220432225191
-658.4494932897213 -657.8952559445246 -657.9264585940225 -659.8805958423354 -656.9438589614583 -655.795084522213 -658.4968548860255 -655.6219384123419
-658.827094871216 -658.827113387868 -659.865126199124 -658.409892888973 -660.681867050722 -659.862671306457 -660.682168822866 -658.410435071507
-657.2387367258405 -657.2387367258405 -654.1015665666888 -651.2826082996613 -648.3968425219148 -654.1015665666888 -651.2826082996613 -647.0450185957706
-656.4689316012584 -652.9677928103694 -656.7329665832657 -650.8456676356126 -656.8035051775435 -657.0033628836818 -656.3722896885124 -652.8070338748207
-651.6233098458938 -651.6233098458938 -656.3650818721483 -649.6740874795904 -651.3823986670735 -656.3650818721483 -651.3823986670735 -651.1043554606332
-650.7214562764315 -650.7214562764315 -655.578065087592 -648.343044134877 -657.8875099091949 -655.578065087592 -657.8875099091949 -647.6053968575792
-658.0262389100836 -658.0262389100836 -652.4165780464722 -655.1669032033955 -658.4400432191385 -653.152165093751 -652.4165780464722 -658.4400432191385
-658.8272873010538 -657.679604449181 -658.8521606766354 -657.6562092224101 -659.6384868743781 -657.4735207304207 -658.9151758878003 -659.6770164558676
-659.308405349997 -658.607575319456 -659.30828840139 -658.60781515778 -660.70401960468 -647.116452240602 -660.775277101781 -656.624282306011
-658.3035157115651 -658.430765734372 -658.2277194639018 -658.4391606408049 -658.4391606408049 -647.495068845688 -658.2277194639018 -658.430765734372
-656.673139569258 -659.092536136557 -658.250405576796 -659.080347948746 -651.568019060159 -657.039343997632 -661.011749845181 -659.112722525765
-659.1722741899166 -659.9683443726985 -658.9951894316895 -658.5923134360418 -658.8804459126503 -658.1595438454808 -659.7773981636684 -660.1484863088637
-657.633293679892 -658.1492363755724 -657.7587214491125 -650.1881591945232 -649.0627358294581 -657.7694228225267 -657.4250022925703 -651.0257764668335
-658.3232242649669 -654.7953172233986 -656.1443173102124 -654.7952978931278 -657.6068669225492 -656.5892274682775 -656.5892418645865 -657.5570921652761
-657.8016493965915 -657.7345155014909 -655.7796364508094 -654.0971660217449 -658.0680552179491 -655.0274730035533 -656.325936474461 -656.1871711901322
-649.023154422381 -642.427881522734 -659.260434097001 -648.461056996294 -657.456607930443 -659.986768713619 -652.908723598582 -649.658629386887
-657.0868097722145 -649.6413522476322 -658.5378799779904 -657.6111544506534 -656.0104611092495 -657.3416889163451 -656.3717705318305 -656.7105572250044
-655.2795165675952 -649.084194577724 -658.6328705554208 -647.8318255901492 -657.4739611311593 -657.4739611311593 -658.6328705554208 -649.084194577724
-656.583774598907 -655.4480578076821 -657.2833000029689 -651.1780591318435 -658.5636216292382 -658.0833075041832 -657.4482984388052 -650.1455176545962
-651.2889491679036 -646.0873263177388 -657.9055678899952 -650.3656987752382 -657.3455124411759 -651.2332644828988 -658.0724776414162 -651.1598054199064
-656.9854080320871 -656.5000378972587 -657.1674528740331 -657.8830898408564 -656.3366889858975 -656.4746265844042 -657.8366963531921 -656.9579161994141
-648.3140794064288 -643.2174238364383 -655.3906818415402 -646.5955831017297 -645.5286147706285 -645.9200761248962 -655.4331067093586 -648.2847306427997
-649.9535983232801 -644.5857205270431 -653.8354248613982 -645.8793471966195 -653.8354248613982 -642.8908861772352 -657.9939611956559 -642.5738877957392
-650.5280882185205 -646.4157173947121 -645.6667704210823 -650.8771436904683 -651.2013921929685 -657.2046680253335 -650.9021051294061 -642.4811923866489
-661.420976872636 -661.421774332958 -661.420998680956 -661.421312171627 -661.421060286231 -661.420979770486 -661.420985648474 -661.421821342992
-653.5203417801594 -656.1522571684375 -654.9760094298343 -656.1361340145254 -653.5203417801594 -654.6099240190721 -656.1361340145254 -656.1522571684375
-643.5694916990118 -658.0427862670447 -658.0427862670447 -643.5694916990118 -658.0427862670447 -648.2169090784759 -658.0427862670447 -648.2169090784759
-647.1737836913366 -647.1737836913366 -647.1737836913366 -647.1737836913366 -647.1737836913366 -647.1737836913366 -647.1737836913366 -647.1737836913366
