 x      300.00000000000000        873.00000000000000        1273.0000000000000        1673.0000000000000     
  -680.000  0.000000E+00  0.000000E+00  0.000000E+00  0.000000E+00  0.000000E+00
  -679.900  0.000000E+00  0.000000E+00  0.000000E+00  0.000000E+00  0.000000E+00
  -679.800  0.000000E+00  0.000000E+00  0.000000E+00  0.000000E+00  0.000000E+00
  -679.700  0.000000E+00  0.000000E+00  0.000000E+00  0.000000E+00  0.000000E+00
  -679.600  0.000000E+00  0.000000E+00  0.000000E+00  0.000000E+00  0.000000E+00
  -679.500  0.000000E+00  0.000000E+00  0.000000E+00  0.000000E+00  0.000000E+00
  -679.400  0.000000E+00  0.000000E+00  0.000000E+00  0.000000E+00  0.000000E+00
  -679.300  0.000000E+00  0.000000E+00  0.000000E+00  0.000000E+00  0.000000E+00
  -679.200  0.000000E+00  0.000000E+00  0.000000E+00  0.000000E+00  0.000000E+00
  -679.100  0.000000E+00  0.000000E+00  0.000000E+00  0.000000E+00  0.000000E+00
  -679.000  0.000000E+00  0.000000E+00  0.000000E+00  0.000000E+00  0.000000E+00
  -678.900  0.000000E+00  0.000000E+00  0.000000E+00  0.000000E+00  0.000000E+00
  -678.800  0.000000E+00  0.000000E+00  0.000000E+00  0.000000E+00  0.000000E+00
  -678.700  0.000000E+00  0.000000E+00  0.000000E+00  0.000000E+00  0.000000E+00
  -678.600  0.000000E+00  0.000000E+00  0.000000E+00  0.000000E+00  0.000000E+00
  -678.500  0.000000E+00  0.000000E+00  0.000000E+00  0.000000E+00  0.000000E+00
  -678.400  0.000000E+00  0.000000E+00  0.000000E+00  0.000000E+00  0.000000E+00
  -678.300  0.000000E+00  0.000000E+00  0.000000E+00  0.000000E+00  0.000000E+00
  -678.200  0.000000E+00  0.000000E+00  0.000000E+00  0.000000E+00  0.000000E+00
  -678.100  0.000000E+00  0.000000E+00  0.000000E+00  0.000000E+00  0.000000E+00
  -678.000  0.000000E+00  0.000000E+00  0.000000E+00  0.000000E+00  0.000000E+00
  -677.900  0.000000E+00  0.000000E+00  0.000000E+00  0.000000E+00  0.000000E+00
  -677.800  0.000000E+00  0.000000E+00  0.000000E+00  0.000000E+00  0.000000E+00
  -677.700  0.000000E+00  0.000000E+00  0.000000E+00  0.000000E+00  0.000000E+00
  -677.600  0.000000E+00  0.000000E+00  0.000000E+00  0.000000E+00  0.000000E+00
  -677.500  0.000000E+00  0.000000E+00  0.000000E+00  0.000000E+00  0.000000E+00
  -677.400  0.000000E+00  0.000000E+00  0.000000E+00  0.000000E+00  0.000000E+00
  -677.300  0.000000E+00  0.000000E+00  0.000000E+00  0.000000E+00  0.000000E+00
  -677.200  0.000000E+00  0.000000E+00  0.000000E+00  0.000000E+00  0.000000E+00
  -677.100  0.000000E+00  0.000000E+00  0.000000E+00  0.000000E+00  0.000000E+00
  -677.000  0.000000E+00  0.000000E+00  0.000000E+00  0.000000E+00  0.000000E+00
  -676.900  0.000000E+00  0.000000E+00  0.000000E+00  0.000000E+00  0.000000E+00
  -676.800  0.000000E+00  0.000000E+00  0.000000E+00  0.000000E+00  0.000000E+00
  -676.700  0.000000E+00  0.000000E+00  0.000000E+00  0.000000E+00  0.000000E+00
  -676.600  0.000000E+00  0.000000E+00  0.000000E+00  0.000000E+00  0.000000E+00
  -676.500  0.000000E+00  0.000000E+00  0.000000E+00  0.000000E+00  0.000000E+00
  -676.400  0.000000E+00  0.000000E+00  0.000000E+00  0.000000E+00  0.000000E+00
  -676.300  0.000000E+00  0.000000E+00  0.000000E+00  0.000000E+00  0.000000E+00
  -676.200  0.000000E+00  0.000000E+00  0.000000E+00  0.000000E+00  0.000000E+00
  -676.100  0.000000E+00  0.000000E+00  0.000000E+00  0.000000E+00  0.000000E+00
  -676.000  0.000000E+00  0.000000E+00  0.000000E+00  0.000000E+00  0.000000E+00
  -675.900  0.000000E+00  0.000000E+00  0.000000E+00  0.000000E+00  0.000000E+00
  -675.800  0.000000E+00  0.000000E+00  0.000000E+00  0.000000E+00  0.000000E+00
  -675.700  0.000000E+00  0.000000E+00  0.000000E+00  0.000000E+00  0.000000E+00
  -675.600  0.000000E+00  0.000000E+00  0.000000E+00  0.000000E+00  0.000000E+00
  -675.500  0.000000E+00  0.000000E+00  0.000000E+00  0.000000E+00  0.000000E+00
  -675.400  0.000000E+00  0.000000E+00  0.000000E+00  0.000000E+00  0.000000E+00
  -675.300  0.000000E+00  0.000000E+00  0.000000E+00  0.000000E+00  0.000000E+00
  -675.200  0.000000E+00  0.000000E+00  0.000000E+00  0.000000E+00  0.000000E+00
  -675.100  0.000000E+00  0.000000E+00  0.000000E+00  0.000000E+00  0.000000E+00
  -675.000  0.000000E+00  0.000000E+00  0.000000E+00  0.000000E+00  0.000000E+00
  -674.900  0.000000E+00  0.000000E+00  0.000000E+00  0.000000E+00  0.000000E+00
  -674.800  0.000000E+00  0.000000E+00  0.000000E+00  0.000000E+00  0.000000E+00
  -674.700  0.000000E+00  0.000000E+00  0.000000E+00  0.000000E+00  0.000000E+00
  -674.600  0.000000E+00  0.000000E+00  0.000000E+00  0.000000E+00  0.000000E+00
  -674.500  0.000000E+00  0.000000E+00  0.000000E+00  0.000000E+00  0.000000E+00
  -674.400  0.000000E+00  0.000000E+00  0.000000E+00  0.000000E+00  0.000000E+00
  -674.300  0.000000E+00  0.000000E+00  0.000000E+00  0.000000E+00  0.000000E+00
  -674.200  0.000000E+00  0.000000E+00  0.000000E+00  0.000000E+00  0.000000E+00
  -674.100  0.000000E+00  0.000000E+00  0.000000E+00  0.000000E+00  0.000000E+00
  -674.000  0.000000E+00  0.000000E+00  0.000000E+00  0.000000E+00  0.000000E+00
  -673.900  0.000000E+00  0.000000E+00  0.000000E+00  0.000000E+00  0.000000E+00
  -673.800  0.000000E+00  0.000000E+00  0.000000E+00  0.000000E+00  0.000000E+00
  -673.700  0.000000E+00  0.000000E+00  0.000000E+00  0.000000E+00  0.000000E+00
  -673.600  0.000000E+00  0.000000E+00  0.000000E+00  0.000000E+00  0.000000E+00
  -673.500  0.000000E+00  0.000000E+00  0.000000E+00  0.000000E+00  0.000000E+00
  -673.400  0.000000E+00  0.000000E+00  0.000000E+00  0.000000E+00  0.000000E+00
  -673.300  0.000000E+00  0.000000E+00  0.000000E+00  0.000000E+00  0.000000E+00
  -673.200  0.000000E+00  0.000000E+00  0.000000E+00  0.000000E+00  0.000000E+00
  -673.100  0.000000E+00  0.000000E+00  0.000000E+00  0.000000E+00  0.000000E+00
  -673.000  0.000000E+00  0.000000E+00  0.000000E+00  0.000000E+00  0.000000E+00
  -672.900  0.000000E+00  0.000000E+00  0.000000E+00  0.000000E+00  0.000000E+00
  -672.800  0.000000E+00  0.000000E+00  0.000000E+00  0.000000E+00  0.000000E+00
  -672.700  0.000000E+00  0.000000E+00  0.000000E+00  0.000000E+00  0.000000E+00
  -672.600  0.000000E+00  0.000000E+00  0.000000E+00  0.000000E+00  0.000000E+00
  -672.500  0.000000E+00  0.000000E+00  0.000000E+00  0.000000E+00  0.000000E+00
  -672.400  0.000000E+00  0.000000E+00  0.000000E+00  0.000000E+00  0.000000E+00
  -672.300  0.000000E+00  0.000000E+00  0.000000E+00  0.000000E+00  0.000000E+00
  -672.200  0.000000E+00  0.000000E+00  0.000000E+00  0.000000E+00  0.000000E+00
  -672.100  0.000000E+00  0.000000E+00  0.000000E+00  0.000000E+00  0.000000E+00
  -672.000  0.000000E+00  0.000000E+00  0.000000E+00  0.000000E+00  0.000000E+00
  -671.900  0.000000E+00  0.000000E+00  0.000000E+00  0.000000E+00  0.000000E+00
  -671.800  0.000000E+00  0.000000E+00  0.000000E+00  0.000000E+00  0.000000E+00
  -671.700  0.000000E+00  0.000000E+00  0.000000E+00  0.000000E+00  0.000000E+00
  -671.600  0.000000E+00  0.000000E+00  0.000000E+00  0.000000E+00  0.000000E+00
  -671.500  0.000000E+00  0.000000E+00  0.000000E+00  0.000000E+00  0.000000E+00
  -671.400  0.000000E+00  0.000000E+00  0.000000E+00  0.000000E+00  0.000000E+00
  -671.300  0.000000E+00  0.000000E+00  0.000000E+00  0.000000E+00  0.000000E+00
  -671.200  0.000000E+00  0.000000E+00  0.000000E+00  0.000000E+00  0.000000E+00
  -671.100  0.000000E+00  0.000000E+00  0.000000E+00  0.000000E+00  0.000000E+00
  -671.000  0.000000E+00  0.000000E+00  0.000000E+00  0.000000E+00  0.000000E+00
  -670.900  0.000000E+00  0.000000E+00  0.000000E+00  0.000000E+00  0.000000E+00
  -670.800  0.000000E+00  0.000000E+00  0.000000E+00  0.000000E+00  0.000000E+00
  -670.700  0.000000E+00  0.000000E+00  0.000000E+00  0.000000E+00  0.000000E+00
  -670.600  0.000000E+00  0.000000E+00  0.000000E+00  0.000000E+00  0.000000E+00
  -670.500  0.000000E+00  0.000000E+00  0.000000E+00  0.000000E+00  0.000000E+00
  -670.400  0.000000E+00  0.000000E+00  0.000000E+00  0.000000E+00  0.000000E+00
  -670.300  0.000000E+00  0.000000E+00  0.000000E+00  0.000000E+00  0.000000E+00
  -670.200  0.000000E+00  0.000000E+00  0.000000E+00  0.000000E+00  0.000000E+00
  -670.100  0.000000E+00  0.000000E+00  0.000000E+00  0.000000E+00  0.000000E+00
  -670.000  0.000000E+00  0.000000E+00  0.000000E+00  0.000000E+00  0.000000E+00
  -669.900  0.000000E+00  0.000000E+00  0.000000E+00  0.000000E+00  0.000000E+00
  -669.800  0.000000E+00  0.000000E+00  0.000000E+00  0.000000E+00  0.000000E+00
  -669.700  0.000000E+00  0.000000E+00  0.000000E+00  0.000000E+00  0.000000E+00
  -669.600  0.000000E+00  0.000000E+00  0.000000E+00  0.000000E+00  0.000000E+00
  -669.500  0.000000E+00  0.000000E+00  0.000000E+00  0.000000E+00  0.000000E+00
  -669.400  0.000000E+00  0.000000E+00  0.000000E+00  0.000000E+00  0.000000E+00
  -669.300  0.000000E+00  0.000000E+00  0.000000E+00  0.000000E+00  0.000000E+00
  -669.200  0.000000E+00  0.000000E+00  0.000000E+00  0.000000E+00  0.000000E+00
  -669.100  0.000000E+00  0.000000E+00  0.000000E+00  0.000000E+00  0.000000E+00
  -669.000  0.000000E+00  0.000000E+00  0.000000E+00  0.000000E+00  0.000000E+00
  -668.900  0.000000E+00  0.000000E+00  0.000000E+00  0.000000E+00  0.000000E+00
  -668.800  0.000000E+00  0.000000E+00  0.000000E+00  0.000000E+00  0.000000E+00
  -668.700  0.000000E+00  0.000000E+00  0.000000E+00  0.000000E+00  0.000000E+00
  -668.600  0.000000E+00  0.000000E+00  0.000000E+00  0.000000E+00  0.000000E+00
  -668.500  0.000000E+00  0.000000E+00  0.000000E+00  0.000000E+00  0.000000E+00
  -668.400  0.000000E+00  0.000000E+00  0.000000E+00  0.000000E+00  0.000000E+00
  -668.300  0.000000E+00  0.000000E+00  0.000000E+00  0.000000E+00  0.000000E+00
  -668.200  0.000000E+00  0.000000E+00  0.000000E+00  0.000000E+00  0.000000E+00
  -668.100  0.000000E+00  0.000000E+00  0.000000E+00  0.000000E+00  0.000000E+00
  -668.000  0.000000E+00  0.000000E+00  0.000000E+00  0.000000E+00  0.000000E+00
  -667.900  0.000000E+00  0.000000E+00  0.000000E+00  0.000000E+00  0.000000E+00
  -667.800  0.000000E+00  0.000000E+00  0.000000E+00  0.000000E+00  0.000000E+00
  -667.700  0.000000E+00  0.000000E+00  0.000000E+00  0.000000E+00  0.000000E+00
  -667.600  0.000000E+00  0.000000E+00  0.000000E+00  0.000000E+00  0.000000E+00
  -667.500  0.000000E+00  0.000000E+00  0.000000E+00  0.000000E+00  0.000000E+00
  -667.400  0.000000E+00  0.000000E+00  0.000000E+00  0.000000E+00  0.000000E+00
  -667.300  0.000000E+00  0.000000E+00  0.000000E+00  0.000000E+00  0.000000E+00
  -667.200  0.000000E+00  0.000000E+00  0.000000E+00  0.000000E+00  0.000000E+00
  -667.100  0.000000E+00  0.000000E+00  0.000000E+00  0.000000E+00  0.000000E+00
  -667.000  0.000000E+00  0.000000E+00  0.000000E+00  0.000000E+00  0.000000E+00
  -666.900  0.000000E+00  0.000000E+00  0.000000E+00  0.000000E+00  0.000000E+00
  -666.800  0.000000E+00  0.000000E+00  0.000000E+00  0.000000E+00  0.000000E+00
  -666.700  0.000000E+00  0.000000E+00  0.000000E+00  0.000000E+00  0.000000E+00
  -666.600  0.000000E+00  0.000000E+00  0.000000E+00  0.000000E+00  0.000000E+00
  -666.500  0.112057E-04  0.000000E+00  0.000000E+00  0.000000E+00  0.000000E+00
  -666.400  0.166840E-04  0.000000E+00  0.000000E+00  0.000000E+00  0.000000E+00
  -666.300  0.246312E-04  0.102892E-04  0.839120E-05  0.000000E+00  0.000000E+00
  -666.200  0.360523E-04  0.152649E-04  0.124927E-04  0.111884E-04  0.769772E-05
  -666.100  0.523082E-04  0.224464E-04  0.184331E-04  0.165405E-04  0.114573E-04
  -666.000  0.752171E-04  0.327083E-04  0.269509E-04  0.242297E-04  0.168953E-04
  -665.900  0.107176E-03  0.472232E-04  0.390402E-04  0.351638E-04  0.246810E-04
  -665.800  0.151296E-03  0.675416E-04  0.560210E-04  0.505518E-04  0.357124E-04
  -665.700  0.211564E-03  0.956865E-04  0.796237E-04  0.719818E-04  0.511804E-04
  -665.600  0.292998E-03  0.134260E-03  0.112085E-03  0.101513E-03  0.726431E-04
  -665.500  0.401828E-03  0.186565E-03  0.156257E-03  0.141778E-03  0.102114E-03
  -665.400  0.545655E-03  0.256732E-03  0.215729E-03  0.196100E-03  0.142161E-03
  -665.300  0.733600E-03  0.349855E-03  0.294956E-03  0.268620E-03  0.196021E-03
  -665.200  0.976419E-03  0.472136E-03  0.399394E-03  0.364426E-03  0.267723E-03
  -665.100  0.128658E-02  0.631013E-03  0.535641E-03  0.489696E-03  0.362225E-03
  -665.000  0.167824E-02  0.835293E-03  0.711571E-03  0.651838E-03  0.485560E-03
  -664.900  0.216724E-02  0.109527E-02  0.936471E-03  0.859630E-03  0.644989E-03
  -664.800  0.277086E-02  0.142282E-02  0.122117E-02  0.112336E-02  0.849167E-03
  -664.700  0.350764E-02  0.183149E-02  0.157814E-02  0.145495E-02  0.110831E-02
  -664.600  0.439705E-02  0.233655E-02  0.202162E-02  0.186810E-02  0.143438E-02
  -664.500  0.545902E-02  0.295503E-02  0.256773E-02  0.237839E-02  0.184127E-02
  -664.400  0.671352E-02  0.370578E-02  0.323450E-02  0.300343E-02  0.234499E-02
  -664.300  0.818002E-02  0.460943E-02  0.404202E-02  0.376294E-02  0.296390E-02
  -664.200  0.987698E-02  0.568847E-02  0.501251E-02  0.467890E-02  0.371891E-02
  -664.100  0.118214E-01  0.696718E-02  0.617036E-02  0.577565E-02  0.463370E-02
  -664.000  0.140282E-01  0.847167E-02  0.754226E-02  0.708003E-02  0.573496E-02
  -663.900  0.165102E-01  0.102299E-01  0.915722E-02  0.862144E-02  0.705262E-02
  -663.800  0.192774E-01  0.122715E-01  0.110466E-01  0.104319E-01  0.862002E-02
  -663.700  0.223373E-01  0.146280E-01  0.132442E-01  0.125463E-01  0.104741E-01
  -663.600  0.256943E-01  0.173322E-01  0.157861E-01  0.150018E-01  0.126553E-01
  -663.500  0.293503E-01  0.204188E-01  0.187103E-01  0.178385E-01  0.152081E-01
  -663.400  0.333042E-01  0.239229E-01  0.220570E-01  0.210985E-01  0.181800E-01
  -663.300  0.375526E-01  0.278808E-01  0.258675E-01  0.248256E-01  0.216219E-01
  -663.200  0.420895E-01  0.323284E-01  0.301840E-01  0.290651E-01  0.255875E-01
  -663.100  0.469066E-01  0.373012E-01  0.350486E-01  0.338625E-01  0.301322E-01
  -663.000  0.519937E-01  0.428326E-01  0.405027E-01  0.392630E-01  0.353125E-01
  -662.900  0.573386E-01  0.489540E-01  0.465855E-01  0.453100E-01  0.411847E-01
  -662.800  0.629274E-01  0.556926E-01  0.533331E-01  0.520442E-01  0.478038E-01
  -662.700  0.687453E-01  0.630714E-01  0.607772E-01  0.595020E-01  0.552217E-01
  -662.600  0.747767E-01  0.711078E-01  0.689442E-01  0.677147E-01  0.634861E-01
  -662.500  0.810061E-01  0.798131E-01  0.778542E-01  0.767075E-01  0.726388E-01
  -662.400  0.874196E-01  0.891925E-01  0.875205E-01  0.864984E-01  0.827147E-01
  -662.300  0.940056E-01  0.992449E-01  0.979496E-01  0.970982E-01  0.937408E-01
  -662.200  0.100757E+00  0.109964E+00  0.109141E+00  0.108510E+00  0.105735E+00
  -662.100  0.107674E+00  0.121340E+00  0.121089E+00  0.120732E+00  0.118709E+00
  -662.000  0.114763E+00  0.133360E+00  0.133784E+00  0.133756E+00  0.132662E+00
  -661.900  0.122042E+00  0.146012E+00  0.147213E+00  0.147570E+00  0.147592E+00
  -661.800  0.129543E+00  0.159286E+00  0.161365E+00  0.162162E+00  0.163488E+00
  -661.700  0.137309E+00  0.173178E+00  0.176231E+00  0.177522E+00  0.180337E+00
  -661.600  0.145397E+00  0.187694E+00  0.191809E+00  0.193645E+00  0.198129E+00
  -661.500  0.153882E+00  0.202849E+00  0.208105E+00  0.210532E+00  0.216852E+00
  -661.400  0.162847E+00  0.218672E+00  0.225138E+00  0.228196E+00  0.236505E+00
  -661.300  0.172387E+00  0.235206E+00  0.242939E+00  0.246663E+00  0.257093E+00
  -661.200  0.182604E+00  0.252511E+00  0.261553E+00  0.265971E+00  0.278634E+00
  -661.100  0.193601E+00  0.270657E+00  0.281040E+00  0.286173E+00  0.301160E+00
  -661.000  0.205476E+00  0.289727E+00  0.301473E+00  0.307336E+00  0.324715E+00
  -660.900  0.218318E+00  0.309812E+00  0.322935E+00  0.329538E+00  0.349356E+00
  -660.800  0.232195E+00  0.331005E+00  0.345513E+00  0.352864E+00  0.375153E+00
  -660.700  0.247153E+00  0.353394E+00  0.369297E+00  0.377399E+00  0.402181E+00
  -660.600  0.263208E+00  0.377059E+00  0.394367E+00  0.403226E+00  0.430520E+00
  -660.500  0.280340E+00  0.402057E+00  0.420791E+00  0.430416E+00  0.460242E+00
  -660.400  0.298490E+00  0.428424E+00  0.448615E+00  0.459019E+00  0.491410E+00
  -660.300  0.317558E+00  0.456156E+00  0.477852E+00  0.489056E+00  0.524062E+00
  -660.200  0.337405E+00  0.485213E+00  0.508479E+00  0.520513E+00  0.558207E+00
  -660.100  0.357852E+00  0.515503E+00  0.540425E+00  0.553329E+00  0.593817E+00
  -660.000  0.378686E+00  0.546887E+00  0.573569E+00  0.587394E+00  0.630811E+00
  -659.900  0.399665E+00  0.579168E+00  0.607734E+00  0.622541E+00  0.669058E+00
  -659.800  0.420524E+00  0.612099E+00  0.642688E+00  0.658544E+00  0.708363E+00
  -659.700  0.440985E+00  0.645378E+00  0.678139E+00  0.695123E+00  0.748470E+00
  -659.600  0.460764E+00  0.678660E+00  0.713745E+00  0.731936E+00  0.789060E+00
  -659.500  0.479579E+00  0.711560E+00  0.749120E+00  0.768598E+00  0.829755E+00
  -659.400  0.497160E+00  0.743661E+00  0.783835E+00  0.804679E+00  0.870123E+00
  -659.300  0.513257E+00  0.774532E+00  0.817441E+00  0.839718E+00  0.909688E+00
  -659.200  0.527647E+00  0.803734E+00  0.849473E+00  0.873240E+00  0.947944E+00
  -659.100  0.540141E+00  0.830839E+00  0.879466E+00  0.904764E+00  0.984368E+00
  -659.000  0.550585E+00  0.855441E+00  0.906976E+00  0.933824E+00  0.101844E+01
  -658.900  0.558870E+00  0.877171E+00  0.931586E+00  0.959983E+00  0.104964E+01
  -658.800  0.564928E+00  0.895709E+00  0.952929E+00  0.982846E+00  0.107752E+01
  -658.700  0.568734E+00  0.910794E+00  0.970694E+00  0.100208E+01  0.110164E+01
  -658.600  0.570308E+00  0.922235E+00  0.984641E+00  0.101741E+01  0.112166E+01
  -658.500  0.569708E+00  0.929914E+00  0.994606E+00  0.102865E+01  0.113730E+01
  -658.400  0.567028E+00  0.933789E+00  0.100051E+01  0.103571E+01  0.114839E+01
  -658.300  0.562396E+00  0.933894E+00  0.100234E+01  0.103855E+01  0.115482E+01
  -658.200  0.555963E+00  0.930337E+00  0.100020E+01  0.103724E+01  0.115660E+01
  -658.100  0.547901E+00  0.923287E+00  0.994223E+00  0.103193E+01  0.115384E+01
  -658.000  0.538396E+00  0.912974E+00  0.984637E+00  0.102282E+01  0.114672E+01
  -657.900  0.527638E+00  0.899669E+00  0.971713E+00  0.101020E+01  0.113549E+01
  -657.800  0.515820E+00  0.883675E+00  0.955766E+00  0.994368E+00  0.112047E+01
  -657.700  0.503128E+00  0.865318E+00  0.937132E+00  0.975680E+00  0.110202E+01
  -657.600  0.489736E+00  0.844926E+00  0.916164E+00  0.954494E+00  0.108053E+01
  -657.500  0.475807E+00  0.822822E+00  0.893210E+00  0.931172E+00  0.105640E+01
  -657.400  0.461480E+00  0.799313E+00  0.868605E+00  0.906061E+00  0.103002E+01
  -657.300  0.446879E+00  0.774680E+00  0.842656E+00  0.879486E+00  0.100176E+01
  -657.200  0.432103E+00  0.749175E+00  0.815643E+00  0.851739E+00  0.971953E+00
  -657.100  0.417233E+00  0.723013E+00  0.787805E+00  0.823072E+00  0.940895E+00
  -657.000  0.402328E+00  0.696373E+00  0.759344E+00  0.793699E+00  0.908835E+00
  -656.900  0.387430E+00  0.669402E+00  0.730425E+00  0.763793E+00  0.875976E+00
  -656.800  0.372571E+00  0.642217E+00  0.701177E+00  0.733493E+00  0.842480E+00
  -656.700  0.357768E+00  0.614909E+00  0.671705E+00  0.702906E+00  0.808470E+00
  -656.600  0.343037E+00  0.587553E+00  0.642091E+00  0.672121E+00  0.774043E+00
  -656.500  0.328389E+00  0.560211E+00  0.612405E+00  0.641210E+00  0.739280E+00
  -656.400  0.313841E+00  0.532946E+00  0.582714E+00  0.610242E+00  0.704256E+00
  -656.300  0.299413E+00  0.505820E+00  0.553088E+00  0.579291E+00  0.669048E+00
  -656.200  0.285139E+00  0.478905E+00  0.523609E+00  0.548441E+00  0.633751E+00
  -656.100  0.271058E+00  0.452289E+00  0.494371E+00  0.517793E+00  0.598480E+00
  -656.000  0.257226E+00  0.426069E+00  0.465488E+00  0.487466E+00  0.563375E+00
  -655.900  0.243707E+00  0.400361E+00  0.437089E+00  0.457599E+00  0.528603E+00
  -655.800  0.230578E+00  0.375291E+00  0.409321E+00  0.428350E+00  0.494358E+00
  -655.700  0.217921E+00  0.350998E+00  0.382342E+00  0.399888E+00  0.460853E+00
  -655.600  0.205827E+00  0.327623E+00  0.356317E+00  0.372391E+00  0.428315E+00
  -655.500  0.194384E+00  0.305307E+00  0.331410E+00  0.346039E+00  0.396973E+00
  -655.400  0.183680E+00  0.284185E+00  0.307780E+00  0.321003E+00  0.367053E+00
  -655.300  0.173797E+00  0.264380E+00  0.285570E+00  0.297440E+00  0.338763E+00
  -655.200  0.164805E+00  0.245997E+00  0.264904E+00  0.275486E+00  0.312287E+00
  -655.100  0.156763E+00  0.229119E+00  0.245881E+00  0.255249E+00  0.287773E+00
  -655.000  0.149713E+00  0.213804E+00  0.228570E+00  0.236808E+00  0.265333E+00
  -654.900  0.143678E+00  0.200084E+00  0.213011E+00  0.220206E+00  0.245034E+00
  -654.800  0.138663E+00  0.187963E+00  0.199210E+00  0.205453E+00  0.226899E+00
  -654.700  0.134653E+00  0.177420E+00  0.187144E+00  0.192524E+00  0.210908E+00
  -654.600  0.131614E+00  0.168409E+00  0.176762E+00  0.181367E+00  0.197003E+00
  -654.500  0.129493E+00  0.160862E+00  0.167988E+00  0.171901E+00  0.185091E+00
  -654.400  0.128222E+00  0.154696E+00  0.160728E+00  0.164026E+00  0.175051E+00
  -654.300  0.127718E+00  0.149812E+00  0.154871E+00  0.157625E+00  0.166743E+00
  -654.200  0.127888E+00  0.146103E+00  0.150299E+00  0.152571E+00  0.160015E+00
  -654.100  0.128629E+00  0.143458E+00  0.146887E+00  0.148735E+00  0.154706E+00
  -654.000  0.129834E+00  0.141763E+00  0.144513E+00  0.145984E+00  0.150659E+00
  -653.900  0.131396E+00  0.140906E+00  0.143056E+00  0.144193E+00  0.147723E+00
  -653.800  0.133207E+00  0.140782E+00  0.142401E+00  0.143244E+00  0.145759E+00
  -653.700  0.135166E+00  0.141291E+00  0.142446E+00  0.143027E+00  0.144641E+00
  -653.600  0.137177E+00  0.142342E+00  0.143096E+00  0.143448E+00  0.144259E+00
  -653.500  0.139158E+00  0.143854E+00  0.144269E+00  0.144423E+00  0.144522E+00
  -653.400  0.141037E+00  0.145755E+00  0.145894E+00  0.145880E+00  0.145353E+00
  -653.300  0.142759E+00  0.147985E+00  0.147914E+00  0.147762E+00  0.146694E+00
  -653.200  0.144285E+00  0.150494E+00  0.150279E+00  0.150022E+00  0.148497E+00
  -653.100  0.145595E+00  0.153243E+00  0.152952E+00  0.152622E+00  0.150728E+00
  -653.000  0.146691E+00  0.156202E+00  0.155905E+00  0.155535E+00  0.153362E+00
  -652.900  0.147596E+00  0.159351E+00  0.159117E+00  0.158740E+00  0.156381E+00
  -652.800  0.148358E+00  0.162681E+00  0.162575E+00  0.162225E+00  0.159770E+00
  -652.700  0.149047E+00  0.166192E+00  0.166274E+00  0.165981E+00  0.163518E+00
  -652.600  0.149762E+00  0.169896E+00  0.170218E+00  0.170008E+00  0.167617E+00
  -652.500  0.150626E+00  0.173814E+00  0.174415E+00  0.174311E+00  0.172058E+00
  -652.400  0.151791E+00  0.177982E+00  0.178885E+00  0.178900E+00  0.176833E+00
  -652.300  0.153434E+00  0.182447E+00  0.183656E+00  0.183794E+00  0.181936E+00
  -652.200  0.155763E+00  0.187273E+00  0.188768E+00  0.189023E+00  0.187365E+00
  -652.100  0.159008E+00  0.192540E+00  0.194274E+00  0.194627E+00  0.193125E+00
  -652.000  0.163426E+00  0.198346E+00  0.200245E+00  0.200661E+00  0.199226E+00
  -651.900  0.169294E+00  0.204810E+00  0.206767E+00  0.207196E+00  0.205695E+00
  -651.800  0.176908E+00  0.212070E+00  0.213946E+00  0.214320E+00  0.212570E+00
  -651.700  0.186576E+00  0.220285E+00  0.221908E+00  0.222145E+00  0.219911E+00
  -651.600  0.198614E+00  0.229633E+00  0.230801E+00  0.230799E+00  0.227796E+00
  -651.500  0.213332E+00  0.240311E+00  0.240790E+00  0.240435E+00  0.236327E+00
  -651.400  0.231034E+00  0.252524E+00  0.252059E+00  0.251220E+00  0.245629E+00
  -651.300  0.251996E+00  0.266488E+00  0.264799E+00  0.263336E+00  0.255845E+00
  -651.200  0.276465E+00  0.282417E+00  0.279211E+00  0.276974E+00  0.267136E+00
  -651.100  0.304637E+00  0.300513E+00  0.295490E+00  0.292325E+00  0.279673E+00
  -651.000  0.336651E+00  0.320958E+00  0.313818E+00  0.309569E+00  0.293631E+00
  -650.900  0.372572E+00  0.343902E+00  0.334354E+00  0.328869E+00  0.309176E+00
  -650.800  0.412382E+00  0.369451E+00  0.357220E+00  0.350355E+00  0.326458E+00
  -650.700  0.455968E+00  0.397653E+00  0.382491E+00  0.374116E+00  0.345600E+00
  -650.600  0.503114E+00  0.428492E+00  0.410186E+00  0.400185E+00  0.366684E+00
  -650.500  0.553499E+00  0.461876E+00  0.440255E+00  0.428536E+00  0.389743E+00
  -650.400  0.606695E+00  0.497636E+00  0.472579E+00  0.459073E+00  0.414753E+00
  -650.300  0.662168E+00  0.535520E+00  0.506960E+00  0.491627E+00  0.441629E+00
  -650.200  0.719293E+00  0.575199E+00  0.543127E+00  0.525957E+00  0.470220E+00
  -650.100  0.777359E+00  0.616269E+00  0.580739E+00  0.561753E+00  0.500309E+00
  -650.000  0.835590E+00  0.658265E+00  0.619391E+00  0.598642E+00  0.531621E+00
  -649.900  0.893168E+00  0.700673E+00  0.658630E+00  0.636201E+00  0.563828E+00
  -649.800  0.949253E+00  0.742945E+00  0.697965E+00  0.673969E+00  0.596561E+00
  -649.700  0.100301E+01  0.784521E+00  0.736886E+00  0.711464E+00  0.629418E+00
  -649.600  0.105365E+01  0.824844E+00  0.774881E+00  0.748196E+00  0.661987E+00
  -649.500  0.110041E+01  0.863378E+00  0.811452E+00  0.783688E+00  0.693849E+00
  -649.400  0.114263E+01  0.899628E+00  0.846131E+00  0.817486E+00  0.724600E+00
  -649.300  0.117975E+01  0.933149E+00  0.878494E+00  0.849177E+00  0.753860E+00
  -649.200  0.121131E+01  0.963562E+00  0.908170E+00  0.878394E+00  0.781284E+00
  -649.100  0.123696E+01  0.990551E+00  0.934846E+00  0.904825E+00  0.806566E+00
  -649.000  0.125647E+01  0.101388E+01  0.958272E+00  0.928219E+00  0.829449E+00
  -648.900  0.126975E+01  0.103336E+01  0.978259E+00  0.948380E+00  0.849721E+00
  -648.800  0.127679E+01  0.104889E+01  0.994675E+00  0.965166E+00  0.867218E+00
  -648.700  0.127769E+01  0.106041E+01  0.100744E+01  0.978483E+00  0.881816E+00
  -648.600  0.127261E+01  0.106790E+01  0.101651E+01  0.988282E+00  0.893432E+00
  -648.500  0.126178E+01  0.107139E+01  0.102189E+01  0.994541E+00  0.902012E+00
  -648.400  0.124551E+01  0.107094E+01  0.102358E+01  0.997268E+00  0.907525E+00
  -648.300  0.122410E+01  0.106660E+01  0.102164E+01  0.996488E+00  0.909962E+00
  -648.200  0.119791E+01  0.105846E+01  0.101611E+01  0.992238E+00  0.909327E+00
  -648.100  0.116729E+01  0.104661E+01  0.100706E+01  0.984567E+00  0.905633E+00
  -648.000  0.113262E+01  0.103115E+01  0.994550E+00  0.973529E+00  0.898902E+00
  -647.900  0.109429E+01  0.101219E+01  0.978661E+00  0.959189E+00  0.889162E+00
  -647.800  0.105268E+01  0.989839E+00  0.959482E+00  0.941621E+00  0.876450E+00
  -647.700  0.100819E+01  0.964241E+00  0.937118E+00  0.920915E+00  0.860814E+00
  -647.600  0.961233E+00  0.935552E+00  0.911692E+00  0.897180E+00  0.842315E+00
  -647.500  0.912227E+00  0.903954E+00  0.883353E+00  0.870545E+00  0.821033E+00
  -647.400  0.861603E+00  0.869660E+00  0.852278E+00  0.841171E+00  0.797072E+00
  -647.300  0.809801E+00  0.832914E+00  0.818677E+00  0.809247E+00  0.770560E+00
  -647.200  0.757268E+00  0.793996E+00  0.782792E+00  0.774998E+00  0.741659E+00
  -647.100  0.704456E+00  0.753220E+00  0.744902E+00  0.738680E+00  0.710559E+00
  -647.000  0.651813E+00  0.710929E+00  0.705317E+00  0.700587E+00  0.677488E+00
  -646.900  0.599780E+00  0.667495E+00  0.664377E+00  0.661040E+00  0.642706E+00
  -646.800  0.548779E+00  0.623307E+00  0.622446E+00  0.620390E+00  0.606505E+00
  -646.700  0.499210E+00  0.578771E+00  0.579909E+00  0.579004E+00  0.569205E+00
  -646.600  0.451439E+00  0.534294E+00  0.537158E+00  0.537268E+00  0.531147E+00
  -646.500  0.405796E+00  0.490281E+00  0.494589E+00  0.495569E+00  0.492692E+00
  -646.400  0.362566E+00  0.447121E+00  0.452589E+00  0.454293E+00  0.454206E+00
  -646.300  0.321986E+00  0.405183E+00  0.411532E+00  0.413814E+00  0.416056E+00
  -646.200  0.284247E+00  0.364803E+00  0.371767E+00  0.374483E+00  0.378600E+00
  -646.100  0.249487E+00  0.326283E+00  0.333610E+00  0.336627E+00  0.342180E+00
  -646.000  0.217798E+00  0.289881E+00  0.297342E+00  0.300533E+00  0.307110E+00
  -645.900  0.189224E+00  0.255809E+00  0.263198E+00  0.266451E+00  0.273671E+00
  -645.800  0.163770E+00  0.224230E+00  0.231368E+00  0.234583E+00  0.242106E+00
  -645.700  0.141401E+00  0.195258E+00  0.201995E+00  0.205086E+00  0.212614E+00
  -645.600  0.122053E+00  0.168960E+00  0.175171E+00  0.178067E+00  0.185345E+00
  -645.500  0.105634E+00  0.145357E+00  0.150944E+00  0.153586E+00  0.160403E+00
  -645.400  0.920305E-01  0.124428E+00  0.129315E+00  0.131658E+00  0.137845E+00
  -645.300  0.811146E-01  0.106114E+00  0.110247E+00  0.112257E+00  0.117681E+00
  -645.200  0.727457E-01  0.903261E-01  0.936674E-01  0.953207E-01  0.998811E-01
  -645.100  0.667759E-01  0.769495E-01  0.794757E-01  0.807556E-01  0.843807E-01
  -645.000  0.630534E-01  0.658507E-01  0.675484E-01  0.684444E-01  0.710837E-01
  -644.900  0.614256E-01  0.568834E-01  0.577460E-01  0.582522E-01  0.598714E-01
  -644.800  0.617416E-01  0.498947E-01  0.499197E-01  0.500325E-01  0.506085E-01
  -644.700  0.638545E-01  0.447305E-01  0.439169E-01  0.436342E-01  0.431500E-01
  -644.600  0.676244E-01  0.412401E-01  0.395864E-01  0.389061E-01  0.373469E-01
  -644.500  0.729198E-01  0.392806E-01  0.367832E-01  0.357023E-01  0.330522E-01
  -644.400  0.796202E-01  0.387190E-01  0.353713E-01  0.338854E-01  0.301246E-01
  -644.300  0.876173E-01  0.394347E-01  0.352263E-01  0.333291E-01  0.284324E-01
  -644.200  0.968170E-01  0.413197E-01  0.362367E-01  0.339196E-01  0.278552E-01
  -644.100  0.107139E+00  0.442785E-01  0.383030E-01  0.355557E-01  0.282850E-01
  -644.000  0.118517E+00  0.482267E-01  0.413376E-01  0.381475E-01  0.296256E-01
  -643.900  0.130896E+00  0.530880E-01  0.452617E-01  0.416149E-01  0.317916E-01
  -643.800  0.144230E+00  0.587917E-01  0.500030E-01  0.458845E-01  0.347057E-01
  -643.700  0.158473E+00  0.652683E-01  0.554915E-01  0.508861E-01  0.382964E-01
  -643.600  0.173576E+00  0.724454E-01  0.616561E-01  0.565490E-01  0.424940E-01
  -643.500  0.189478E+00  0.802438E-01  0.684201E-01  0.627981E-01  0.472277E-01
  -643.400  0.206095E+00  0.885731E-01  0.756983E-01  0.695506E-01  0.524226E-01
  -643.300  0.223313E+00  0.973293E-01  0.833933E-01  0.767129E-01  0.579964E-01
  -643.200  0.240978E+00  0.106392E+00  0.913940E-01  0.841788E-01  0.638583E-01
  -643.100  0.258897E+00  0.115624E+00  0.995750E-01  0.918289E-01  0.699080E-01
  -643.000  0.276826E+00  0.124873E+00  0.107797E+00  0.995312E-01  0.760356E-01
  -642.900  0.294480E+00  0.133974E+00  0.115910E+00  0.107144E+00  0.821239E-01
  -642.800  0.311535E+00  0.142750E+00  0.123757E+00  0.114517E+00  0.880504E-01
  -642.700  0.327640E+00  0.151026E+00  0.131176E+00  0.121499E+00  0.936914E-01
  -642.600  0.342432E+00  0.158626E+00  0.138010E+00  0.127943E+00  0.989261E-01
  -642.500  0.355553E+00  0.165388E+00  0.144115E+00  0.133710E+00  0.103641E+00
  -642.400  0.366671E+00  0.171167E+00  0.149359E+00  0.138678E+00  0.107737E+00
  -642.300  0.375500E+00  0.175847E+00  0.153637E+00  0.142745E+00  0.111129E+00
  -642.200  0.381818E+00  0.179340E+00  0.156870E+00  0.145839E+00  0.113757E+00
  -642.100  0.385485E+00  0.181598E+00  0.159013E+00  0.147914E+00  0.115581E+00
  -642.000  0.386456E+00  0.182614E+00  0.160056E+00  0.148962E+00  0.116590E+00
  -641.900  0.384785E+00  0.182421E+00  0.160028E+00  0.149005E+00  0.116799E+00
  -641.800  0.380630E+00  0.181096E+00  0.158991E+00  0.148103E+00  0.116251E+00
  -641.700  0.374248E+00  0.178754E+00  0.157046E+00  0.146346E+00  0.115013E+00
  -641.600  0.365984E+00  0.175548E+00  0.154323E+00  0.143855E+00  0.113176E+00
  -641.500  0.356263E+00  0.171661E+00  0.150981E+00  0.140778E+00  0.110853E+00
  -641.400  0.345566E+00  0.167302E+00  0.147202E+00  0.137281E+00  0.108173E+00
  -641.300  0.334419E+00  0.162701E+00  0.143185E+00  0.133550E+00  0.105277E+00
  -641.200  0.323367E+00  0.158098E+00  0.139140E+00  0.129780E+00  0.102316E+00
  -641.100  0.312956E+00  0.153738E+00  0.135281E+00  0.126168E+00  0.994458E-01
  -641.000  0.303710E+00  0.149862E+00  0.131819E+00  0.122913E+00  0.968201E-01
  -640.900  0.296116E+00  0.146700E+00  0.128957E+00  0.120204E+00  0.945876E-01
  -640.800  0.290600E+00  0.144459E+00  0.126879E+00  0.118212E+00  0.928860E-01
  -640.700  0.287513E+00  0.143320E+00  0.125747E+00  0.117089E+00  0.918372E-01
  -640.600  0.287112E+00  0.143426E+00  0.125690E+00  0.116959E+00  0.915427E-01
  -640.500  0.289554E+00  0.144877E+00  0.126800E+00  0.117910E+00  0.920789E-01
  -640.400  0.294877E+00  0.147724E+00  0.129130E+00  0.119993E+00  0.934935E-01
  -640.300  0.303004E+00  0.151964E+00  0.132684E+00  0.123215E+00  0.958031E-01
  -640.200  0.313733E+00  0.157538E+00  0.137418E+00  0.127543E+00  0.989914E-01
  -640.100  0.326748E+00  0.164336E+00  0.143246E+00  0.132897E+00  0.103009E+00
  -640.000  0.341628E+00  0.172193E+00  0.150031E+00  0.139159E+00  0.107776E+00
  -639.900  0.357860E+00  0.180901E+00  0.157604E+00  0.146173E+00  0.113184E+00
  -639.800  0.374865E+00  0.190218E+00  0.165758E+00  0.153753E+00  0.119099E+00
  -639.700  0.392021E+00  0.199875E+00  0.174268E+00  0.161693E+00  0.125372E+00
  -639.600  0.408694E+00  0.209588E+00  0.182893E+00  0.169772E+00  0.131838E+00
  -639.500  0.424263E+00  0.219076E+00  0.191389E+00  0.177767E+00  0.138331E+00
  -639.400  0.438157E+00  0.228067E+00  0.199522E+00  0.185461E+00  0.144682E+00
  -639.300  0.449869E+00  0.236310E+00  0.207073E+00  0.192649E+00  0.150733E+00
  -639.200  0.458987E+00  0.243585E+00  0.213845E+00  0.199149E+00  0.156336E+00
  -639.100  0.465198E+00  0.249708E+00  0.219674E+00  0.204803E+00  0.161361E+00
  -639.000  0.468302E+00  0.254537E+00  0.224425E+00  0.209482E+00  0.165695E+00
  -638.900  0.468209E+00  0.257967E+00  0.227996E+00  0.213086E+00  0.169248E+00
  -638.800  0.464930E+00  0.259933E+00  0.230318E+00  0.215546E+00  0.171947E+00
  -638.700  0.458568E+00  0.260405E+00  0.231352E+00  0.216816E+00  0.173739E+00
  -638.600  0.449300E+00  0.259386E+00  0.231083E+00  0.216877E+00  0.174591E+00
  -638.500  0.437362E+00  0.256900E+00  0.229519E+00  0.215728E+00  0.174482E+00
  -638.400  0.423030E+00  0.252996E+00  0.226686E+00  0.213386E+00  0.173407E+00
  -638.300  0.406604E+00  0.247736E+00  0.222627E+00  0.209883E+00  0.171374E+00
  -638.200  0.388395E+00  0.241197E+00  0.217395E+00  0.205264E+00  0.168403E+00
  -638.100  0.368716E+00  0.233468E+00  0.211056E+00  0.199585E+00  0.164524E+00
  -638.000  0.347872E+00  0.224647E+00  0.203690E+00  0.192913E+00  0.159779E+00
  -637.900  0.326159E+00  0.214844E+00  0.195384E+00  0.185330E+00  0.154222E+00
  -637.800  0.303858E+00  0.204180E+00  0.186240E+00  0.176925E+00  0.147919E+00
  -637.700  0.281241E+00  0.192785E+00  0.176369E+00  0.167802E+00  0.140947E+00
  -637.600  0.258563E+00  0.180802E+00  0.165897E+00  0.158078E+00  0.133398E+00
  -637.500  0.236068E+00  0.168380E+00  0.154958E+00  0.147878E+00  0.125371E+00
  -637.400  0.213986E+00  0.155680E+00  0.143695E+00  0.137337E+00  0.116978E+00
  -637.300  0.192530E+00  0.142862E+00  0.132257E+00  0.126597E+00  0.108334E+00
  -637.200  0.171896E+00  0.130090E+00  0.120793E+00  0.115800E+00  0.995615E-01
  -637.100  0.152256E+00  0.117520E+00  0.109451E+00  0.105088E+00  0.907804E-01
  -637.000  0.133758E+00  0.105303E+00  0.983702E-01  0.945962E-01  0.821084E-01
  -636.900  0.116521E+00  0.935725E-01  0.876801E-01  0.844486E-01  0.736554E-01
  -636.800  0.100633E+00  0.824452E-01  0.774934E-01  0.747559E-01  0.655210E-01
  -636.700  0.861489E-01  0.720170E-01  0.679043E-01  0.656109E-01  0.577908E-01
  -636.600  0.730920E-01  0.623605E-01  0.589865E-01  0.570871E-01  0.505352E-01
  -636.500  0.614536E-01  0.535242E-01  0.507917E-01  0.492373E-01  0.438073E-01
  -636.400  0.511964E-01  0.455334E-01  0.433500E-01  0.420935E-01  0.376432E-01
  -636.300  0.422590E-01  0.383908E-01  0.366708E-01  0.356680E-01  0.320618E-01
  -636.200  0.345596E-01  0.320798E-01  0.307450E-01  0.299551E-01  0.270666E-01
  -636.100  0.280013E-01  0.265665E-01  0.255470E-01  0.249333E-01  0.226468E-01
  -636.000  0.224777E-01  0.218040E-01  0.210386E-01  0.205686E-01  0.187802E-01
  -635.900  0.178772E-01  0.177354E-01  0.171712E-01  0.168167E-01  0.154350E-01
  -635.800  0.140876E-01  0.142972E-01  0.138898E-01  0.136265E-01  0.125723E-01
  -635.700  0.109998E-01  0.114228E-01  0.111354E-01  0.109432E-01  0.101490E-01
  -635.600  0.851089E-02  0.904516E-02  0.884767E-02  0.870989E-02  0.811932E-02
  -635.500  0.652578E-02  0.709879E-02  0.696737E-02  0.687054E-02  0.643723E-02
  -635.400  0.495893E-02  0.552180E-02  0.543780E-02  0.537124E-02  0.505765E-02
  -635.300  0.373483E-02  0.425699E-02  0.420615E-02  0.416154E-02  0.393780E-02
  -635.200  0.278810E-02  0.325272E-02  0.322437E-02  0.319535E-02  0.303804E-02
  -635.100  0.206311E-02  0.246320E-02  0.244955E-02  0.243135E-02  0.232244E-02
  -635.000  0.151333E-02  0.184862E-02  0.184411E-02  0.183324E-02  0.175905E-02
  -634.900  0.110040E-02  0.137487E-02  0.137569E-02  0.136963E-02  0.131995E-02
  -634.800  0.793198E-03  0.101326E-02  0.101685E-02  0.101383E-02  0.981173E-03
  -634.700  0.566787E-03  0.739908E-03  0.744642E-03  0.743471E-03  0.722429E-03
  -634.600  0.401471E-03  0.535299E-03  0.540197E-03  0.540070E-03  0.526814E-03
  -634.500  0.281879E-03  0.383641E-03  0.388167E-03  0.388573E-03  0.380432E-03
  -634.400  0.196161E-03  0.272338E-03  0.276242E-03  0.276868E-03  0.272018E-03
  -634.300  0.135290E-03  0.191464E-03  0.194672E-03  0.195340E-03  0.192555E-03
  -634.200  0.924648E-04  0.133290E-03  0.135830E-03  0.136446E-03  0.134923E-03
  -634.100  0.626160E-04  0.918688E-04  0.938212E-04  0.943446E-04  0.935674E-04
  -634.000  0.420079E-04  0.626805E-04  0.641425E-04  0.645636E-04  0.642099E-04
  -633.900  0.279155E-04  0.423269E-04  0.433971E-04  0.437223E-04  0.435964E-04
  -633.800  0.183720E-04  0.282845E-04  0.290518E-04  0.292948E-04  0.292820E-04
  -633.700  0.119725E-04  0.187004E-04  0.192402E-04  0.194170E-04  0.194529E-04
  -633.600  0.772423E-05  0.122308E-04  0.126038E-04  0.127293E-04  0.127801E-04
  -633.500  0.000000E+00  0.791202E-05  0.816540E-05  0.825254E-05  0.830207E-05
  -633.400  0.000000E+00  0.000000E+00  0.000000E+00  0.000000E+00  0.000000E+00
  -633.300  0.000000E+00  0.000000E+00  0.000000E+00  0.000000E+00  0.000000E+00
  -633.200  0.000000E+00  0.000000E+00  0.000000E+00  0.000000E+00  0.000000E+00
  -633.100  0.000000E+00  0.000000E+00  0.000000E+00  0.000000E+00  0.000000E+00
  -633.000  0.000000E+00  0.000000E+00  0.000000E+00  0.000000E+00  0.000000E+00
  -632.900  0.000000E+00  0.000000E+00  0.000000E+00  0.000000E+00  0.000000E+00
  -632.800  0.000000E+00  0.000000E+00  0.000000E+00  0.000000E+00  0.000000E+00
  -632.700  0.000000E+00  0.000000E+00  0.000000E+00  0.000000E+00  0.000000E+00
  -632.600  0.000000E+00  0.000000E+00  0.000000E+00  0.000000E+00  0.000000E+00
  -632.500  0.000000E+00  0.000000E+00  0.000000E+00  0.000000E+00  0.000000E+00
  -632.400  0.000000E+00  0.000000E+00  0.000000E+00  0.000000E+00  0.000000E+00
  -632.300  0.000000E+00  0.000000E+00  0.000000E+00  0.000000E+00  0.000000E+00
  -632.200  0.000000E+00  0.000000E+00  0.000000E+00  0.000000E+00  0.000000E+00
  -632.100  0.000000E+00  0.000000E+00  0.000000E+00  0.000000E+00  0.000000E+00
  -632.000  0.000000E+00  0.000000E+00  0.000000E+00  0.000000E+00  0.000000E+00
  -631.900  0.000000E+00  0.000000E+00  0.000000E+00  0.000000E+00  0.000000E+00
  -631.800  0.000000E+00  0.000000E+00  0.000000E+00  0.000000E+00  0.000000E+00
  -631.700  0.000000E+00  0.000000E+00  0.000000E+00  0.000000E+00  0.000000E+00
  -631.600  0.000000E+00  0.000000E+00  0.000000E+00  0.000000E+00  0.000000E+00
  -631.500  0.000000E+00  0.000000E+00  0.000000E+00  0.000000E+00  0.000000E+00
  -631.400  0.000000E+00  0.000000E+00  0.000000E+00  0.000000E+00  0.000000E+00
  -631.300  0.000000E+00  0.000000E+00  0.000000E+00  0.000000E+00  0.000000E+00
  -631.200  0.000000E+00  0.000000E+00  0.000000E+00  0.000000E+00  0.000000E+00
  -631.100  0.000000E+00  0.000000E+00  0.000000E+00  0.000000E+00  0.000000E+00
  -631.000  0.000000E+00  0.000000E+00  0.000000E+00  0.000000E+00  0.000000E+00
  -630.900  0.000000E+00  0.000000E+00  0.000000E+00  0.000000E+00  0.000000E+00
  -630.800  0.000000E+00  0.000000E+00  0.000000E+00  0.000000E+00  0.000000E+00
  -630.700  0.000000E+00  0.000000E+00  0.000000E+00  0.000000E+00  0.000000E+00
  -630.600  0.000000E+00  0.000000E+00  0.000000E+00  0.000000E+00  0.000000E+00
  -630.500  0.000000E+00  0.000000E+00  0.000000E+00  0.000000E+00  0.000000E+00
  -630.400  0.000000E+00  0.000000E+00  0.000000E+00  0.000000E+00  0.000000E+00
  -630.300  0.000000E+00  0.000000E+00  0.000000E+00  0.000000E+00  0.000000E+00
  -630.200  0.000000E+00  0.000000E+00  0.000000E+00  0.000000E+00  0.000000E+00
  -630.100  0.000000E+00  0.000000E+00  0.000000E+00  0.000000E+00  0.000000E+00
  -630.000  0.000000E+00  0.000000E+00  0.000000E+00  0.000000E+00  0.000000E+00
  -629.900  0.000000E+00  0.000000E+00  0.000000E+00  0.000000E+00  0.000000E+00
  -629.800  0.000000E+00  0.000000E+00  0.000000E+00  0.000000E+00  0.000000E+00
  -629.700  0.000000E+00  0.000000E+00  0.000000E+00  0.000000E+00  0.000000E+00
  -629.600  0.000000E+00  0.000000E+00  0.000000E+00  0.000000E+00  0.000000E+00
  -629.500  0.000000E+00  0.000000E+00  0.000000E+00  0.000000E+00  0.000000E+00
  -629.400  0.000000E+00  0.000000E+00  0.000000E+00  0.000000E+00  0.000000E+00
  -629.300  0.000000E+00  0.000000E+00  0.000000E+00  0.000000E+00  0.000000E+00
  -629.200  0.000000E+00  0.000000E+00  0.000000E+00  0.000000E+00  0.000000E+00
  -629.100  0.000000E+00  0.000000E+00  0.000000E+00  0.000000E+00  0.000000E+00
  -629.000  0.000000E+00  0.000000E+00  0.000000E+00  0.000000E+00  0.000000E+00
  -628.900  0.000000E+00  0.000000E+00  0.000000E+00  0.000000E+00  0.000000E+00
  -628.800  0.000000E+00  0.000000E+00  0.000000E+00  0.000000E+00  0.000000E+00
  -628.700  0.000000E+00  0.000000E+00  0.000000E+00  0.000000E+00  0.000000E+00
  -628.600  0.000000E+00  0.000000E+00  0.000000E+00  0.000000E+00  0.000000E+00
  -628.500  0.000000E+00  0.000000E+00  0.000000E+00  0.000000E+00  0.000000E+00
  -628.400  0.000000E+00  0.000000E+00  0.000000E+00  0.000000E+00  0.000000E+00
  -628.300  0.000000E+00  0.000000E+00  0.000000E+00  0.000000E+00  0.000000E+00
  -628.200  0.000000E+00  0.000000E+00  0.000000E+00  0.000000E+00  0.000000E+00
  -628.100  0.000000E+00  0.000000E+00  0.000000E+00  0.000000E+00  0.000000E+00
  -628.000  0.000000E+00  0.000000E+00  0.000000E+00  0.000000E+00  0.000000E+00
  -627.900  0.000000E+00  0.000000E+00  0.000000E+00  0.000000E+00  0.000000E+00
  -627.800  0.000000E+00  0.000000E+00  0.000000E+00  0.000000E+00  0.000000E+00
  -627.700  0.000000E+00  0.000000E+00  0.000000E+00  0.000000E+00  0.000000E+00
  -627.600  0.000000E+00  0.000000E+00  0.000000E+00  0.000000E+00  0.000000E+00
  -627.500  0.000000E+00  0.000000E+00  0.000000E+00  0.000000E+00  0.000000E+00
  -627.400  0.000000E+00  0.000000E+00  0.000000E+00  0.000000E+00  0.000000E+00
  -627.300  0.000000E+00  0.000000E+00  0.000000E+00  0.000000E+00  0.000000E+00
  -627.200  0.000000E+00  0.000000E+00  0.000000E+00  0.000000E+00  0.000000E+00
  -627.100  0.000000E+00  0.000000E+00  0.000000E+00  0.000000E+00  0.000000E+00
  -627.000  0.000000E+00  0.000000E+00  0.000000E+00  0.000000E+00  0.000000E+00
  -626.900  0.000000E+00  0.000000E+00  0.000000E+00  0.000000E+00  0.000000E+00
  -626.800  0.000000E+00  0.000000E+00  0.000000E+00  0.000000E+00  0.000000E+00
  -626.700  0.000000E+00  0.000000E+00  0.000000E+00  0.000000E+00  0.000000E+00
  -626.600  0.000000E+00  0.000000E+00  0.000000E+00  0.000000E+00  0.000000E+00
  -626.500  0.000000E+00  0.000000E+00  0.000000E+00  0.000000E+00  0.000000E+00
  -626.400  0.000000E+00  0.000000E+00  0.000000E+00  0.000000E+00  0.000000E+00
  -626.300  0.000000E+00  0.000000E+00  0.000000E+00  0.000000E+00  0.000000E+00
  -626.200  0.000000E+00  0.000000E+00  0.000000E+00  0.000000E+00  0.000000E+00
  -626.100  0.000000E+00  0.000000E+00  0.000000E+00  0.000000E+00  0.000000E+00
  -626.000  0.000000E+00  0.000000E+00  0.000000E+00  0.000000E+00  0.000000E+00
  -625.900  0.000000E+00  0.000000E+00  0.000000E+00  0.000000E+00  0.000000E+00
  -625.800  0.000000E+00  0.000000E+00  0.000000E+00  0.000000E+00  0.000000E+00
  -625.700  0.000000E+00  0.000000E+00  0.000000E+00  0.000000E+00  0.000000E+00
  -625.600  0.000000E+00  0.000000E+00  0.000000E+00  0.000000E+00  0.000000E+00
  -625.500  0.000000E+00  0.000000E+00  0.000000E+00  0.000000E+00  0.000000E+00
  -625.400  0.000000E+00  0.000000E+00  0.000000E+00  0.000000E+00  0.000000E+00
  -625.300  0.000000E+00  0.000000E+00  0.000000E+00  0.000000E+00  0.000000E+00
  -625.200  0.000000E+00  0.000000E+00  0.000000E+00  0.000000E+00  0.000000E+00
  -625.100  0.000000E+00  0.000000E+00  0.000000E+00  0.000000E+00  0.000000E+00
  -625.000  0.000000E+00  0.000000E+00  0.000000E+00  0.000000E+00  0.000000E+00
  -624.900  0.000000E+00  0.000000E+00  0.000000E+00  0.000000E+00  0.000000E+00
  -624.800  0.000000E+00  0.000000E+00  0.000000E+00  0.000000E+00  0.000000E+00
  -624.700  0.000000E+00  0.000000E+00  0.000000E+00  0.000000E+00  0.000000E+00
  -624.600  0.000000E+00  0.000000E+00  0.000000E+00  0.000000E+00  0.000000E+00
  -624.500  0.000000E+00  0.000000E+00  0.000000E+00  0.000000E+00  0.000000E+00
  -624.400  0.000000E+00  0.000000E+00  0.000000E+00  0.000000E+00  0.000000E+00
  -624.300  0.000000E+00  0.000000E+00  0.000000E+00  0.000000E+00  0.000000E+00
  -624.200  0.000000E+00  0.000000E+00  0.000000E+00  0.000000E+00  0.000000E+00
  -624.100  0.000000E+00  0.000000E+00  0.000000E+00  0.000000E+00  0.000000E+00
  -624.000  0.000000E+00  0.000000E+00  0.000000E+00  0.000000E+00  0.000000E+00
  -623.900  0.000000E+00  0.000000E+00  0.000000E+00  0.000000E+00  0.000000E+00
  -623.800  0.000000E+00  0.000000E+00  0.000000E+00  0.000000E+00  0.000000E+00
  -623.700  0.000000E+00  0.000000E+00  0.000000E+00  0.000000E+00  0.000000E+00
  -623.600  0.000000E+00  0.000000E+00  0.000000E+00  0.000000E+00  0.000000E+00
  -623.500  0.000000E+00  0.000000E+00  0.000000E+00  0.000000E+00  0.000000E+00
  -623.400  0.000000E+00  0.000000E+00  0.000000E+00  0.000000E+00  0.000000E+00
  -623.300  0.000000E+00  0.000000E+00  0.000000E+00  0.000000E+00  0.000000E+00
  -623.200  0.000000E+00  0.000000E+00  0.000000E+00  0.000000E+00  0.000000E+00
  -623.100  0.000000E+00  0.000000E+00  0.000000E+00  0.000000E+00  0.000000E+00
  -623.000  0.000000E+00  0.000000E+00  0.000000E+00  0.000000E+00  0.000000E+00
  -622.900  0.000000E+00  0.000000E+00  0.000000E+00  0.000000E+00  0.000000E+00
  -622.800  0.000000E+00  0.000000E+00  0.000000E+00  0.000000E+00  0.000000E+00
  -622.700  0.000000E+00  0.000000E+00  0.000000E+00  0.000000E+00  0.000000E+00
  -622.600  0.000000E+00  0.000000E+00  0.000000E+00  0.000000E+00  0.000000E+00
  -622.500  0.000000E+00  0.000000E+00  0.000000E+00  0.000000E+00  0.000000E+00
  -622.400  0.000000E+00  0.000000E+00  0.000000E+00  0.000000E+00  0.000000E+00
  -622.300  0.000000E+00  0.000000E+00  0.000000E+00  0.000000E+00  0.000000E+00
  -622.200  0.000000E+00  0.000000E+00  0.000000E+00  0.000000E+00  0.000000E+00
  -622.100  0.000000E+00  0.000000E+00  0.000000E+00  0.000000E+00  0.000000E+00
  -622.000  0.000000E+00  0.000000E+00  0.000000E+00  0.000000E+00  0.000000E+00
  -621.900  0.000000E+00  0.000000E+00  0.000000E+00  0.000000E+00  0.000000E+00
  -621.800  0.000000E+00  0.000000E+00  0.000000E+00  0.000000E+00  0.000000E+00
  -621.700  0.000000E+00  0.000000E+00  0.000000E+00  0.000000E+00  0.000000E+00
  -621.600  0.000000E+00  0.000000E+00  0.000000E+00  0.000000E+00  0.000000E+00
  -621.500  0.000000E+00  0.000000E+00  0.000000E+00  0.000000E+00  0.000000E+00
  -621.400  0.000000E+00  0.000000E+00  0.000000E+00  0.000000E+00  0.000000E+00
  -621.300  0.000000E+00  0.000000E+00  0.000000E+00  0.000000E+00  0.000000E+00
  -621.200  0.000000E+00  0.000000E+00  0.000000E+00  0.000000E+00  0.000000E+00
  -621.100  0.000000E+00  0.000000E+00  0.000000E+00  0.000000E+00  0.000000E+00
  -621.000  0.000000E+00  0.000000E+00  0.000000E+00  0.000000E+00  0.000000E+00
  -620.900  0.000000E+00  0.000000E+00  0.000000E+00  0.000000E+00  0.000000E+00
  -620.800  0.000000E+00  0.000000E+00  0.000000E+00  0.000000E+00  0.000000E+00
  -620.700  0.000000E+00  0.000000E+00  0.000000E+00  0.000000E+00  0.000000E+00
  -620.600  0.000000E+00  0.000000E+00  0.000000E+00  0.000000E+00  0.000000E+00
  -620.500  0.000000E+00  0.000000E+00  0.000000E+00  0.000000E+00  0.000000E+00
  -620.400  0.000000E+00  0.000000E+00  0.000000E+00  0.000000E+00  0.000000E+00
  -620.300  0.000000E+00  0.000000E+00  0.000000E+00  0.000000E+00  0.000000E+00
  -620.200  0.000000E+00  0.000000E+00  0.000000E+00  0.000000E+00  0.000000E+00
  -620.100  0.000000E+00  0.000000E+00  0.000000E+00  0.000000E+00  0.000000E+00
  -620.000  0.000000E+00  0.000000E+00  0.000000E+00  0.000000E+00  0.000000E+00
