 x      300.00000000000000        873.00000000000000        1273.0000000000000        1673.0000000000000     
  -680.000  0.000000E+00  0.000000E+00  0.000000E+00  0.000000E+00  0.000000E+00
  -679.900  0.000000E+00  0.000000E+00  0.000000E+00  0.000000E+00  0.000000E+00
  -679.800  0.000000E+00  0.000000E+00  0.000000E+00  0.000000E+00  0.000000E+00
  -679.700  0.000000E+00  0.000000E+00  0.000000E+00  0.000000E+00  0.000000E+00
  -679.600  0.000000E+00  0.000000E+00  0.000000E+00  0.000000E+00  0.000000E+00
  -679.500  0.000000E+00  0.000000E+00  0.000000E+00  0.000000E+00  0.000000E+00
  -679.400  0.000000E+00  0.000000E+00  0.000000E+00  0.000000E+00  0.000000E+00
  -679.300  0.000000E+00  0.000000E+00  0.000000E+00  0.000000E+00  0.000000E+00
  -679.200  0.000000E+00  0.000000E+00  0.000000E+00  0.000000E+00  0.000000E+00
  -679.100  0.000000E+00  0.000000E+00  0.000000E+00  0.000000E+00  0.000000E+00
  -679.000  0.000000E+00  0.000000E+00  0.000000E+00  0.000000E+00  0.000000E+00
  -678.900  0.000000E+00  0.000000E+00  0.000000E+00  0.000000E+00  0.000000E+00
  -678.800  0.000000E+00  0.000000E+00  0.000000E+00  0.000000E+00  0.000000E+00
  -678.700  0.000000E+00  0.000000E+00  0.000000E+00  0.000000E+00  0.000000E+00
  -678.600  0.000000E+00  0.000000E+00  0.000000E+00  0.000000E+00  0.000000E+00
  -678.500  0.000000E+00  0.000000E+00  0.000000E+00  0.000000E+00  0.000000E+00
  -678.400  0.000000E+00  0.000000E+00  0.000000E+00  0.000000E+00  0.000000E+00
  -678.300  0.000000E+00  0.000000E+00  0.000000E+00  0.000000E+00  0.000000E+00
  -678.200  0.000000E+00  0.000000E+00  0.000000E+00  0.000000E+00  0.000000E+00
  -678.100  0.000000E+00  0.000000E+00  0.000000E+00  0.000000E+00  0.000000E+00
  -678.000  0.000000E+00  0.000000E+00  0.000000E+00  0.000000E+00  0.000000E+00
  -677.900  0.000000E+00  0.000000E+00  0.000000E+00  0.000000E+00  0.000000E+00
  -677.800  0.000000E+00  0.000000E+00  0.000000E+00  0.000000E+00  0.000000E+00
  -677.700  0.000000E+00  0.000000E+00  0.000000E+00  0.000000E+00  0.000000E+00
  -677.600  0.000000E+00  0.000000E+00  0.000000E+00  0.000000E+00  0.000000E+00
  -677.500  0.000000E+00  0.000000E+00  0.000000E+00  0.000000E+00  0.000000E+00
  -677.400  0.000000E+00  0.000000E+00  0.000000E+00  0.000000E+00  0.000000E+00
  -677.300  0.000000E+00  0.000000E+00  0.000000E+00  0.000000E+00  0.000000E+00
  -677.200  0.000000E+00  0.000000E+00  0.000000E+00  0.000000E+00  0.000000E+00
  -677.100  0.000000E+00  0.000000E+00  0.000000E+00  0.000000E+00  0.000000E+00
  -677.000  0.000000E+00  0.000000E+00  0.000000E+00  0.000000E+00  0.000000E+00
  -676.900  0.000000E+00  0.000000E+00  0.000000E+00  0.000000E+00  0.000000E+00
  -676.800  0.000000E+00  0.000000E+00  0.000000E+00  0.000000E+00  0.000000E+00
  -676.700  0.000000E+00  0.000000E+00  0.000000E+00  0.000000E+00  0.000000E+00
  -676.600  0.000000E+00  0.000000E+00  0.000000E+00  0.000000E+00  0.000000E+00
  -676.500  0.000000E+00  0.000000E+00  0.000000E+00  0.000000E+00  0.000000E+00
  -676.400  0.000000E+00  0.000000E+00  0.000000E+00  0.000000E+00  0.000000E+00
  -676.300  0.000000E+00  0.000000E+00  0.000000E+00  0.000000E+00  0.000000E+00
  -676.200  0.000000E+00  0.000000E+00  0.000000E+00  0.000000E+00  0.000000E+00
  -676.100  0.000000E+00  0.000000E+00  0.000000E+00  0.000000E+00  0.000000E+00
  -676.000  0.000000E+00  0.000000E+00  0.000000E+00  0.000000E+00  0.000000E+00
  -675.900  0.000000E+00  0.000000E+00  0.000000E+00  0.000000E+00  0.000000E+00
  -675.800  0.000000E+00  0.000000E+00  0.000000E+00  0.000000E+00  0.000000E+00
  -675.700  0.000000E+00  0.000000E+00  0.000000E+00  0.000000E+00  0.000000E+00
  -675.600  0.000000E+00  0.000000E+00  0.000000E+00  0.000000E+00  0.000000E+00
  -675.500  0.000000E+00  0.000000E+00  0.000000E+00  0.000000E+00  0.000000E+00
  -675.400  0.000000E+00  0.000000E+00  0.000000E+00  0.000000E+00  0.000000E+00
  -675.300  0.000000E+00  0.000000E+00  0.000000E+00  0.000000E+00  0.000000E+00
  -675.200  0.000000E+00  0.000000E+00  0.000000E+00  0.000000E+00  0.000000E+00
  -675.100  0.000000E+00  0.000000E+00  0.000000E+00  0.000000E+00  0.000000E+00
  -675.000  0.000000E+00  0.000000E+00  0.000000E+00  0.000000E+00  0.000000E+00
  -674.900  0.000000E+00  0.000000E+00  0.000000E+00  0.000000E+00  0.000000E+00
  -674.800  0.000000E+00  0.000000E+00  0.000000E+00  0.000000E+00  0.000000E+00
  -674.700  0.000000E+00  0.000000E+00  0.000000E+00  0.000000E+00  0.000000E+00
  -674.600  0.000000E+00  0.000000E+00  0.000000E+00  0.000000E+00  0.000000E+00
  -674.500  0.000000E+00  0.000000E+00  0.000000E+00  0.000000E+00  0.000000E+00
  -674.400  0.000000E+00  0.000000E+00  0.000000E+00  0.000000E+00  0.000000E+00
  -674.300  0.000000E+00  0.000000E+00  0.000000E+00  0.000000E+00  0.000000E+00
  -674.200  0.000000E+00  0.000000E+00  0.000000E+00  0.000000E+00  0.000000E+00
  -674.100  0.000000E+00  0.000000E+00  0.000000E+00  0.000000E+00  0.000000E+00
  -674.000  0.000000E+00  0.000000E+00  0.000000E+00  0.000000E+00  0.000000E+00
  -673.900  0.000000E+00  0.000000E+00  0.000000E+00  0.000000E+00  0.000000E+00
  -673.800  0.000000E+00  0.000000E+00  0.000000E+00  0.000000E+00  0.000000E+00
  -673.700  0.000000E+00  0.000000E+00  0.000000E+00  0.000000E+00  0.000000E+00
  -673.600  0.000000E+00  0.000000E+00  0.000000E+00  0.000000E+00  0.000000E+00
  -673.500  0.000000E+00  0.000000E+00  0.000000E+00  0.000000E+00  0.000000E+00
  -673.400  0.000000E+00  0.000000E+00  0.000000E+00  0.000000E+00  0.000000E+00
  -673.300  0.000000E+00  0.000000E+00  0.000000E+00  0.000000E+00  0.000000E+00
  -673.200  0.000000E+00  0.000000E+00  0.000000E+00  0.000000E+00  0.000000E+00
  -673.100  0.000000E+00  0.000000E+00  0.000000E+00  0.000000E+00  0.000000E+00
  -673.000  0.000000E+00  0.000000E+00  0.000000E+00  0.000000E+00  0.000000E+00
  -672.900  0.000000E+00  0.000000E+00  0.000000E+00  0.000000E+00  0.000000E+00
  -672.800  0.000000E+00  0.000000E+00  0.000000E+00  0.000000E+00  0.000000E+00
  -672.700  0.000000E+00  0.000000E+00  0.000000E+00  0.000000E+00  0.000000E+00
  -672.600  0.000000E+00  0.000000E+00  0.000000E+00  0.000000E+00  0.000000E+00
  -672.500  0.000000E+00  0.000000E+00  0.000000E+00  0.000000E+00  0.000000E+00
  -672.400  0.000000E+00  0.000000E+00  0.000000E+00  0.000000E+00  0.000000E+00
  -672.300  0.000000E+00  0.000000E+00  0.000000E+00  0.000000E+00  0.000000E+00
  -672.200  0.000000E+00  0.000000E+00  0.000000E+00  0.000000E+00  0.000000E+00
  -672.100  0.000000E+00  0.000000E+00  0.000000E+00  0.000000E+00  0.000000E+00
  -672.000  0.000000E+00  0.000000E+00  0.000000E+00  0.000000E+00  0.000000E+00
  -671.900  0.000000E+00  0.000000E+00  0.000000E+00  0.000000E+00  0.000000E+00
  -671.800  0.000000E+00  0.000000E+00  0.000000E+00  0.000000E+00  0.000000E+00
  -671.700  0.000000E+00  0.000000E+00  0.000000E+00  0.000000E+00  0.000000E+00
  -671.600  0.000000E+00  0.000000E+00  0.000000E+00  0.000000E+00  0.000000E+00
  -671.500  0.000000E+00  0.000000E+00  0.000000E+00  0.000000E+00  0.000000E+00
  -671.400  0.000000E+00  0.000000E+00  0.000000E+00  0.000000E+00  0.000000E+00
  -671.300  0.000000E+00  0.000000E+00  0.000000E+00  0.000000E+00  0.000000E+00
  -671.200  0.000000E+00  0.000000E+00  0.000000E+00  0.000000E+00  0.000000E+00
  -671.100  0.000000E+00  0.000000E+00  0.000000E+00  0.000000E+00  0.000000E+00
  -671.000  0.000000E+00  0.000000E+00  0.000000E+00  0.000000E+00  0.000000E+00
  -670.900  0.000000E+00  0.000000E+00  0.000000E+00  0.000000E+00  0.000000E+00
  -670.800  0.000000E+00  0.000000E+00  0.000000E+00  0.000000E+00  0.000000E+00
  -670.700  0.000000E+00  0.000000E+00  0.000000E+00  0.000000E+00  0.000000E+00
  -670.600  0.000000E+00  0.000000E+00  0.000000E+00  0.000000E+00  0.000000E+00
  -670.500  0.000000E+00  0.000000E+00  0.000000E+00  0.000000E+00  0.000000E+00
  -670.400  0.000000E+00  0.000000E+00  0.000000E+00  0.000000E+00  0.000000E+00
  -670.300  0.000000E+00  0.000000E+00  0.000000E+00  0.000000E+00  0.000000E+00
  -670.200  0.000000E+00  0.000000E+00  0.000000E+00  0.000000E+00  0.000000E+00
  -670.100  0.000000E+00  0.000000E+00  0.000000E+00  0.000000E+00  0.000000E+00
  -670.000  0.000000E+00  0.000000E+00  0.000000E+00  0.000000E+00  0.000000E+00
  -669.900  0.000000E+00  0.000000E+00  0.000000E+00  0.000000E+00  0.000000E+00
  -669.800  0.000000E+00  0.000000E+00  0.000000E+00  0.000000E+00  0.000000E+00
  -669.700  0.000000E+00  0.000000E+00  0.000000E+00  0.000000E+00  0.000000E+00
  -669.600  0.000000E+00  0.000000E+00  0.000000E+00  0.000000E+00  0.000000E+00
  -669.500  0.000000E+00  0.000000E+00  0.000000E+00  0.000000E+00  0.000000E+00
  -669.400  0.000000E+00  0.000000E+00  0.000000E+00  0.000000E+00  0.000000E+00
  -669.300  0.000000E+00  0.000000E+00  0.000000E+00  0.000000E+00  0.000000E+00
  -669.200  0.000000E+00  0.000000E+00  0.000000E+00  0.000000E+00  0.000000E+00
  -669.100  0.000000E+00  0.000000E+00  0.000000E+00  0.000000E+00  0.000000E+00
  -669.000  0.000000E+00  0.000000E+00  0.000000E+00  0.000000E+00  0.000000E+00
  -668.900  0.000000E+00  0.000000E+00  0.000000E+00  0.000000E+00  0.000000E+00
  -668.800  0.000000E+00  0.000000E+00  0.000000E+00  0.000000E+00  0.000000E+00
  -668.700  0.000000E+00  0.000000E+00  0.000000E+00  0.000000E+00  0.000000E+00
  -668.600  0.000000E+00  0.000000E+00  0.000000E+00  0.000000E+00  0.000000E+00
  -668.500  0.000000E+00  0.000000E+00  0.000000E+00  0.000000E+00  0.000000E+00
  -668.400  0.000000E+00  0.000000E+00  0.000000E+00  0.000000E+00  0.000000E+00
  -668.300  0.000000E+00  0.000000E+00  0.000000E+00  0.000000E+00  0.000000E+00
  -668.200  0.000000E+00  0.000000E+00  0.000000E+00  0.000000E+00  0.000000E+00
  -668.100  0.000000E+00  0.000000E+00  0.000000E+00  0.000000E+00  0.000000E+00
  -668.000  0.000000E+00  0.000000E+00  0.000000E+00  0.000000E+00  0.000000E+00
  -667.900  0.000000E+00  0.000000E+00  0.000000E+00  0.000000E+00  0.000000E+00
  -667.800  0.000000E+00  0.000000E+00  0.000000E+00  0.000000E+00  0.000000E+00
  -667.700  0.000000E+00  0.000000E+00  0.000000E+00  0.000000E+00  0.000000E+00
  -667.600  0.000000E+00  0.000000E+00  0.000000E+00  0.000000E+00  0.000000E+00
  -667.500  0.000000E+00  0.000000E+00  0.000000E+00  0.000000E+00  0.000000E+00
  -667.400  0.000000E+00  0.000000E+00  0.000000E+00  0.000000E+00  0.000000E+00
  -667.300  0.000000E+00  0.000000E+00  0.000000E+00  0.000000E+00  0.000000E+00
  -667.200  0.000000E+00  0.000000E+00  0.000000E+00  0.000000E+00  0.000000E+00
  -667.100  0.000000E+00  0.000000E+00  0.000000E+00  0.000000E+00  0.000000E+00
  -667.000  0.000000E+00  0.000000E+00  0.000000E+00  0.000000E+00  0.000000E+00
  -666.900  0.000000E+00  0.000000E+00  0.000000E+00  0.000000E+00  0.000000E+00
  -666.800  0.000000E+00  0.000000E+00  0.000000E+00  0.000000E+00  0.000000E+00
  -666.700  0.000000E+00  0.000000E+00  0.000000E+00  0.000000E+00  0.000000E+00
  -666.600  0.000000E+00  0.000000E+00  0.000000E+00  0.000000E+00  0.000000E+00
  -666.500  0.000000E+00  0.000000E+00  0.000000E+00  0.000000E+00  0.000000E+00
  -666.400  0.000000E+00  0.000000E+00  0.000000E+00  0.000000E+00  0.000000E+00
  -666.300  0.000000E+00  0.000000E+00  0.000000E+00  0.000000E+00  0.000000E+00
  -666.200  0.000000E+00  0.000000E+00  0.000000E+00  0.000000E+00  0.000000E+00
  -666.100  0.000000E+00  0.000000E+00  0.000000E+00  0.000000E+00  0.000000E+00
  -666.000  0.000000E+00  0.000000E+00  0.000000E+00  0.000000E+00  0.000000E+00
  -665.900  0.000000E+00  0.000000E+00  0.000000E+00  0.000000E+00  0.000000E+00
  -665.800  0.000000E+00  0.000000E+00  0.000000E+00  0.000000E+00  0.000000E+00
  -665.700  0.000000E+00  0.000000E+00  0.000000E+00  0.000000E+00  0.000000E+00
  -665.600  0.000000E+00  0.000000E+00  0.000000E+00  0.000000E+00  0.000000E+00
  -665.500  0.000000E+00  0.000000E+00  0.000000E+00  0.000000E+00  0.000000E+00
  -665.400  0.000000E+00  0.000000E+00  0.000000E+00  0.000000E+00  0.000000E+00
  -665.300  0.000000E+00  0.000000E+00  0.000000E+00  0.000000E+00  0.000000E+00
  -665.200  0.160803E-04  0.000000E+00  0.000000E+00  0.000000E+00  0.000000E+00
  -665.100  0.220805E-04  0.000000E+00  0.000000E+00  0.000000E+00  0.000000E+00
  -665.000  0.300352E-04  0.000000E+00  0.000000E+00  0.000000E+00  0.000000E+00
  -664.900  0.404815E-04  0.000000E+00  0.000000E+00  0.000000E+00  0.000000E+00
  -664.800  0.540744E-04  0.000000E+00  0.000000E+00  0.000000E+00  0.000000E+00
  -664.700  0.716062E-04  0.000000E+00  0.000000E+00  0.000000E+00  0.000000E+00
  -664.600  0.940283E-04  0.000000E+00  0.000000E+00  0.000000E+00  0.000000E+00
  -664.500  0.122475E-03  0.000000E+00  0.000000E+00  0.000000E+00  0.000000E+00
  -664.400  0.158291E-03  0.178279E-04  0.000000E+00  0.000000E+00  0.000000E+00
  -664.300  0.203064E-03  0.244238E-04  0.175842E-04  0.148860E-04  0.000000E+00
  -664.200  0.258655E-03  0.333027E-04  0.243055E-04  0.207252E-04  0.000000E+00
  -664.100  0.327245E-03  0.451997E-04  0.334422E-04  0.287221E-04  0.181699E-04
  -664.000  0.411373E-03  0.610650E-04  0.458008E-04  0.396185E-04  0.256356E-04
  -663.900  0.513987E-03  0.821183E-04  0.624307E-04  0.543861E-04  0.359785E-04
  -663.800  0.638493E-03  0.109912E-03  0.846863E-04  0.742876E-04  0.502171E-04
  -663.700  0.788810E-03  0.146408E-03  0.114300E-03  0.100949E-03  0.696891E-04
  -663.600  0.969417E-03  0.194058E-03  0.153468E-03  0.136445E-03  0.961344E-04
  -663.500  0.118540E-02  0.255905E-03  0.204949E-03  0.183397E-03  0.131795E-03
  -663.400  0.144251E-02  0.335685E-03  0.272173E-03  0.245087E-03  0.179530E-03
  -663.300  0.174714E-02  0.437946E-03  0.359368E-03  0.325588E-03  0.242951E-03
  -663.200  0.210642E-02  0.568167E-03  0.471695E-03  0.429898E-03  0.326582E-03
  -663.100  0.252812E-02  0.732901E-03  0.615402E-03  0.564108E-03  0.436031E-03
  -663.000  0.302073E-02  0.939909E-03  0.797983E-03  0.735573E-03  0.578199E-03
  -662.900  0.359340E-02  0.119832E-02  0.102837E-02  0.953111E-03  0.761516E-03
  -662.800  0.425595E-02  0.151882E-02  0.131714E-02  0.122722E-02  0.996206E-03
  -662.700  0.501887E-02  0.191383E-02  0.167674E-02  0.157037E-02  0.129461E-02
  -662.600  0.589341E-02  0.239777E-02  0.212181E-02  0.199724E-02  0.167157E-02
  -662.500  0.689173E-02  0.298738E-02  0.266950E-02  0.252520E-02  0.214487E-02
  -662.400  0.802711E-02  0.370207E-02  0.333992E-02  0.317467E-02  0.273581E-02
  -662.300  0.931438E-02  0.456446E-02  0.415672E-02  0.396979E-02  0.346986E-02
  -662.200  0.107704E-01  0.560102E-02  0.514774E-02  0.493909E-02  0.437754E-02
  -662.100  0.124150E-01  0.684287E-02  0.634594E-02  0.611644E-02  0.549544E-02
  -662.000  0.142715E-01  0.832687E-02  0.779045E-02  0.754214E-02  0.686743E-02
  -661.900  0.163684E-01  0.100968E-01  0.952789E-02  0.926429E-02  0.854620E-02
  -661.800  0.187402E-01  0.122049E-01  0.116140E-01  0.113404E-01  0.105949E-01
  -661.700  0.214291E-01  0.147135E-01  0.141152E-01  0.138391E-01  0.130893E-01
  -661.600  0.244866E-01  0.176972E-01  0.171109E-01  0.168424E-01  0.161198E-01
  -661.500  0.279747E-01  0.212447E-01  0.206954E-01  0.204477E-01  0.197935E-01
  -661.400  0.319680E-01  0.254608E-01  0.249801E-01  0.247698E-01  0.242372E-01
  -661.300  0.365542E-01  0.304686E-01  0.300956E-01  0.299435E-01  0.295990E-01
  -661.200  0.418353E-01  0.364112E-01  0.361934E-01  0.361247E-01  0.360501E-01
  -661.100  0.479282E-01  0.434527E-01  0.434472E-01  0.434923E-01  0.437866E-01
  -661.000  0.549637E-01  0.517786E-01  0.520530E-01  0.522481E-01  0.530295E-01
  -660.900  0.630863E-01  0.615954E-01  0.622290E-01  0.626166E-01  0.640237E-01
  -660.800  0.724512E-01  0.731285E-01  0.742132E-01  0.748423E-01  0.770362E-01
  -660.700  0.832219E-01  0.866186E-01  0.882596E-01  0.891864E-01  0.923516E-01
  -660.600  0.955649E-01  0.102316E+00  0.104633E+00  0.105921E+00  0.110266E+00
  -660.500  0.109645E+00  0.120475E+00  0.123600E+00  0.125321E+00  0.131078E+00
  -660.400  0.125616E+00  0.141341E+00  0.145422E+00  0.147653E+00  0.155077E+00
  -660.300  0.143617E+00  0.165141E+00  0.170338E+00  0.173165E+00  0.182533E+00
  -660.200  0.163758E+00  0.192070E+00  0.198556E+00  0.202070E+00  0.213677E+00
  -660.100  0.186113E+00  0.222278E+00  0.230234E+00  0.234530E+00  0.248684E+00
  -660.000  0.210710E+00  0.255850E+00  0.265464E+00  0.270641E+00  0.287659E+00
  -659.900  0.237518E+00  0.292793E+00  0.304256E+00  0.310414E+00  0.330612E+00
  -659.800  0.266443E+00  0.333021E+00  0.346523E+00  0.353761E+00  0.377449E+00
  -659.700  0.297315E+00  0.376344E+00  0.392066E+00  0.400477E+00  0.427948E+00
  -659.600  0.329889E+00  0.422454E+00  0.440566E+00  0.450236E+00  0.481755E+00
  -659.500  0.363837E+00  0.470927E+00  0.491576E+00  0.502580E+00  0.538376E+00
  -659.400  0.398756E+00  0.521215E+00  0.544524E+00  0.556925E+00  0.597176E+00
  -659.300  0.434169E+00  0.572660E+00  0.598720E+00  0.612560E+00  0.657388E+00
  -659.200  0.469536E+00  0.624505E+00  0.653367E+00  0.668671E+00  0.718130E+00
  -659.100  0.504273E+00  0.675910E+00  0.707586E+00  0.724354E+00  0.778429E+00
  -659.000  0.537762E+00  0.725984E+00  0.760439E+00  0.778650E+00  0.837249E+00
  -658.900  0.569380E+00  0.773812E+00  0.810965E+00  0.830574E+00  0.893531E+00
  -658.800  0.598516E+00  0.818490E+00  0.858215E+00  0.879152E+00  0.946229E+00
  -658.700  0.624597E+00  0.859160E+00  0.901288E+00  0.923462E+00  0.994358E+00
  -658.600  0.647112E+00  0.895046E+00  0.939368E+00  0.962670E+00  0.103703E+01
  -658.500  0.665630E+00  0.925481E+00  0.971760E+00  0.996065E+00  0.107349E+01
  -658.400  0.679818E+00  0.949941E+00  0.997914E+00  0.102309E+01  0.110316E+01
  -658.300  0.689457E+00  0.968057E+00  0.101744E+01  0.104334E+01  0.112562E+01
  -658.200  0.694442E+00  0.979628E+00  0.103014E+01  0.105662E+01  0.114068E+01
  -658.100  0.694792E+00  0.984627E+00  0.103598E+01  0.106290E+01  0.114832E+01
  -658.000  0.690638E+00  0.983187E+00  0.103511E+01  0.106233E+01  0.114873E+01
  -657.900  0.682220E+00  0.975592E+00  0.102782E+01  0.105521E+01  0.114223E+01
  -657.800  0.669865E+00  0.962255E+00  0.101453E+01  0.104198E+01  0.112930E+01
  -657.700  0.653976E+00  0.943687E+00  0.995794E+00  0.102319E+01  0.111053E+01
  -657.600  0.635004E+00  0.920474E+00  0.972201E+00  0.999447E+00  0.108655E+01
  -657.500  0.613435E+00  0.893241E+00  0.944400E+00  0.971408E+00  0.105806E+01
  -657.400  0.589758E+00  0.862629E+00  0.913047E+00  0.939735E+00  0.102572E+01
  -657.300  0.564455E+00  0.829266E+00  0.878782E+00  0.905074E+00  0.990189E+00
  -657.200  0.537978E+00  0.793746E+00  0.842211E+00  0.868033E+00  0.952072E+00
  -657.100  0.510737E+00  0.756616E+00  0.803885E+00  0.829166E+00  0.911912E+00
  -657.000  0.483094E+00  0.718363E+00  0.764299E+00  0.788963E+00  0.870182E+00
  -656.900  0.455353E+00  0.679413E+00  0.723880E+00  0.747854E+00  0.827290E+00
  -656.800  0.427763E+00  0.640130E+00  0.682994E+00  0.706202E+00  0.783584E+00
  -656.700  0.400521E+00  0.600819E+00  0.641953E+00  0.664318E+00  0.739357E+00
  -656.600  0.373775E+00  0.561738E+00  0.601019E+00  0.622466E+00  0.694867E+00
  -656.500  0.347639E+00  0.523103E+00  0.560417E+00  0.580875E+00  0.650342E+00
  -656.400  0.322192E+00  0.485100E+00  0.520348E+00  0.539749E+00  0.605998E+00
  -656.300  0.297496E+00  0.447896E+00  0.480991E+00  0.499276E+00  0.562047E+00
  -656.200  0.273603E+00  0.411641E+00  0.442518E+00  0.459639E+00  0.518703E+00
  -656.100  0.250558E+00  0.376482E+00  0.405096E+00  0.421016E+00  0.476187E+00
  -656.000  0.228408E+00  0.342557E+00  0.368890E+00  0.383585E+00  0.434726E+00
  -655.900  0.207202E+00  0.310004E+00  0.334060E+00  0.347523E+00  0.394551E+00
  -655.800  0.186996E+00  0.278954E+00  0.300764E+00  0.313001E+00  0.355891E+00
  -655.700  0.167845E+00  0.249530E+00  0.269148E+00  0.280181E+00  0.318966E+00
  -655.600  0.149806E+00  0.221842E+00  0.239346E+00  0.249211E+00  0.283978E+00
  -655.500  0.132934E+00  0.195984E+00  0.211472E+00  0.220216E+00  0.251103E+00
  -655.400  0.117271E+00  0.172028E+00  0.185614E+00  0.193296E+00  0.220484E+00
  -655.300  0.102853E+00  0.150018E+00  0.161830E+00  0.168519E+00  0.192225E+00
  -655.200  0.896966E-01  0.129973E+00  0.140149E+00  0.145917E+00  0.166387E+00
  -655.100  0.778043E-01  0.111880E+00  0.120563E+00  0.125489E+00  0.142989E+00
  -655.000  0.671594E-01  0.956999E-01  0.103035E+00  0.107199E+00  0.122005E+00
  -654.900  0.577275E-01  0.813644E-01  0.874957E-01  0.909789E-01  0.103370E+00
  -654.800  0.494585E-01  0.687833E-01  0.738507E-01  0.767312E-01  0.869829E-01
  -654.700  0.422882E-01  0.578467E-01  0.619836E-01  0.643366E-01  0.727153E-01
  -654.600  0.361415E-01  0.484308E-01  0.517619E-01  0.536582E-01  0.604154E-01
  -654.500  0.309360E-01  0.404025E-01  0.430426E-01  0.445475E-01  0.499165E-01
  -654.400  0.265852E-01  0.336249E-01  0.356781E-01  0.368511E-01  0.410447E-01
  -654.300  0.230017E-01  0.279616E-01  0.295208E-01  0.304150E-01  0.336241E-01
  -654.200  0.201005E-01  0.232810E-01  0.244280E-01  0.250903E-01  0.274837E-01
  -654.100  0.178012E-01  0.194599E-01  0.202656E-01  0.207368E-01  0.224615E-01
  -654.000  0.160302E-01  0.163856E-01  0.169110E-01  0.172263E-01  0.184088E-01
  -653.900  0.147226E-01  0.139587E-01  0.142557E-01  0.144448E-01  0.151930E-01
  -653.800  0.138228E-01  0.120946E-01  0.122068E-01  0.122949E-01  0.126997E-01
  -653.700  0.132866E-01  0.107246E-01  0.106887E-01  0.106969E-01  0.108350E-01
  -653.600  0.130818E-01  0.979732E-02  0.964405E-02  0.959023E-02  0.952627E-02
  -653.500  0.131897E-01  0.927987E-02  0.903545E-02  0.893472E-02  0.872370E-02
  -653.400  0.136067E-01  0.915959E-02  0.884667E-02  0.871212E-02  0.840172E-02
  -653.300  0.143468E-01  0.944597E-02  0.908468E-02  0.892790E-02  0.856060E-02
  -653.200  0.154444E-01  0.101732E-01  0.978206E-02  0.961374E-02  0.922855E-02
  -653.100  0.169581E-01  0.114035E-01  0.110002E-01  0.108304E-01  0.104643E-01
  -653.000  0.189755E-01  0.132312E-01  0.128330E-01  0.126716E-01  0.123605E-01
  -652.900  0.216191E-01  0.157875E-01  0.154116E-01  0.152683E-01  0.150473E-01
  -652.800  0.250528E-01  0.192462E-01  0.189098E-01  0.187940E-01  0.186971E-01
  -652.700  0.294899E-01  0.238301E-01  0.235496E-01  0.234705E-01  0.235296E-01
  -652.600  0.352011E-01  0.298179E-01  0.296087E-01  0.295742E-01  0.298175E-01
  -652.500  0.425244E-01  0.375517E-01  0.374268E-01  0.374435E-01  0.378925E-01
  -652.400  0.518737E-01  0.474451E-01  0.474135E-01  0.474854E-01  0.481522E-01
  -652.300  0.637484E-01  0.599907E-01  0.600559E-01  0.601838E-01  0.610672E-01
  -652.200  0.787427E-01  0.757678E-01  0.759261E-01  0.761062E-01  0.771875E-01
  -652.100  0.975537E-01  0.954501E-01  0.956883E-01  0.959112E-01  0.971509E-01
  -652.000  0.120988E+00  0.119812E+00  0.120106E+00  0.120355E+00  0.121689E+00
  -651.900  0.149970E+00  0.149732E+00  0.150045E+00  0.150299E+00  0.151635E+00
  -651.800  0.185541E+00  0.186202E+00  0.186484E+00  0.186709E+00  0.187927E+00
  -651.700  0.228866E+00  0.230321E+00  0.230507E+00  0.230666E+00  0.231615E+00
  -651.600  0.281228E+00  0.283300E+00  0.283312E+00  0.283356E+00  0.283859E+00
  -651.500  0.344026E+00  0.346453E+00  0.346198E+00  0.346074E+00  0.345929E+00
  -651.400  0.418761E+00  0.421185E+00  0.420559E+00  0.420206E+00  0.419191E+00
  -651.300  0.507017E+00  0.508976E+00  0.507865E+00  0.507217E+00  0.505094E+00
  -651.200  0.610439E+00  0.611351E+00  0.609629E+00  0.608617E+00  0.605139E+00
  -651.100  0.730686E+00  0.729837E+00  0.727373E+00  0.725925E+00  0.720843E+00
  -651.000  0.869384E+00  0.865916E+00  0.862570E+00  0.860610E+00  0.853676E+00
  -650.900  0.102805E+01  0.102095E+01  0.101657E+01  0.101403E+01  0.100500E+01
  -650.800  0.120801E+01  0.119609E+01  0.119054E+01  0.118733E+01  0.117596E+01
  -650.700  0.141027E+01  0.139221E+01  0.138531E+01  0.138135E+01  0.136741E+01
  -650.600  0.163545E+01  0.160974E+01  0.160133E+01  0.159654E+01  0.157980E+01
  -650.500  0.188360E+01  0.184860E+01  0.183849E+01  0.183280E+01  0.181303E+01
  -650.400  0.215406E+01  0.210806E+01  0.209608E+01  0.208939E+01  0.206635E+01
  -650.300  0.244541E+01  0.238665E+01  0.237260E+01  0.236484E+01  0.233830E+01
  -650.200  0.275529E+01  0.268208E+01  0.266578E+01  0.265684E+01  0.262657E+01
  -650.100  0.308037E+01  0.299118E+01  0.297244E+01  0.296225E+01  0.292803E+01
  -650.000  0.341635E+01  0.330992E+01  0.328859E+01  0.327706E+01  0.323870E+01
  -649.900  0.375794E+01  0.363345E+01  0.360942E+01  0.359650E+01  0.355383E+01
  -649.800  0.409904E+01  0.395624E+01  0.392943E+01  0.391509E+01  0.386803E+01
  -649.700  0.443290E+01  0.427221E+01  0.424263E+01  0.422687E+01  0.417540E+01
  -649.600  0.475230E+01  0.457497E+01  0.454272E+01  0.452559E+01  0.446982E+01
  -649.500  0.504994E+01  0.485807E+01  0.482336E+01  0.480495E+01  0.474514E+01
  -649.400  0.531867E+01  0.511530E+01  0.507845E+01  0.505891E+01  0.499548E+01
  -649.300  0.555188E+01  0.534093E+01  0.530239E+01  0.528193E+01  0.521548E+01
  -649.200  0.574381E+01  0.553001E+01  0.549033E+01  0.546923E+01  0.540053E+01
  -649.100  0.588981E+01  0.567854E+01  0.563840E+01  0.561699E+01  0.554698E+01
  -649.000  0.598657E+01  0.578366E+01  0.574384E+01  0.572249E+01  0.565225E+01
  -648.900  0.603225E+01  0.584376E+01  0.580507E+01  0.578419E+01  0.571493E+01
  -648.800  0.602654E+01  0.585845E+01  0.582175E+01  0.580177E+01  0.573477E+01
  -648.700  0.597063E+01  0.582856E+01  0.579470E+01  0.577604E+01  0.571258E+01
  -648.600  0.586706E+01  0.575600E+01  0.572578E+01  0.570886E+01  0.565019E+01
  -648.500  0.571958E+01  0.564362E+01  0.561775E+01  0.560293E+01  0.555020E+01
  -648.400  0.553288E+01  0.549501E+01  0.547409E+01  0.546169E+01  0.541590E+01
  -648.300  0.531236E+01  0.531431E+01  0.529879E+01  0.528905E+01  0.525101E+01
  -648.200  0.506380E+01  0.510603E+01  0.509617E+01  0.508926E+01  0.505956E+01
  -648.100  0.479320E+01  0.487481E+01  0.487073E+01  0.486672E+01  0.484568E+01
  -648.000  0.450646E+01  0.462533E+01  0.462696E+01  0.462584E+01  0.461356E+01
  -647.900  0.420922E+01  0.436216E+01  0.436925E+01  0.437094E+01  0.436727E+01
  -647.800  0.390675E+01  0.408964E+01  0.410183E+01  0.410615E+01  0.411071E+01
  -647.700  0.360379E+01  0.381185E+01  0.382864E+01  0.383538E+01  0.384761E+01
  -647.600  0.330450E+01  0.353256E+01  0.355336E+01  0.356224E+01  0.358143E+01
  -647.500  0.301245E+01  0.325516E+01  0.327933E+01  0.329004E+01  0.331539E+01
  -647.400  0.273061E+01  0.298269E+01  0.300956E+01  0.302179E+01  0.305241E+01
  -647.300  0.246136E+01  0.271782E+01  0.274672E+01  0.276015E+01  0.279515E+01
  -647.200  0.220653E+01  0.246282E+01  0.249312E+01  0.250743E+01  0.254592E+01
  -647.100  0.196745E+01  0.221959E+01  0.225069E+01  0.226559E+01  0.230672E+01
  -647.000  0.174499E+01  0.198963E+01  0.202101E+01  0.203624E+01  0.207922E+01
  -646.900  0.153962E+01  0.177408E+01  0.180528E+01  0.182060E+01  0.186470E+01
  -646.800  0.135145E+01  0.157369E+01  0.160433E+01  0.161953E+01  0.166412E+01
  -646.700  0.118026E+01  0.138888E+01  0.141863E+01  0.143355E+01  0.147806E+01
  -646.600  0.102561E+01  0.121973E+01  0.124836E+01  0.126285E+01  0.130678E+01
  -646.500  0.886836E+00  0.106605E+01  0.109335E+01  0.110730E+01  0.115023E+01
  -646.400  0.763103E+00  0.927382E+00  0.953210E+00  0.966528E+00  0.100810E+01
  -646.300  0.653465E+00  0.803074E+00  0.827335E+00  0.839951E+00  0.879851E+00
  -646.200  0.556895E+00  0.692320E+00  0.714947E+00  0.726808E+00  0.764780E+00
  -646.100  0.472323E+00  0.594200E+00  0.615157E+00  0.626226E+00  0.662058E+00
  -646.000  0.398670E+00  0.507732E+00  0.527008E+00  0.537259E+00  0.570784E+00
  -645.900  0.334870E+00  0.431908E+00  0.449511E+00  0.458931E+00  0.490025E+00
  -645.800  0.279898E+00  0.365726E+00  0.381682E+00  0.390270E+00  0.418850E+00
  -645.700  0.232780E+00  0.308219E+00  0.322568E+00  0.330332E+00  0.356359E+00
  -645.600  0.192609E+00  0.258468E+00  0.271268E+00  0.278226E+00  0.301700E+00
  -645.500  0.158550E+00  0.215621E+00  0.226940E+00  0.233118E+00  0.254081E+00
  -645.400  0.129840E+00  0.178892E+00  0.188811E+00  0.194245E+00  0.212773E+00
  -645.300  0.105795E+00  0.147568E+00  0.156176E+00  0.160908E+00  0.177111E+00
  -645.200  0.858030E-01  0.121004E+00  0.128399E+00  0.132476E+00  0.146492E+00
  -645.100  0.693210E-01  0.986216E-01  0.104906E+00  0.108381E+00  0.120369E+00
  -645.000  0.558736E-01  0.799027E-01  0.851821E-01  0.881096E-01  0.982424E-01
  -644.900  0.450471E-01  0.643864E-01  0.687656E-01  0.712015E-01  0.796619E-01
  -644.800  0.364863E-01  0.516643E-01  0.552454E-01  0.572447E-01  0.642163E-01
  -644.700  0.298908E-01  0.413772E-01  0.442566E-01  0.458721E-01  0.515341E-01
  -644.600  0.250120E-01  0.332126E-01  0.354790E-01  0.367598E-01  0.412814E-01
  -644.500  0.216508E-01  0.269035E-01  0.286362E-01  0.296264E-01  0.331626E-01
  -644.400  0.196559E-01  0.222279E-01  0.234948E-01  0.242331E-01  0.269207E-01
  -644.300  0.189225E-01  0.190092E-01  0.198661E-01  0.203846E-01  0.223403E-01
  -644.200  0.193921E-01  0.171171E-01  0.176072E-01  0.179313E-01  0.192497E-01
  -644.100  0.210524E-01  0.164698E-01  0.166232E-01  0.167716E-01  0.175251E-01
  -644.000  0.239390E-01  0.170369E-01  0.168712E-01  0.168556E-01  0.170940E-01
  -643.900  0.281368E-01  0.188427E-01  0.183633E-01  0.181891E-01  0.179409E-01
  -643.800  0.337841E-01  0.219715E-01  0.211727E-01  0.208390E-01  0.201127E-01
  -643.700  0.410760E-01  0.265728E-01  0.254387E-01  0.249394E-01  0.237250E-01
  -643.600  0.502704E-01  0.328680E-01  0.313740E-01  0.306982E-01  0.289695E-01
  -643.500  0.616938E-01  0.411568E-01  0.392712E-01  0.384039E-01  0.361210E-01
  -643.400  0.757475E-01  0.518241E-01  0.495096E-01  0.484326E-01  0.455439E-01
  -643.300  0.929135E-01  0.653447E-01  0.625598E-01  0.612525E-01  0.576973E-01
  -643.200  0.113758E+00  0.822858E-01  0.789865E-01  0.774265E-01  0.731374E-01
  -643.100  0.138929E+00  0.103305E+00  0.994459E-01  0.976098E-01  0.925141E-01
  -643.000  0.169156E+00  0.129143E+00  0.124678E+00  0.122541E+00  0.116563E+00
  -642.900  0.205232E+00  0.160605E+00  0.155488E+00  0.153028E+00  0.146087E+00
  -642.800  0.247992E+00  0.198539E+00  0.192725E+00  0.189916E+00  0.181933E+00
  -642.700  0.298284E+00  0.243797E+00  0.237241E+00  0.234058E+00  0.224949E+00
  -642.600  0.356919E+00  0.297191E+00  0.289847E+00  0.286265E+00  0.275943E+00
  -642.500  0.424623E+00  0.359436E+00  0.351257E+00  0.347250E+00  0.335625E+00
  -642.400  0.501975E+00  0.431090E+00  0.422026E+00  0.417566E+00  0.404544E+00
  -642.300  0.589337E+00  0.512489E+00  0.502487E+00  0.497546E+00  0.483026E+00
  -642.200  0.686798E+00  0.603691E+00  0.592694E+00  0.587240E+00  0.571114E+00
  -642.100  0.794120E+00  0.704423E+00  0.692370E+00  0.686370E+00  0.668524E+00
  -642.000  0.910699E+00  0.814055E+00  0.800880E+00  0.794297E+00  0.774612E+00
  -641.900  0.103556E+01  0.931594E+00  0.917229E+00  0.910026E+00  0.888375E+00
  -641.800  0.116740E+01  0.105571E+01  0.104009E+01  0.103222E+01  0.100848E+01
  -641.700  0.130459E+01  0.118482E+01  0.116785E+01  0.115929E+01  0.113332E+01
  -641.600  0.144534E+01  0.131714E+01  0.129876E+01  0.128946E+01  0.126113E+01
  -641.500  0.158781E+01  0.145086E+01  0.143100E+01  0.142092E+01  0.139009E+01
  -641.400  0.173024E+01  0.158428E+01  0.156286E+01  0.155196E+01  0.151851E+01
  -641.300  0.187113E+01  0.171596E+01  0.169291E+01  0.168116E+01  0.164494E+01
  -641.200  0.200943E+01  0.184488E+01  0.182013E+01  0.180747E+01  0.176836E+01
  -641.100  0.214463E+01  0.197055E+01  0.194404E+01  0.193044E+01  0.188829E+01
  -641.000  0.227686E+01  0.209313E+01  0.206477E+01  0.205019E+01  0.200487E+01
  -640.900  0.240693E+01  0.221339E+01  0.218310E+01  0.216749E+01  0.211885E+01
  -640.800  0.253626E+01  0.233270E+01  0.230040E+01  0.228372E+01  0.223160E+01
  -640.700  0.266675E+01  0.245288E+01  0.241849E+01  0.240069E+01  0.234494E+01
  -640.600  0.280058E+01  0.257604E+01  0.253946E+01  0.252049E+01  0.246095E+01
  -640.500  0.293992E+01  0.270427E+01  0.266541E+01  0.264523E+01  0.258176E+01
  -640.400  0.308664E+01  0.283939E+01  0.279817E+01  0.277674E+01  0.270922E+01
  -640.300  0.324201E+01  0.298263E+01  0.293900E+01  0.291629E+01  0.284464E+01
  -640.200  0.340635E+01  0.313440E+01  0.308832E+01  0.306431E+01  0.298852E+01
  -640.100  0.357884E+01  0.329402E+01  0.324550E+01  0.322020E+01  0.314033E+01
  -640.000  0.375737E+01  0.345962E+01  0.340872E+01  0.338218E+01  0.329836E+01
  -639.900  0.393851E+01  0.362809E+01  0.357495E+01  0.354723E+01  0.345974E+01
  -639.800  0.411757E+01  0.379521E+01  0.374002E+01  0.371125E+01  0.362047E+01
  -639.700  0.428886E+01  0.395579E+01  0.389885E+01  0.386918E+01  0.377562E+01
  -639.600  0.444600E+01  0.410401E+01  0.404570E+01  0.401532E+01  0.391964E+01
  -639.500  0.458230E+01  0.423380E+01  0.417456E+01  0.414373E+01  0.404669E+01
  -639.400  0.469126E+01  0.433923E+01  0.427960E+01  0.424858E+01  0.415106E+01
  -639.300  0.476703E+01  0.441493E+01  0.435550E+01  0.432461E+01  0.422757E+01
  -639.200  0.480478E+01  0.445651E+01  0.439791E+01  0.436747E+01  0.427194E+01
  -639.100  0.480110E+01  0.446082E+01  0.440371E+01  0.437407E+01  0.428108E+01
  -639.000  0.475425E+01  0.442621E+01  0.437125E+01  0.434273E+01  0.425332E+01
  -638.900  0.466421E+01  0.435260E+01  0.430043E+01  0.427336E+01  0.418850E+01
  -638.800  0.453273E+01  0.424148E+01  0.419268E+01  0.416735E+01  0.408793E+01
  -638.700  0.436313E+01  0.409576E+01  0.405083E+01  0.402750E+01  0.395429E+01
  -638.600  0.416012E+01  0.391953E+01  0.387889E+01  0.385776E+01  0.379140E+01
  -638.500  0.392938E+01  0.371779E+01  0.368175E+01  0.366299E+01  0.360392E+01
  -638.400  0.367727E+01  0.349610E+01  0.346485E+01  0.344855E+01  0.339707E+01
  -638.300  0.341041E+01  0.326025E+01  0.323387E+01  0.322006E+01  0.317627E+01
  -638.200  0.313532E+01  0.301593E+01  0.299437E+01  0.298304E+01  0.294685E+01
  -638.100  0.285812E+01  0.276847E+01  0.275159E+01  0.274264E+01  0.271382E+01
  -638.000  0.258427E+01  0.252265E+01  0.251017E+01  0.250349E+01  0.248163E+01
  -637.900  0.231844E+01  0.228252E+01  0.227411E+01  0.226952E+01  0.225411E+01
  -637.800  0.206439E+01  0.205137E+01  0.204663E+01  0.204392E+01  0.203433E+01
  -637.700  0.182495E+01  0.183174E+01  0.183021E+01  0.182914E+01  0.182467E+01
  -637.600  0.160210E+01  0.162541E+01  0.162659E+01  0.162694E+01  0.162684E+01
  -637.500  0.139701E+01  0.143352E+01  0.143693E+01  0.143842E+01  0.144194E+01
  -637.400  0.121017E+01  0.125665E+01  0.126180E+01  0.126420E+01  0.127058E+01
  -637.300  0.104154E+01  0.109494E+01  0.110137E+01  0.110445E+01  0.111298E+01
  -637.200  0.890628E+00  0.948207E+00  0.955492E+00  0.959028E+00  0.969039E+00
  -637.100  0.756655E+00  0.815988E+00  0.823750E+00  0.827550E+00  0.838451E+00
  -637.000  0.638611E+00  0.697660E+00  0.705575E+00  0.709471E+00  0.720750E+00
  -636.900  0.535362E+00  0.592480E+00  0.600279E+00  0.604134E+00  0.615362E+00
  -636.800  0.445705E+00  0.499633E+00  0.507104E+00  0.510809E+00  0.521644E+00
  -636.700  0.368415E+00  0.418258E+00  0.425244E+00  0.428716E+00  0.438902E+00
  -636.600  0.302280E+00  0.347473E+00  0.353867E+00  0.357050E+00  0.366407E+00
  -636.500  0.246125E+00  0.286385E+00  0.292125E+00  0.294985E+00  0.303405E+00
  -636.400  0.198822E+00  0.234106E+00  0.239167E+00  0.241690E+00  0.249123E+00
  -636.300  0.159306E+00  0.189756E+00  0.194144E+00  0.196333E+00  0.202778E+00
  -636.200  0.126580E+00  0.152477E+00  0.156222E+00  0.158089E+00  0.163585E+00
  -636.100  0.997189E-01  0.121439E+00  0.124587E+00  0.126155E+00  0.130767E+00
  -636.000  0.778756E-01  0.958508E-01  0.984582E-01  0.997565E-01  0.103566E+00
  -635.900  0.602812E-01  0.749668E-01  0.770968E-01  0.781560E-01  0.812560E-01
  -635.800  0.462467E-01  0.580966E-01  0.598132E-01  0.606654E-01  0.631516E-01
  -635.700  0.351621E-01  0.446098E-01  0.459752E-01  0.466516E-01  0.486174E-01
  -635.600  0.264945E-01  0.339401E-01  0.350123E-01  0.355422E-01  0.370751E-01
  -635.500  0.197849E-01  0.255869E-01  0.264186E-01  0.268284E-01  0.280075E-01
  -635.400  0.146429E-01  0.191151E-01  0.197525E-01  0.200656E-01  0.209606E-01
  -635.300  0.107416E-01  0.141526E-01  0.146353E-01  0.148716E-01  0.155421E-01
  -635.200  0.781094E-02  0.103859E-01  0.107474E-01  0.109236E-01  0.114197E-01
  -635.100  0.563094E-02  0.755547E-02  0.782327E-02  0.795318E-02  0.831553E-02
  -635.000  0.402491E-02  0.544943E-02  0.564568E-02  0.574039E-02  0.600188E-02
  -634.900  0.285292E-02  0.389740E-02  0.403973E-02  0.410803E-02  0.429450E-02
  -634.800  0.200556E-02  0.276436E-02  0.286654E-02  0.291529E-02  0.304671E-02
  -634.700  0.139847E-02  0.194474E-02  0.201740E-02  0.205183E-02  0.214341E-02
  -634.600  0.967359E-03  0.135715E-02  0.140831E-02  0.143239E-02  0.149551E-02
  -634.500  0.663864E-03  0.939554E-03  0.975253E-03  0.991932E-03  0.103497E-02
  -634.400  0.452017E-03  0.645311E-03  0.669994E-03  0.681439E-03  0.710483E-03
  -634.300  0.305371E-03  0.439717E-03  0.456633E-03  0.464415E-03  0.483817E-03
  -634.200  0.204690E-03  0.297252E-03  0.308743E-03  0.313988E-03  0.326823E-03
  -634.100  0.136127E-03  0.199340E-03  0.207078E-03  0.210582E-03  0.218993E-03
  -634.000  0.898120E-04  0.132598E-03  0.137764E-03  0.140085E-03  0.145547E-03
  -633.900  0.587782E-04  0.874759E-04  0.908958E-04  0.924198E-04  0.959346E-04
  -633.800  0.381525E-04  0.572235E-04  0.594675E-04  0.604598E-04  0.627022E-04
  -633.700  0.245569E-04  0.371111E-04  0.385707E-04  0.392112E-04  0.406297E-04
  -633.600  0.156703E-04  0.238548E-04  0.247957E-04  0.252056E-04  0.260955E-04
  -633.500  0.000000E+00  0.151944E-04  0.157953E-04  0.160554E-04  0.166090E-04
  -633.400  0.000000E+00  0.000000E+00  0.000000E+00  0.000000E+00  0.000000E+00
  -633.300  0.000000E+00  0.000000E+00  0.000000E+00  0.000000E+00  0.000000E+00
  -633.200  0.000000E+00  0.000000E+00  0.000000E+00  0.000000E+00  0.000000E+00
  -633.100  0.000000E+00  0.000000E+00  0.000000E+00  0.000000E+00  0.000000E+00
  -633.000  0.000000E+00  0.000000E+00  0.000000E+00  0.000000E+00  0.000000E+00
  -632.900  0.000000E+00  0.000000E+00  0.000000E+00  0.000000E+00  0.000000E+00
  -632.800  0.000000E+00  0.000000E+00  0.000000E+00  0.000000E+00  0.000000E+00
  -632.700  0.000000E+00  0.000000E+00  0.000000E+00  0.000000E+00  0.000000E+00
  -632.600  0.000000E+00  0.000000E+00  0.000000E+00  0.000000E+00  0.000000E+00
  -632.500  0.000000E+00  0.000000E+00  0.000000E+00  0.000000E+00  0.000000E+00
  -632.400  0.000000E+00  0.000000E+00  0.000000E+00  0.000000E+00  0.000000E+00
  -632.300  0.000000E+00  0.000000E+00  0.000000E+00  0.000000E+00  0.000000E+00
  -632.200  0.000000E+00  0.000000E+00  0.000000E+00  0.000000E+00  0.000000E+00
  -632.100  0.000000E+00  0.000000E+00  0.000000E+00  0.000000E+00  0.000000E+00
  -632.000  0.000000E+00  0.000000E+00  0.000000E+00  0.000000E+00  0.000000E+00
  -631.900  0.000000E+00  0.000000E+00  0.000000E+00  0.000000E+00  0.000000E+00
  -631.800  0.000000E+00  0.000000E+00  0.000000E+00  0.000000E+00  0.000000E+00
  -631.700  0.000000E+00  0.000000E+00  0.000000E+00  0.000000E+00  0.000000E+00
  -631.600  0.000000E+00  0.000000E+00  0.000000E+00  0.000000E+00  0.000000E+00
  -631.500  0.000000E+00  0.000000E+00  0.000000E+00  0.000000E+00  0.000000E+00
  -631.400  0.000000E+00  0.000000E+00  0.000000E+00  0.000000E+00  0.000000E+00
  -631.300  0.000000E+00  0.000000E+00  0.000000E+00  0.000000E+00  0.000000E+00
  -631.200  0.000000E+00  0.000000E+00  0.000000E+00  0.000000E+00  0.000000E+00
  -631.100  0.000000E+00  0.000000E+00  0.000000E+00  0.000000E+00  0.000000E+00
  -631.000  0.000000E+00  0.000000E+00  0.000000E+00  0.000000E+00  0.000000E+00
  -630.900  0.000000E+00  0.000000E+00  0.000000E+00  0.000000E+00  0.000000E+00
  -630.800  0.000000E+00  0.000000E+00  0.000000E+00  0.000000E+00  0.000000E+00
  -630.700  0.000000E+00  0.000000E+00  0.000000E+00  0.000000E+00  0.000000E+00
  -630.600  0.000000E+00  0.000000E+00  0.000000E+00  0.000000E+00  0.000000E+00
  -630.500  0.000000E+00  0.000000E+00  0.000000E+00  0.000000E+00  0.000000E+00
  -630.400  0.000000E+00  0.000000E+00  0.000000E+00  0.000000E+00  0.000000E+00
  -630.300  0.000000E+00  0.000000E+00  0.000000E+00  0.000000E+00  0.000000E+00
  -630.200  0.000000E+00  0.000000E+00  0.000000E+00  0.000000E+00  0.000000E+00
  -630.100  0.000000E+00  0.000000E+00  0.000000E+00  0.000000E+00  0.000000E+00
  -630.000  0.000000E+00  0.000000E+00  0.000000E+00  0.000000E+00  0.000000E+00
  -629.900  0.000000E+00  0.000000E+00  0.000000E+00  0.000000E+00  0.000000E+00
  -629.800  0.000000E+00  0.000000E+00  0.000000E+00  0.000000E+00  0.000000E+00
  -629.700  0.000000E+00  0.000000E+00  0.000000E+00  0.000000E+00  0.000000E+00
  -629.600  0.000000E+00  0.000000E+00  0.000000E+00  0.000000E+00  0.000000E+00
  -629.500  0.000000E+00  0.000000E+00  0.000000E+00  0.000000E+00  0.000000E+00
  -629.400  0.000000E+00  0.000000E+00  0.000000E+00  0.000000E+00  0.000000E+00
  -629.300  0.000000E+00  0.000000E+00  0.000000E+00  0.000000E+00  0.000000E+00
  -629.200  0.000000E+00  0.000000E+00  0.000000E+00  0.000000E+00  0.000000E+00
  -629.100  0.000000E+00  0.000000E+00  0.000000E+00  0.000000E+00  0.000000E+00
  -629.000  0.000000E+00  0.000000E+00  0.000000E+00  0.000000E+00  0.000000E+00
  -628.900  0.000000E+00  0.000000E+00  0.000000E+00  0.000000E+00  0.000000E+00
  -628.800  0.000000E+00  0.000000E+00  0.000000E+00  0.000000E+00  0.000000E+00
  -628.700  0.000000E+00  0.000000E+00  0.000000E+00  0.000000E+00  0.000000E+00
  -628.600  0.000000E+00  0.000000E+00  0.000000E+00  0.000000E+00  0.000000E+00
  -628.500  0.000000E+00  0.000000E+00  0.000000E+00  0.000000E+00  0.000000E+00
  -628.400  0.000000E+00  0.000000E+00  0.000000E+00  0.000000E+00  0.000000E+00
  -628.300  0.000000E+00  0.000000E+00  0.000000E+00  0.000000E+00  0.000000E+00
  -628.200  0.000000E+00  0.000000E+00  0.000000E+00  0.000000E+00  0.000000E+00
  -628.100  0.000000E+00  0.000000E+00  0.000000E+00  0.000000E+00  0.000000E+00
  -628.000  0.000000E+00  0.000000E+00  0.000000E+00  0.000000E+00  0.000000E+00
  -627.900  0.000000E+00  0.000000E+00  0.000000E+00  0.000000E+00  0.000000E+00
  -627.800  0.000000E+00  0.000000E+00  0.000000E+00  0.000000E+00  0.000000E+00
  -627.700  0.000000E+00  0.000000E+00  0.000000E+00  0.000000E+00  0.000000E+00
  -627.600  0.000000E+00  0.000000E+00  0.000000E+00  0.000000E+00  0.000000E+00
  -627.500  0.000000E+00  0.000000E+00  0.000000E+00  0.000000E+00  0.000000E+00
  -627.400  0.000000E+00  0.000000E+00  0.000000E+00  0.000000E+00  0.000000E+00
  -627.300  0.000000E+00  0.000000E+00  0.000000E+00  0.000000E+00  0.000000E+00
  -627.200  0.000000E+00  0.000000E+00  0.000000E+00  0.000000E+00  0.000000E+00
  -627.100  0.000000E+00  0.000000E+00  0.000000E+00  0.000000E+00  0.000000E+00
  -627.000  0.000000E+00  0.000000E+00  0.000000E+00  0.000000E+00  0.000000E+00
  -626.900  0.000000E+00  0.000000E+00  0.000000E+00  0.000000E+00  0.000000E+00
  -626.800  0.000000E+00  0.000000E+00  0.000000E+00  0.000000E+00  0.000000E+00
  -626.700  0.000000E+00  0.000000E+00  0.000000E+00  0.000000E+00  0.000000E+00
  -626.600  0.000000E+00  0.000000E+00  0.000000E+00  0.000000E+00  0.000000E+00
  -626.500  0.000000E+00  0.000000E+00  0.000000E+00  0.000000E+00  0.000000E+00
  -626.400  0.000000E+00  0.000000E+00  0.000000E+00  0.000000E+00  0.000000E+00
  -626.300  0.000000E+00  0.000000E+00  0.000000E+00  0.000000E+00  0.000000E+00
  -626.200  0.000000E+00  0.000000E+00  0.000000E+00  0.000000E+00  0.000000E+00
  -626.100  0.000000E+00  0.000000E+00  0.000000E+00  0.000000E+00  0.000000E+00
  -626.000  0.000000E+00  0.000000E+00  0.000000E+00  0.000000E+00  0.000000E+00
  -625.900  0.000000E+00  0.000000E+00  0.000000E+00  0.000000E+00  0.000000E+00
  -625.800  0.000000E+00  0.000000E+00  0.000000E+00  0.000000E+00  0.000000E+00
  -625.700  0.000000E+00  0.000000E+00  0.000000E+00  0.000000E+00  0.000000E+00
  -625.600  0.000000E+00  0.000000E+00  0.000000E+00  0.000000E+00  0.000000E+00
  -625.500  0.000000E+00  0.000000E+00  0.000000E+00  0.000000E+00  0.000000E+00
  -625.400  0.000000E+00  0.000000E+00  0.000000E+00  0.000000E+00  0.000000E+00
  -625.300  0.000000E+00  0.000000E+00  0.000000E+00  0.000000E+00  0.000000E+00
  -625.200  0.000000E+00  0.000000E+00  0.000000E+00  0.000000E+00  0.000000E+00
  -625.100  0.000000E+00  0.000000E+00  0.000000E+00  0.000000E+00  0.000000E+00
  -625.000  0.000000E+00  0.000000E+00  0.000000E+00  0.000000E+00  0.000000E+00
  -624.900  0.000000E+00  0.000000E+00  0.000000E+00  0.000000E+00  0.000000E+00
  -624.800  0.000000E+00  0.000000E+00  0.000000E+00  0.000000E+00  0.000000E+00
  -624.700  0.000000E+00  0.000000E+00  0.000000E+00  0.000000E+00  0.000000E+00
  -624.600  0.000000E+00  0.000000E+00  0.000000E+00  0.000000E+00  0.000000E+00
  -624.500  0.000000E+00  0.000000E+00  0.000000E+00  0.000000E+00  0.000000E+00
  -624.400  0.000000E+00  0.000000E+00  0.000000E+00  0.000000E+00  0.000000E+00
  -624.300  0.000000E+00  0.000000E+00  0.000000E+00  0.000000E+00  0.000000E+00
  -624.200  0.000000E+00  0.000000E+00  0.000000E+00  0.000000E+00  0.000000E+00
  -624.100  0.000000E+00  0.000000E+00  0.000000E+00  0.000000E+00  0.000000E+00
  -624.000  0.000000E+00  0.000000E+00  0.000000E+00  0.000000E+00  0.000000E+00
  -623.900  0.000000E+00  0.000000E+00  0.000000E+00  0.000000E+00  0.000000E+00
  -623.800  0.000000E+00  0.000000E+00  0.000000E+00  0.000000E+00  0.000000E+00
  -623.700  0.000000E+00  0.000000E+00  0.000000E+00  0.000000E+00  0.000000E+00
  -623.600  0.000000E+00  0.000000E+00  0.000000E+00  0.000000E+00  0.000000E+00
  -623.500  0.000000E+00  0.000000E+00  0.000000E+00  0.000000E+00  0.000000E+00
  -623.400  0.000000E+00  0.000000E+00  0.000000E+00  0.000000E+00  0.000000E+00
  -623.300  0.000000E+00  0.000000E+00  0.000000E+00  0.000000E+00  0.000000E+00
  -623.200  0.000000E+00  0.000000E+00  0.000000E+00  0.000000E+00  0.000000E+00
  -623.100  0.000000E+00  0.000000E+00  0.000000E+00  0.000000E+00  0.000000E+00
  -623.000  0.000000E+00  0.000000E+00  0.000000E+00  0.000000E+00  0.000000E+00
  -622.900  0.000000E+00  0.000000E+00  0.000000E+00  0.000000E+00  0.000000E+00
  -622.800  0.000000E+00  0.000000E+00  0.000000E+00  0.000000E+00  0.000000E+00
  -622.700  0.000000E+00  0.000000E+00  0.000000E+00  0.000000E+00  0.000000E+00
  -622.600  0.000000E+00  0.000000E+00  0.000000E+00  0.000000E+00  0.000000E+00
  -622.500  0.000000E+00  0.000000E+00  0.000000E+00  0.000000E+00  0.000000E+00
  -622.400  0.000000E+00  0.000000E+00  0.000000E+00  0.000000E+00  0.000000E+00
  -622.300  0.000000E+00  0.000000E+00  0.000000E+00  0.000000E+00  0.000000E+00
  -622.200  0.000000E+00  0.000000E+00  0.000000E+00  0.000000E+00  0.000000E+00
  -622.100  0.000000E+00  0.000000E+00  0.000000E+00  0.000000E+00  0.000000E+00
  -622.000  0.000000E+00  0.000000E+00  0.000000E+00  0.000000E+00  0.000000E+00
  -621.900  0.000000E+00  0.000000E+00  0.000000E+00  0.000000E+00  0.000000E+00
  -621.800  0.000000E+00  0.000000E+00  0.000000E+00  0.000000E+00  0.000000E+00
  -621.700  0.000000E+00  0.000000E+00  0.000000E+00  0.000000E+00  0.000000E+00
  -621.600  0.000000E+00  0.000000E+00  0.000000E+00  0.000000E+00  0.000000E+00
  -621.500  0.000000E+00  0.000000E+00  0.000000E+00  0.000000E+00  0.000000E+00
  -621.400  0.000000E+00  0.000000E+00  0.000000E+00  0.000000E+00  0.000000E+00
  -621.300  0.000000E+00  0.000000E+00  0.000000E+00  0.000000E+00  0.000000E+00
  -621.200  0.000000E+00  0.000000E+00  0.000000E+00  0.000000E+00  0.000000E+00
  -621.100  0.000000E+00  0.000000E+00  0.000000E+00  0.000000E+00  0.000000E+00
  -621.000  0.000000E+00  0.000000E+00  0.000000E+00  0.000000E+00  0.000000E+00
  -620.900  0.000000E+00  0.000000E+00  0.000000E+00  0.000000E+00  0.000000E+00
  -620.800  0.000000E+00  0.000000E+00  0.000000E+00  0.000000E+00  0.000000E+00
  -620.700  0.000000E+00  0.000000E+00  0.000000E+00  0.000000E+00  0.000000E+00
  -620.600  0.000000E+00  0.000000E+00  0.000000E+00  0.000000E+00  0.000000E+00
  -620.500  0.000000E+00  0.000000E+00  0.000000E+00  0.000000E+00  0.000000E+00
  -620.400  0.000000E+00  0.000000E+00  0.000000E+00  0.000000E+00  0.000000E+00
  -620.300  0.000000E+00  0.000000E+00  0.000000E+00  0.000000E+00  0.000000E+00
  -620.200  0.000000E+00  0.000000E+00  0.000000E+00  0.000000E+00  0.000000E+00
  -620.100  0.000000E+00  0.000000E+00  0.000000E+00  0.000000E+00  0.000000E+00
  -620.000  0.000000E+00  0.000000E+00  0.000000E+00  0.000000E+00  0.000000E+00
