Structure,Energy,Nucleus,delta_iso
01,-70064.065172,Sn01,656.115133073
01,-70064.065172,Sn02,656.114531135
01,-70064.065172,Sn03,656.115117496
01,-70064.065172,Sn04,656.123907036
01,-70064.065172,Sn05,656.120005968
01,-70064.065172,Sn06,656.120537519
01,-70064.065172,Sn07,656.12117986
01,-70064.065172,Sn08,656.120550282
01,-70064.065172,Sn09,656.124396654
01,-70064.065172,Sn10,656.120743691
01,-70064.065172,Sn11,656.120809467
01,-70064.065172,Sn12,656.123480953
02,-70064.093101,Sn01,646.190954213
02,-70064.093101,Sn02,646.510284596
02,-70064.093101,Sn03,656.299437452
02,-70064.093101,Sn04,659.082442277
02,-70064.093101,Sn05,648.691864059
02,-70064.093101,Sn06,655.950823279
02,-70064.093101,Sn07,657.890690254
02,-70064.093101,Sn08,657.209741457
02,-70064.093101,Sn09,658.129955136
02,-70064.093101,Sn10,658.086196569
02,-70064.093101,Sn11,656.113932891
02,-70064.093101,Sn12,647.135282024
03,-70064.123513,Sn01,637.062692212
03,-70064.123513,Sn02,647.510699769
03,-70064.123513,Sn03,647.510198134
03,-70064.123513,Sn04,658.73321274
03,-70064.123513,Sn05,647.085265302
03,-70064.123513,Sn06,647.084967971
03,-70064.123513,Sn07,658.421891893
03,-70064.123513,Sn08,658.421605107
03,-70064.123513,Sn09,649.276496678
03,-70064.123513,Sn10,655.913116669
03,-70064.123513,Sn11,655.912828964
03,-70064.123513,Sn12,649.275321773
04,-70064.133866,Sn01,636.798944062
04,-70064.133866,Sn02,648.196681334
04,-70064.133866,Sn03,648.196846278
04,-70064.133866,Sn04,656.226527057
04,-70064.133866,Sn05,647.387965529
04,-70064.133866,Sn06,647.387865635
04,-70064.133866,Sn07,657.097449025
04,-70064.133866,Sn08,657.096887051
04,-70064.133866,Sn09,647.545190048
04,-70064.133866,Sn10,657.80993044
04,-70064.133866,Sn11,657.809741221
04,-70064.133866,Sn12,647.545327789
05,-70064.131713,Sn01,648.210803822
05,-70064.131713,Sn02,646.398314414
05,-70064.131713,Sn03,648.210990618
05,-70064.131713,Sn04,646.399114836
05,-70064.131713,Sn05,649.192197013
05,-70064.131713,Sn06,656.564005241
05,-70064.131713,Sn07,649.192242255
05,-70064.131713,Sn08,656.564328151
05,-70064.131713,Sn09,657.353343441
05,-70064.131713,Sn10,658.802346909
05,-70064.131713,Sn11,658.802060849
05,-70064.131713,Sn12,638.624231755
06,-70064.092314,Sn01,645.768120025
06,-70064.092314,Sn02,655.965342021
06,-70064.092314,Sn03,655.965185028
06,-70064.092314,Sn04,645.768323775
06,-70064.092314,Sn05,657.47359113
06,-70064.092314,Sn06,655.971132655
06,-70064.092314,Sn07,649.565919274
06,-70064.092314,Sn08,658.057327204
06,-70064.092314,Sn09,657.473553211
06,-70064.092314,Sn10,658.0571023
06,-70064.092314,Sn11,655.97149369
06,-70064.092314,Sn12,645.918422579
07,-70064.122887,Sn01,646.027564374
07,-70064.122887,Sn02,648.436889517
07,-70064.122887,Sn03,647.095303628
07,-70064.122887,Sn04,646.643204053
07,-70064.122887,Sn05,658.226061848
07,-70064.122887,Sn06,650.034462056
07,-70064.122887,Sn07,649.982894563
07,-70064.122887,Sn08,656.082332689
07,-70064.122887,Sn09,659.051222775
07,-70064.122887,Sn10,657.135722388
07,-70064.122887,Sn11,658.350417137
07,-70064.122887,Sn12,637.711417911
08,-70064.073649,Sn01,655.504926066
08,-70064.073649,Sn02,655.504568123
08,-70064.073649,Sn03,655.5040694
08,-70064.073649,Sn04,655.504589836
08,-70064.073649,Sn05,659.526896123
08,-70064.073649,Sn06,659.512976076
08,-70064.073649,Sn07,655.50516556
08,-70064.073649,Sn08,659.513534706
08,-70064.073649,Sn09,655.50443688
08,-70064.073649,Sn10,659.527187391
08,-70064.073649,Sn11,655.504886652
08,-70064.073649,Sn12,655.505094237
09,-70064.147462,Sn01,646.663522243
09,-70064.147462,Sn02,646.814225421
09,-70064.147462,Sn03,646.663415939
09,-70064.147462,Sn04,646.81470841
09,-70064.147462,Sn05,657.451765589
09,-70064.147462,Sn06,646.822856974
09,-70064.147462,Sn07,646.823580256
09,-70064.147462,Sn08,657.451792008
09,-70064.147462,Sn09,648.789894911
09,-70064.147462,Sn10,657.165623452
09,-70064.147462,Sn11,651.034697566
09,-70064.147462,Sn12,648.790674657
10,-70064.152235,Sn01,637.93410725
10,-70064.152235,Sn02,648.79413248
10,-70064.152235,Sn03,638.83375897
10,-70064.152235,Sn04,647.140994072
10,-70064.152235,Sn05,649.476094904
10,-70064.152235,Sn06,647.765784253
10,-70064.152235,Sn07,647.506689976
10,-70064.152235,Sn08,658.115550296
10,-70064.152235,Sn09,648.11118583
10,-70064.152235,Sn10,648.736435165
10,-70064.152235,Sn11,659.117970588
10,-70064.152235,Sn12,649.166318211
11,-70064.121746,Sn01,638.767497663
11,-70064.121746,Sn02,657.064232967
11,-70064.121746,Sn03,647.883739966
11,-70064.121746,Sn04,646.388417927
11,-70064.121746,Sn05,648.513752722
11,-70064.121746,Sn06,656.754077081
11,-70064.121746,Sn07,648.635370516
11,-70064.121746,Sn08,656.621892899
11,-70064.121746,Sn09,657.090356104
11,-70064.121746,Sn10,646.444112946
11,-70064.121746,Sn11,660.153135927
11,-70064.121746,Sn12,648.132621407
12,-70064.121494,Sn01,647.898353964
12,-70064.121494,Sn02,647.830493857
12,-70064.121494,Sn03,647.898387737
12,-70064.121494,Sn04,647.830722622
12,-70064.121494,Sn05,659.037360374
12,-70064.121494,Sn06,658.983581928
12,-70064.121494,Sn07,647.933801326
12,-70064.121494,Sn08,647.934067753
12,-70064.121494,Sn09,658.983701546
12,-70064.121494,Sn10,648.130078725
12,-70064.121494,Sn11,659.060780623
12,-70064.121494,Sn12,648.130549035
13,-70064.169600,Sn01,637.962554115
13,-70064.169600,Sn02,646.890811638
13,-70064.169600,Sn03,637.962386182
13,-70064.169600,Sn04,646.89129538
13,-70064.169600,Sn05,642.52119876
13,-70064.169600,Sn06,657.852298411
13,-70064.169600,Sn07,649.629170632
13,-70064.169600,Sn08,649.629525916
13,-70064.169600,Sn09,657.85240226
13,-70064.169600,Sn10,648.551360227
13,-70064.169600,Sn11,646.389717846
13,-70064.169600,Sn12,648.551364168
14,-70064.131760,Sn01,645.996367269
14,-70064.131760,Sn02,646.007241579
14,-70064.131760,Sn03,647.167763412
14,-70064.131760,Sn04,658.08604924
14,-70064.131760,Sn05,646.000862746
14,-70064.131760,Sn06,645.99369863
14,-70064.131760,Sn07,647.170791754
14,-70064.131760,Sn08,658.079327352
14,-70064.131760,Sn09,647.374324158
14,-70064.131760,Sn10,657.907529248
14,-70064.131760,Sn11,657.909955061
14,-70064.131760,Sn12,647.385864374
15,-70064.131384,Sn01,656.433952671
15,-70064.131384,Sn02,636.395746308
15,-70064.131384,Sn03,647.593444209
15,-70064.131384,Sn04,647.998839194
15,-70064.131384,Sn05,656.268435357
15,-70064.131384,Sn06,647.59305793
15,-70064.131384,Sn07,647.99838401
15,-70064.131384,Sn08,656.433322603
15,-70064.131384,Sn09,647.861916799
15,-70064.131384,Sn10,656.46581389
15,-70064.131384,Sn11,660.696826215
15,-70064.131384,Sn12,647.862870947
16,-70064.163248,Sn01,647.484495267
16,-70064.163248,Sn02,637.389580721
16,-70064.163248,Sn03,646.237861092
16,-70064.163248,Sn04,648.186100467
16,-70064.163248,Sn05,648.571856606
16,-70064.163248,Sn06,648.186427129
16,-70064.163248,Sn07,646.23782909
16,-70064.163248,Sn08,647.484839032
16,-70064.163248,Sn09,649.305877025
16,-70064.163248,Sn10,658.950678136
16,-70064.163248,Sn11,658.950480852
16,-70064.163248,Sn12,639.24445136
17,-70064.140866,Sn01,646.369529456
17,-70064.140866,Sn02,646.369156194
17,-70064.140866,Sn03,654.832769325
17,-70064.140866,Sn04,647.850680496
17,-70064.140866,Sn05,647.850955693
17,-70064.140866,Sn06,647.797063073
17,-70064.140866,Sn07,656.422320469
17,-70064.140866,Sn08,647.797247721
17,-70064.140866,Sn09,658.421367391
17,-70064.140866,Sn10,656.422543774
17,-70064.140866,Sn11,658.421666343
17,-70064.140866,Sn12,639.871503978
18,-70064.178311,Sn01,647.451402968
18,-70064.178311,Sn02,637.618060559
18,-70064.178311,Sn03,647.237495391
18,-70064.178311,Sn04,641.611932787
18,-70064.178311,Sn05,647.190764082
18,-70064.178311,Sn06,648.263213844
18,-70064.178311,Sn07,649.015753621
18,-70064.178311,Sn08,649.119136251
18,-70064.178311,Sn09,657.60943694
18,-70064.178311,Sn10,649.438138721
18,-70064.178311,Sn11,656.115485898
18,-70064.178311,Sn12,639.319251861
19,-70064.186317,Sn01,638.21154376
19,-70064.186317,Sn02,638.211304727
19,-70064.186317,Sn03,638.199295106
19,-70064.186317,Sn04,648.964048329
19,-70064.186317,Sn05,648.964510079
19,-70064.186317,Sn06,649.017732447
19,-70064.186317,Sn07,648.99686569
19,-70064.186317,Sn08,649.005216831
19,-70064.186317,Sn09,648.996907162
19,-70064.186317,Sn10,649.017570424
19,-70064.186317,Sn11,649.005165671
19,-70064.186317,Sn12,638.224519429
20,-70064.090813,Sn01,656.614510269
20,-70064.090813,Sn02,656.611832293
20,-70064.090813,Sn03,656.608256779
20,-70064.090813,Sn04,656.615693304
20,-70064.090813,Sn05,656.613769562
20,-70064.090813,Sn06,656.608061667
20,-70064.090813,Sn07,656.611577604
20,-70064.090813,Sn08,656.609163255
20,-70064.090813,Sn09,656.614328994
20,-70064.090813,Sn10,656.610412106
20,-70064.090813,Sn11,656.607791243
20,-70064.090813,Sn12,656.607677278
21,-70064.189511,Sn01,649.579960444
21,-70064.189511,Sn02,649.579945097
21,-70064.189511,Sn03,639.391527567
21,-70064.189511,Sn04,649.580419674
21,-70064.189511,Sn05,649.580524132
21,-70064.189511,Sn06,639.391544369
21,-70064.189511,Sn07,649.579984097
21,-70064.189511,Sn08,649.579977011
21,-70064.189511,Sn09,649.580525862
21,-70064.189511,Sn10,649.580318755
21,-70064.189511,Sn11,639.400589926
21,-70064.189511,Sn12,639.401194994
22,-70064.184819,Sn01,648.344881652
22,-70064.184819,Sn02,648.347103785
22,-70064.184819,Sn03,648.346673565
22,-70064.184819,Sn04,648.347023805
22,-70064.184819,Sn05,648.346863757
22,-70064.184819,Sn06,648.345164866
22,-70064.184819,Sn07,648.491155637
22,-70064.184819,Sn08,648.264917686
22,-70064.184819,Sn09,648.263994903
22,-70064.184819,Sn10,648.489160412
22,-70064.184819,Sn11,648.264105659
22,-70064.184819,Sn12,648.490388508
