 x      300.00000000000000        873.00000000000000        1273.0000000000000        1673.0000000000000     
  -680.000  0.000000E+00  0.000000E+00  0.000000E+00  0.000000E+00  0.000000E+00
  -679.900  0.000000E+00  0.000000E+00  0.000000E+00  0.000000E+00  0.000000E+00
  -679.800  0.000000E+00  0.000000E+00  0.000000E+00  0.000000E+00  0.000000E+00
  -679.700  0.000000E+00  0.000000E+00  0.000000E+00  0.000000E+00  0.000000E+00
  -679.600  0.000000E+00  0.000000E+00  0.000000E+00  0.000000E+00  0.000000E+00
  -679.500  0.000000E+00  0.000000E+00  0.000000E+00  0.000000E+00  0.000000E+00
  -679.400  0.000000E+00  0.000000E+00  0.000000E+00  0.000000E+00  0.000000E+00
  -679.300  0.000000E+00  0.000000E+00  0.000000E+00  0.000000E+00  0.000000E+00
  -679.200  0.000000E+00  0.000000E+00  0.000000E+00  0.000000E+00  0.000000E+00
  -679.100  0.000000E+00  0.000000E+00  0.000000E+00  0.000000E+00  0.000000E+00
  -679.000  0.000000E+00  0.000000E+00  0.000000E+00  0.000000E+00  0.000000E+00
  -678.900  0.000000E+00  0.000000E+00  0.000000E+00  0.000000E+00  0.000000E+00
  -678.800  0.000000E+00  0.000000E+00  0.000000E+00  0.000000E+00  0.000000E+00
  -678.700  0.000000E+00  0.000000E+00  0.000000E+00  0.000000E+00  0.000000E+00
  -678.600  0.000000E+00  0.000000E+00  0.000000E+00  0.000000E+00  0.000000E+00
  -678.500  0.000000E+00  0.000000E+00  0.000000E+00  0.000000E+00  0.000000E+00
  -678.400  0.000000E+00  0.000000E+00  0.000000E+00  0.000000E+00  0.000000E+00
  -678.300  0.000000E+00  0.000000E+00  0.000000E+00  0.000000E+00  0.000000E+00
  -678.200  0.000000E+00  0.000000E+00  0.000000E+00  0.000000E+00  0.000000E+00
  -678.100  0.000000E+00  0.000000E+00  0.000000E+00  0.000000E+00  0.000000E+00
  -678.000  0.000000E+00  0.000000E+00  0.000000E+00  0.000000E+00  0.000000E+00
  -677.900  0.000000E+00  0.000000E+00  0.000000E+00  0.000000E+00  0.000000E+00
  -677.800  0.000000E+00  0.000000E+00  0.000000E+00  0.000000E+00  0.000000E+00
  -677.700  0.000000E+00  0.000000E+00  0.000000E+00  0.000000E+00  0.000000E+00
  -677.600  0.000000E+00  0.000000E+00  0.000000E+00  0.000000E+00  0.000000E+00
  -677.500  0.000000E+00  0.000000E+00  0.000000E+00  0.000000E+00  0.000000E+00
  -677.400  0.000000E+00  0.000000E+00  0.000000E+00  0.000000E+00  0.000000E+00
  -677.300  0.000000E+00  0.000000E+00  0.000000E+00  0.000000E+00  0.000000E+00
  -677.200  0.000000E+00  0.000000E+00  0.000000E+00  0.000000E+00  0.000000E+00
  -677.100  0.000000E+00  0.000000E+00  0.000000E+00  0.000000E+00  0.000000E+00
  -677.000  0.000000E+00  0.000000E+00  0.000000E+00  0.000000E+00  0.000000E+00
  -676.900  0.000000E+00  0.000000E+00  0.000000E+00  0.000000E+00  0.000000E+00
  -676.800  0.000000E+00  0.000000E+00  0.000000E+00  0.000000E+00  0.000000E+00
  -676.700  0.000000E+00  0.000000E+00  0.000000E+00  0.000000E+00  0.000000E+00
  -676.600  0.000000E+00  0.000000E+00  0.000000E+00  0.000000E+00  0.000000E+00
  -676.500  0.000000E+00  0.000000E+00  0.000000E+00  0.000000E+00  0.000000E+00
  -676.400  0.000000E+00  0.000000E+00  0.000000E+00  0.000000E+00  0.000000E+00
  -676.300  0.000000E+00  0.000000E+00  0.000000E+00  0.000000E+00  0.000000E+00
  -676.200  0.000000E+00  0.000000E+00  0.000000E+00  0.000000E+00  0.000000E+00
  -676.100  0.000000E+00  0.000000E+00  0.000000E+00  0.000000E+00  0.000000E+00
  -676.000  0.000000E+00  0.000000E+00  0.000000E+00  0.000000E+00  0.000000E+00
  -675.900  0.000000E+00  0.000000E+00  0.000000E+00  0.000000E+00  0.000000E+00
  -675.800  0.000000E+00  0.000000E+00  0.000000E+00  0.000000E+00  0.000000E+00
  -675.700  0.000000E+00  0.000000E+00  0.000000E+00  0.000000E+00  0.000000E+00
  -675.600  0.000000E+00  0.000000E+00  0.000000E+00  0.000000E+00  0.000000E+00
  -675.500  0.000000E+00  0.000000E+00  0.000000E+00  0.000000E+00  0.000000E+00
  -675.400  0.000000E+00  0.000000E+00  0.000000E+00  0.000000E+00  0.000000E+00
  -675.300  0.000000E+00  0.000000E+00  0.000000E+00  0.000000E+00  0.000000E+00
  -675.200  0.000000E+00  0.000000E+00  0.000000E+00  0.000000E+00  0.000000E+00
  -675.100  0.000000E+00  0.000000E+00  0.000000E+00  0.000000E+00  0.000000E+00
  -675.000  0.000000E+00  0.000000E+00  0.000000E+00  0.000000E+00  0.000000E+00
  -674.900  0.000000E+00  0.000000E+00  0.000000E+00  0.000000E+00  0.000000E+00
  -674.800  0.000000E+00  0.000000E+00  0.000000E+00  0.000000E+00  0.000000E+00
  -674.700  0.000000E+00  0.000000E+00  0.000000E+00  0.000000E+00  0.000000E+00
  -674.600  0.000000E+00  0.000000E+00  0.000000E+00  0.000000E+00  0.000000E+00
  -674.500  0.000000E+00  0.000000E+00  0.000000E+00  0.000000E+00  0.000000E+00
  -674.400  0.000000E+00  0.000000E+00  0.000000E+00  0.000000E+00  0.000000E+00
  -674.300  0.000000E+00  0.000000E+00  0.000000E+00  0.000000E+00  0.000000E+00
  -674.200  0.000000E+00  0.000000E+00  0.000000E+00  0.000000E+00  0.000000E+00
  -674.100  0.000000E+00  0.000000E+00  0.000000E+00  0.000000E+00  0.000000E+00
  -674.000  0.000000E+00  0.000000E+00  0.000000E+00  0.000000E+00  0.000000E+00
  -673.900  0.000000E+00  0.000000E+00  0.000000E+00  0.000000E+00  0.000000E+00
  -673.800  0.000000E+00  0.000000E+00  0.000000E+00  0.000000E+00  0.000000E+00
  -673.700  0.000000E+00  0.000000E+00  0.000000E+00  0.000000E+00  0.000000E+00
  -673.600  0.000000E+00  0.000000E+00  0.000000E+00  0.000000E+00  0.000000E+00
  -673.500  0.000000E+00  0.000000E+00  0.000000E+00  0.000000E+00  0.000000E+00
  -673.400  0.000000E+00  0.000000E+00  0.000000E+00  0.000000E+00  0.000000E+00
  -673.300  0.000000E+00  0.000000E+00  0.000000E+00  0.000000E+00  0.000000E+00
  -673.200  0.000000E+00  0.000000E+00  0.000000E+00  0.000000E+00  0.000000E+00
  -673.100  0.000000E+00  0.000000E+00  0.000000E+00  0.000000E+00  0.000000E+00
  -673.000  0.000000E+00  0.000000E+00  0.000000E+00  0.000000E+00  0.000000E+00
  -672.900  0.000000E+00  0.000000E+00  0.000000E+00  0.000000E+00  0.000000E+00
  -672.800  0.000000E+00  0.000000E+00  0.000000E+00  0.000000E+00  0.000000E+00
  -672.700  0.000000E+00  0.000000E+00  0.000000E+00  0.000000E+00  0.000000E+00
  -672.600  0.000000E+00  0.000000E+00  0.000000E+00  0.000000E+00  0.000000E+00
  -672.500  0.000000E+00  0.000000E+00  0.000000E+00  0.000000E+00  0.000000E+00
  -672.400  0.000000E+00  0.000000E+00  0.000000E+00  0.000000E+00  0.000000E+00
  -672.300  0.000000E+00  0.000000E+00  0.000000E+00  0.000000E+00  0.000000E+00
  -672.200  0.000000E+00  0.000000E+00  0.000000E+00  0.000000E+00  0.000000E+00
  -672.100  0.000000E+00  0.000000E+00  0.000000E+00  0.000000E+00  0.000000E+00
  -672.000  0.000000E+00  0.000000E+00  0.000000E+00  0.000000E+00  0.000000E+00
  -671.900  0.000000E+00  0.000000E+00  0.000000E+00  0.000000E+00  0.000000E+00
  -671.800  0.000000E+00  0.000000E+00  0.000000E+00  0.000000E+00  0.000000E+00
  -671.700  0.000000E+00  0.000000E+00  0.000000E+00  0.000000E+00  0.000000E+00
  -671.600  0.000000E+00  0.000000E+00  0.000000E+00  0.000000E+00  0.000000E+00
  -671.500  0.000000E+00  0.000000E+00  0.000000E+00  0.000000E+00  0.000000E+00
  -671.400  0.000000E+00  0.000000E+00  0.000000E+00  0.000000E+00  0.000000E+00
  -671.300  0.000000E+00  0.000000E+00  0.000000E+00  0.000000E+00  0.000000E+00
  -671.200  0.000000E+00  0.000000E+00  0.000000E+00  0.000000E+00  0.000000E+00
  -671.100  0.000000E+00  0.000000E+00  0.000000E+00  0.000000E+00  0.000000E+00
  -671.000  0.000000E+00  0.000000E+00  0.000000E+00  0.000000E+00  0.000000E+00
  -670.900  0.000000E+00  0.000000E+00  0.000000E+00  0.000000E+00  0.000000E+00
  -670.800  0.000000E+00  0.000000E+00  0.000000E+00  0.000000E+00  0.000000E+00
  -670.700  0.000000E+00  0.000000E+00  0.000000E+00  0.000000E+00  0.000000E+00
  -670.600  0.000000E+00  0.000000E+00  0.000000E+00  0.000000E+00  0.000000E+00
  -670.500  0.000000E+00  0.000000E+00  0.000000E+00  0.000000E+00  0.000000E+00
  -670.400  0.000000E+00  0.000000E+00  0.000000E+00  0.000000E+00  0.000000E+00
  -670.300  0.000000E+00  0.000000E+00  0.000000E+00  0.000000E+00  0.000000E+00
  -670.200  0.000000E+00  0.000000E+00  0.000000E+00  0.000000E+00  0.000000E+00
  -670.100  0.000000E+00  0.000000E+00  0.000000E+00  0.000000E+00  0.000000E+00
  -670.000  0.000000E+00  0.000000E+00  0.000000E+00  0.000000E+00  0.000000E+00
  -669.900  0.000000E+00  0.000000E+00  0.000000E+00  0.000000E+00  0.000000E+00
  -669.800  0.000000E+00  0.000000E+00  0.000000E+00  0.000000E+00  0.000000E+00
  -669.700  0.000000E+00  0.000000E+00  0.000000E+00  0.000000E+00  0.000000E+00
  -669.600  0.000000E+00  0.000000E+00  0.000000E+00  0.000000E+00  0.000000E+00
  -669.500  0.000000E+00  0.000000E+00  0.000000E+00  0.000000E+00  0.000000E+00
  -669.400  0.000000E+00  0.000000E+00  0.000000E+00  0.000000E+00  0.000000E+00
  -669.300  0.000000E+00  0.000000E+00  0.000000E+00  0.000000E+00  0.000000E+00
  -669.200  0.000000E+00  0.000000E+00  0.000000E+00  0.000000E+00  0.000000E+00
  -669.100  0.000000E+00  0.000000E+00  0.000000E+00  0.000000E+00  0.000000E+00
  -669.000  0.000000E+00  0.000000E+00  0.000000E+00  0.000000E+00  0.000000E+00
  -668.900  0.000000E+00  0.000000E+00  0.000000E+00  0.000000E+00  0.000000E+00
  -668.800  0.000000E+00  0.000000E+00  0.000000E+00  0.000000E+00  0.000000E+00
  -668.700  0.000000E+00  0.000000E+00  0.000000E+00  0.000000E+00  0.000000E+00
  -668.600  0.000000E+00  0.000000E+00  0.000000E+00  0.000000E+00  0.000000E+00
  -668.500  0.000000E+00  0.000000E+00  0.000000E+00  0.000000E+00  0.000000E+00
  -668.400  0.000000E+00  0.000000E+00  0.000000E+00  0.000000E+00  0.000000E+00
  -668.300  0.000000E+00  0.000000E+00  0.000000E+00  0.000000E+00  0.000000E+00
  -668.200  0.000000E+00  0.000000E+00  0.000000E+00  0.000000E+00  0.000000E+00
  -668.100  0.000000E+00  0.000000E+00  0.000000E+00  0.000000E+00  0.000000E+00
  -668.000  0.000000E+00  0.000000E+00  0.000000E+00  0.000000E+00  0.000000E+00
  -667.900  0.000000E+00  0.000000E+00  0.000000E+00  0.000000E+00  0.000000E+00
  -667.800  0.000000E+00  0.000000E+00  0.000000E+00  0.000000E+00  0.000000E+00
  -667.700  0.000000E+00  0.000000E+00  0.000000E+00  0.000000E+00  0.000000E+00
  -667.600  0.000000E+00  0.000000E+00  0.000000E+00  0.000000E+00  0.000000E+00
  -667.500  0.000000E+00  0.000000E+00  0.000000E+00  0.000000E+00  0.000000E+00
  -667.400  0.000000E+00  0.000000E+00  0.000000E+00  0.000000E+00  0.000000E+00
  -667.300  0.000000E+00  0.000000E+00  0.000000E+00  0.000000E+00  0.000000E+00
  -667.200  0.000000E+00  0.000000E+00  0.000000E+00  0.000000E+00  0.000000E+00
  -667.100  0.000000E+00  0.000000E+00  0.000000E+00  0.000000E+00  0.000000E+00
  -667.000  0.000000E+00  0.000000E+00  0.000000E+00  0.000000E+00  0.000000E+00
  -666.900  0.000000E+00  0.000000E+00  0.000000E+00  0.000000E+00  0.000000E+00
  -666.800  0.815081E-05  0.000000E+00  0.000000E+00  0.000000E+00  0.000000E+00
  -666.700  0.123223E-04  0.984257E-05  0.906658E-05  0.864981E-05  0.000000E+00
  -666.600  0.184728E-04  0.147904E-04  0.136401E-04  0.130219E-04  0.110469E-04
  -666.500  0.274622E-04  0.220460E-04  0.203560E-04  0.194473E-04  0.165406E-04
  -666.400  0.404844E-04  0.325951E-04  0.301343E-04  0.288103E-04  0.245700E-04
  -666.300  0.591786E-04  0.477993E-04  0.442482E-04  0.423361E-04  0.362052E-04
  -666.200  0.857683E-04  0.695178E-04  0.644395E-04  0.617030E-04  0.529177E-04
  -666.100  0.123231E-03  0.100259E-03  0.930629E-04  0.891822E-04  0.767071E-04
  -666.000  0.175502E-03  0.143362E-03  0.133261E-03  0.127809E-03  0.110258E-03
  -665.900  0.247711E-03  0.203221E-03  0.189176E-03  0.181588E-03  0.157128E-03
  -665.800  0.346445E-03  0.285528E-03  0.266189E-03  0.255731E-03  0.221971E-03
  -665.700  0.480042E-03  0.397562E-03  0.371200E-03  0.356929E-03  0.310792E-03
  -665.600  0.658884E-03  0.548494E-03  0.512923E-03  0.493646E-03  0.431230E-03
  -665.500  0.895692E-03  0.749702E-03  0.702207E-03  0.676439E-03  0.592872E-03
  -665.400  0.120578E-02  0.101509E-02  0.952352E-03  0.918272E-03  0.807572E-03
  -665.300  0.160729E-02  0.136137E-02  0.127941E-02  0.123483E-02  0.108977E-02
  -665.200  0.212124E-02  0.180833E-02  0.170247E-02  0.164480E-02  0.145683E-02
  -665.100  0.277162E-02  0.237900E-02  0.224383E-02  0.217009E-02  0.192925E-02
  -665.000  0.358515E-02  0.309972E-02  0.292918E-02  0.283599E-02  0.253098E-02
  -664.900  0.459100E-02  0.400015E-02  0.378759E-02  0.367122E-02  0.328949E-02
  -664.800  0.582030E-02  0.511309E-02  0.485147E-02  0.470793E-02  0.423593E-02
  -664.700  0.730538E-02  0.647419E-02  0.615631E-02  0.598150E-02  0.540504E-02
  -664.600  0.907897E-02  0.812158E-02  0.774045E-02  0.753030E-02  0.683510E-02
  -664.500  0.111731E-01  0.100953E-01  0.964458E-02  0.939529E-02  0.856771E-02
  -664.400  0.136182E-01  0.124366E-01  0.119113E-01  0.116196E-01  0.106475E-01
  -664.300  0.164417E-01  0.151876E-01  0.145844E-01  0.142481E-01  0.131219E-01
  -664.200  0.196669E-01  0.183901E-01  0.177086E-01  0.173267E-01  0.160405E-01
  -664.100  0.233125E-01  0.220853E-01  0.213285E-01  0.209017E-01  0.194548E-01
  -664.000  0.273910E-01  0.263131E-01  0.254883E-01  0.250197E-01  0.234179E-01
  -663.900  0.319087E-01  0.311114E-01  0.302314E-01  0.297265E-01  0.279838E-01
  -663.800  0.368652E-01  0.365156E-01  0.355993E-01  0.350671E-01  0.332067E-01
  -663.700  0.422530E-01  0.425583E-01  0.416316E-01  0.410844E-01  0.391410E-01
  -663.600  0.480580E-01  0.492685E-01  0.483653E-01  0.478197E-01  0.458400E-01
  -663.500  0.542599E-01  0.566713E-01  0.558340E-01  0.553108E-01  0.533554E-01
  -663.400  0.608325E-01  0.647875E-01  0.640673E-01  0.635921E-01  0.617363E-01
  -663.300  0.677443E-01  0.736322E-01  0.730899E-01  0.726932E-01  0.710279E-01
  -663.200  0.749597E-01  0.832148E-01  0.829205E-01  0.826377E-01  0.812699E-01
  -663.100  0.824392E-01  0.935374E-01  0.935704E-01  0.934421E-01  0.924954E-01
  -663.000  0.901409E-01  0.104594E+00  0.105043E+00  0.105114E+00  0.104729E+00
  -662.900  0.980206E-01  0.116371E+00  0.117331E+00  0.117653E+00  0.117983E+00
  -662.800  0.106033E+00  0.128842E+00  0.130418E+00  0.131043E+00  0.132261E+00
  -662.700  0.114135E+00  0.141973E+00  0.144275E+00  0.145261E+00  0.147550E+00
  -662.600  0.122281E+00  0.155720E+00  0.158860E+00  0.160269E+00  0.163823E+00
  -662.500  0.130433E+00  0.170027E+00  0.174122E+00  0.176015E+00  0.181039E+00
  -662.400  0.138556E+00  0.184833E+00  0.189998E+00  0.192438E+00  0.199140E+00
  -662.300  0.146622E+00  0.200067E+00  0.206417E+00  0.209465E+00  0.218056E+00
  -662.200  0.154614E+00  0.215658E+00  0.223299E+00  0.227017E+00  0.237702E+00
  -662.100  0.162526E+00  0.231533E+00  0.240566E+00  0.245008E+00  0.257986E+00
  -662.000  0.170368E+00  0.247624E+00  0.258136E+00  0.263355E+00  0.278808E+00
  -661.900  0.178166E+00  0.263871E+00  0.275937E+00  0.281976E+00  0.300067E+00
  -661.800  0.185964E+00  0.280226E+00  0.293902E+00  0.300796E+00  0.321661E+00
  -661.700  0.193825E+00  0.296656E+00  0.311980E+00  0.319754E+00  0.343498E+00
  -661.600  0.201831E+00  0.313149E+00  0.330137E+00  0.338805E+00  0.365494E+00
  -661.500  0.210079E+00  0.329712E+00  0.348358E+00  0.357920E+00  0.387580E+00
  -661.400  0.218680E+00  0.346373E+00  0.366647E+00  0.377091E+00  0.409705E+00
  -661.300  0.227752E+00  0.363181E+00  0.385030E+00  0.396333E+00  0.431838E+00
  -661.200  0.237416E+00  0.380201E+00  0.403554E+00  0.415679E+00  0.453968E+00
  -661.100  0.247787E+00  0.397513E+00  0.422279E+00  0.435178E+00  0.476105E+00
  -661.000  0.258967E+00  0.415204E+00  0.441278E+00  0.454895E+00  0.498276E+00
  -660.900  0.271036E+00  0.433362E+00  0.460630E+00  0.474902E+00  0.520526E+00
  -660.800  0.284046E+00  0.452067E+00  0.480411E+00  0.495272E+00  0.542911E+00
  -660.700  0.298012E+00  0.471387E+00  0.500691E+00  0.516075E+00  0.565489E+00
  -660.600  0.312905E+00  0.491365E+00  0.521521E+00  0.537364E+00  0.588320E+00
  -660.500  0.328655E+00  0.512016E+00  0.542931E+00  0.559176E+00  0.611455E+00
  -660.400  0.345142E+00  0.533316E+00  0.564916E+00  0.581516E+00  0.634926E+00
  -660.300  0.362202E+00  0.555204E+00  0.587439E+00  0.604358E+00  0.658744E+00
  -660.200  0.379633E+00  0.577573E+00  0.610418E+00  0.627636E+00  0.682885E+00
  -660.100  0.397197E+00  0.600272E+00  0.633730E+00  0.651241E+00  0.707293E+00
  -660.000  0.414631E+00  0.623106E+00  0.657208E+00  0.675021E+00  0.731866E+00
  -659.900  0.431659E+00  0.645844E+00  0.680643E+00  0.698782E+00  0.756459E+00
  -659.800  0.447998E+00  0.668217E+00  0.703789E+00  0.722288E+00  0.780885E+00
  -659.700  0.463377E+00  0.689935E+00  0.726367E+00  0.745272E+00  0.804910E+00
  -659.600  0.477541E+00  0.710688E+00  0.748075E+00  0.767435E+00  0.828263E+00
  -659.500  0.490266E+00  0.730162E+00  0.768597E+00  0.788462E+00  0.850643E+00
  -659.400  0.501364E+00  0.748047E+00  0.787612E+00  0.808031E+00  0.871723E+00
  -659.300  0.510689E+00  0.764048E+00  0.804807E+00  0.825819E+00  0.891164E+00
  -659.200  0.518143E+00  0.777897E+00  0.819888E+00  0.841519E+00  0.908626E+00
  -659.100  0.523678E+00  0.789361E+00  0.832589E+00  0.854851E+00  0.923783E+00
  -659.000  0.527293E+00  0.798254E+00  0.842686E+00  0.865568E+00  0.936333E+00
  -658.900  0.529033E+00  0.804437E+00  0.849999E+00  0.873473E+00  0.946011E+00
  -658.800  0.528981E+00  0.807831E+00  0.854409E+00  0.878421E+00  0.952604E+00
  -658.700  0.527261E+00  0.808414E+00  0.855851E+00  0.880328E+00  0.955958E+00
  -658.600  0.524021E+00  0.806224E+00  0.854329E+00  0.879176E+00  0.955987E+00
  -658.500  0.519432E+00  0.801358E+00  0.849906E+00  0.875012E+00  0.952678E+00
  -658.400  0.513679E+00  0.793965E+00  0.842710E+00  0.867948E+00  0.946092E+00
  -658.300  0.506954E+00  0.784246E+00  0.832923E+00  0.858157E+00  0.936365E+00
  -658.200  0.499449E+00  0.772439E+00  0.820778E+00  0.845866E+00  0.923701E+00
  -658.100  0.491346E+00  0.758817E+00  0.806548E+00  0.831349E+00  0.908367E+00
  -658.000  0.482817E+00  0.743672E+00  0.790539E+00  0.814914E+00  0.890680E+00
  -657.900  0.474017E+00  0.727310E+00  0.773073E+00  0.796894E+00  0.870995E+00
  -657.800  0.465076E+00  0.710033E+00  0.754481E+00  0.777634E+00  0.849693E+00
  -657.700  0.456103E+00  0.692138E+00  0.735090E+00  0.757475E+00  0.827163E+00
  -657.600  0.447180E+00  0.673898E+00  0.715212E+00  0.736747E+00  0.803792E+00
  -657.500  0.438361E+00  0.655561E+00  0.695130E+00  0.715756E+00  0.779947E+00
  -657.400  0.429676E+00  0.637340E+00  0.675099E+00  0.694775E+00  0.755963E+00
  -657.300  0.421129E+00  0.619410E+00  0.655331E+00  0.674037E+00  0.732138E+00
  -657.200  0.412705E+00  0.601905E+00  0.635995E+00  0.653730E+00  0.708722E+00
  -657.100  0.404368E+00  0.584919E+00  0.617217E+00  0.633997E+00  0.685913E+00
  -657.000  0.396072E+00  0.568506E+00  0.599078E+00  0.614934E+00  0.663855E+00
  -656.900  0.387760E+00  0.552682E+00  0.581616E+00  0.596592E+00  0.642642E+00
  -656.800  0.379373E+00  0.537434E+00  0.564836E+00  0.578984E+00  0.622320E+00
  -656.700  0.370854E+00  0.522723E+00  0.548710E+00  0.562090E+00  0.602893E+00
  -656.600  0.362154E+00  0.508491E+00  0.533186E+00  0.545862E+00  0.584330E+00
  -656.500  0.353233E+00  0.494670E+00  0.518198E+00  0.530234E+00  0.566574E+00
  -656.400  0.344071E+00  0.481185E+00  0.503669E+00  0.515131E+00  0.549552E+00
  -656.300  0.334664E+00  0.467965E+00  0.489522E+00  0.500474E+00  0.533181E+00
  -656.200  0.325032E+00  0.454948E+00  0.475686E+00  0.486187E+00  0.517381E+00
  -656.100  0.315215E+00  0.442084E+00  0.462104E+00  0.472209E+00  0.502077E+00
  -656.000  0.305276E+00  0.429343E+00  0.448731E+00  0.458490E+00  0.487207E+00
  -655.900  0.295300E+00  0.416715E+00  0.435546E+00  0.445003E+00  0.472730E+00
  -655.800  0.285387E+00  0.404210E+00  0.422548E+00  0.431741E+00  0.458622E+00
  -655.700  0.275654E+00  0.391863E+00  0.409758E+00  0.418720E+00  0.444882E+00
  -655.600  0.266229E+00  0.379729E+00  0.397219E+00  0.405975E+00  0.431528E+00
  -655.500  0.257243E+00  0.367878E+00  0.384990E+00  0.393561E+00  0.418598E+00
  -655.400  0.248826E+00  0.356396E+00  0.373147E+00  0.381547E+00  0.406142E+00
  -655.300  0.241102E+00  0.345380E+00  0.361775E+00  0.370013E+00  0.394219E+00
  -655.200  0.234183E+00  0.334928E+00  0.350963E+00  0.359042E+00  0.382894E+00
  -655.100  0.228163E+00  0.325138E+00  0.340799E+00  0.348718E+00  0.372230E+00
  -655.000  0.223112E+00  0.316099E+00  0.331367E+00  0.339118E+00  0.362284E+00
  -654.900  0.219077E+00  0.307892E+00  0.322739E+00  0.330309E+00  0.353102E+00
  -654.800  0.216075E+00  0.300578E+00  0.314971E+00  0.322344E+00  0.344718E+00
  -654.700  0.214091E+00  0.294200E+00  0.308102E+00  0.315259E+00  0.337148E+00
  -654.600  0.213085E+00  0.288780E+00  0.302152E+00  0.309069E+00  0.330393E+00
  -654.500  0.212985E+00  0.284317E+00  0.297119E+00  0.303772E+00  0.324437E+00
  -654.400  0.213695E+00  0.280785E+00  0.292980E+00  0.299344E+00  0.319249E+00
  -654.300  0.215096E+00  0.278139E+00  0.289694E+00  0.295745E+00  0.314784E+00
  -654.200  0.217051E+00  0.276314E+00  0.287201E+00  0.292916E+00  0.310986E+00
  -654.100  0.219412E+00  0.275225E+00  0.285426E+00  0.290788E+00  0.307793E+00
  -654.000  0.222021E+00  0.274775E+00  0.284283E+00  0.289279E+00  0.305136E+00
  -653.900  0.224718E+00  0.274856E+00  0.283675E+00  0.288298E+00  0.302944E+00
  -653.800  0.227348E+00  0.275350E+00  0.283501E+00  0.287751E+00  0.301145E+00
  -653.700  0.229761E+00  0.276138E+00  0.283652E+00  0.287540E+00  0.299667E+00
  -653.600  0.231822E+00  0.277098E+00  0.284023E+00  0.287564E+00  0.298440E+00
  -653.500  0.233412E+00  0.278112E+00  0.284508E+00  0.287726E+00  0.297395E+00
  -653.400  0.234431E+00  0.279066E+00  0.285003E+00  0.287931E+00  0.296466E+00
  -653.300  0.234806E+00  0.279854E+00  0.285411E+00  0.288087E+00  0.295585E+00
  -653.200  0.234488E+00  0.280382E+00  0.285644E+00  0.288110E+00  0.294690E+00
  -653.100  0.233456E+00  0.280568E+00  0.285622E+00  0.287922E+00  0.293718E+00
  -653.000  0.231721E+00  0.280344E+00  0.285275E+00  0.287454E+00  0.292609E+00
  -652.900  0.229322E+00  0.279663E+00  0.284547E+00  0.286649E+00  0.291304E+00
  -652.800  0.226330E+00  0.278492E+00  0.283397E+00  0.285461E+00  0.289752E+00
  -652.700  0.222846E+00  0.276822E+00  0.281799E+00  0.283856E+00  0.287906E+00
  -652.600  0.219001E+00  0.274661E+00  0.279746E+00  0.281820E+00  0.285726E+00
  -652.500  0.214951E+00  0.272042E+00  0.277246E+00  0.279351E+00  0.283186E+00
  -652.400  0.210879E+00  0.269017E+00  0.274330E+00  0.276468E+00  0.280267E+00
  -652.300  0.206992E+00  0.265660E+00  0.271046E+00  0.273205E+00  0.276969E+00
  -652.200  0.203512E+00  0.262066E+00  0.267463E+00  0.269619E+00  0.273307E+00
  -652.100  0.200681E+00  0.258348E+00  0.263669E+00  0.265783E+00  0.269313E+00
  -652.000  0.198750E+00  0.254640E+00  0.259769E+00  0.261791E+00  0.265038E+00
  -651.900  0.197979E+00  0.251089E+00  0.255890E+00  0.257753E+00  0.260553E+00
  -651.800  0.198631E+00  0.247860E+00  0.252170E+00  0.253800E+00  0.255950E+00
  -651.700  0.200964E+00  0.245127E+00  0.248767E+00  0.250076E+00  0.251339E+00
  -651.600  0.205229E+00  0.243074E+00  0.245847E+00  0.246739E+00  0.246848E+00
  -651.500  0.211662E+00  0.241892E+00  0.243587E+00  0.243959E+00  0.242623E+00
  -651.400  0.220477E+00  0.241770E+00  0.242169E+00  0.241912E+00  0.238821E+00
  -651.300  0.231857E+00  0.242896E+00  0.241774E+00  0.240777E+00  0.235609E+00
  -651.200  0.245947E+00  0.245444E+00  0.242580E+00  0.240732E+00  0.233158E+00
  -651.100  0.262849E+00  0.249574E+00  0.244751E+00  0.241941E+00  0.231639E+00
  -651.000  0.282606E+00  0.255421E+00  0.248433E+00  0.244557E+00  0.231213E+00
  -650.900  0.305202E+00  0.263087E+00  0.253745E+00  0.248706E+00  0.232024E+00
  -650.800  0.330550E+00  0.272635E+00  0.260772E+00  0.254482E+00  0.234196E+00
  -650.700  0.358488E+00  0.284079E+00  0.269555E+00  0.261942E+00  0.237818E+00
  -650.600  0.388778E+00  0.297382E+00  0.280090E+00  0.271095E+00  0.242944E+00
  -650.500  0.421101E+00  0.312450E+00  0.292319E+00  0.281901E+00  0.249583E+00
  -650.400  0.455066E+00  0.329129E+00  0.306126E+00  0.294265E+00  0.257696E+00
  -650.300  0.490211E+00  0.347206E+00  0.321344E+00  0.308040E+00  0.267195E+00
  -650.200  0.526017E+00  0.366413E+00  0.337747E+00  0.323022E+00  0.277941E+00
  -650.100  0.561919E+00  0.386437E+00  0.355065E+00  0.338964E+00  0.289749E+00
  -650.000  0.597327E+00  0.406924E+00  0.372986E+00  0.355575E+00  0.302394E+00
  -649.900  0.631641E+00  0.427494E+00  0.391172E+00  0.372535E+00  0.315616E+00
  -649.800  0.664277E+00  0.447756E+00  0.409265E+00  0.389507E+00  0.329134E+00
  -649.700  0.694683E+00  0.467323E+00  0.426908E+00  0.406148E+00  0.342652E+00
  -649.600  0.722362E+00  0.485823E+00  0.443753E+00  0.422123E+00  0.355875E+00
  -649.500  0.746889E+00  0.502921E+00  0.459479E+00  0.437119E+00  0.368521E+00
  -649.400  0.767925E+00  0.518323E+00  0.473802E+00  0.450857E+00  0.380328E+00
  -649.300  0.785223E+00  0.531791E+00  0.486483E+00  0.463100E+00  0.391066E+00
  -649.200  0.798637E+00  0.543148E+00  0.497340E+00  0.473662E+00  0.400547E+00
  -649.100  0.808114E+00  0.552278E+00  0.506244E+00  0.482409E+00  0.408622E+00
  -649.000  0.813692E+00  0.559131E+00  0.513124E+00  0.489262E+00  0.415193E+00
  -648.900  0.815486E+00  0.563708E+00  0.517963E+00  0.494192E+00  0.420203E+00
  -648.800  0.813676E+00  0.566065E+00  0.520791E+00  0.497219E+00  0.423637E+00
  -648.700  0.808485E+00  0.566293E+00  0.521675E+00  0.498397E+00  0.425518E+00
  -648.600  0.800165E+00  0.564514E+00  0.520713E+00  0.497811E+00  0.425897E+00
  -648.500  0.788983E+00  0.560864E+00  0.518019E+00  0.495567E+00  0.424846E+00
  -648.400  0.775200E+00  0.555486E+00  0.513716E+00  0.491775E+00  0.422449E+00
  -648.300  0.759064E+00  0.548516E+00  0.507925E+00  0.486551E+00  0.418795E+00
  -648.200  0.740800E+00  0.540080E+00  0.500759E+00  0.480000E+00  0.413974E+00
  -648.100  0.720610E+00  0.530287E+00  0.492317E+00  0.472216E+00  0.408063E+00
  -648.000  0.698666E+00  0.519222E+00  0.482680E+00  0.463277E+00  0.401131E+00
  -647.900  0.675122E+00  0.506955E+00  0.471911E+00  0.453246E+00  0.393232E+00
  -647.800  0.650110E+00  0.493537E+00  0.460059E+00  0.442166E+00  0.384409E+00
  -647.700  0.623757E+00  0.479007E+00  0.447157E+00  0.430074E+00  0.374690E+00
  -647.600  0.596187E+00  0.463395E+00  0.433235E+00  0.416993E+00  0.364097E+00
  -647.500  0.567532E+00  0.446737E+00  0.418318E+00  0.402950E+00  0.352648E+00
  -647.400  0.537938E+00  0.429070E+00  0.402440E+00  0.387972E+00  0.340361E+00
  -647.300  0.507571E+00  0.410449E+00  0.385642E+00  0.372098E+00  0.327263E+00
  -647.200  0.476616E+00  0.390946E+00  0.367985E+00  0.355380E+00  0.313389E+00
  -647.100  0.445284E+00  0.370656E+00  0.349548E+00  0.337891E+00  0.298791E+00
  -647.000  0.413806E+00  0.349697E+00  0.330432E+00  0.319725E+00  0.283539E+00
  -646.900  0.382428E+00  0.328212E+00  0.310763E+00  0.300998E+00  0.267723E+00
  -646.800  0.351409E+00  0.306367E+00  0.290688E+00  0.281846E+00  0.251451E+00
  -646.700  0.321011E+00  0.284344E+00  0.270372E+00  0.262427E+00  0.234853E+00
  -646.600  0.291495E+00  0.262343E+00  0.249995E+00  0.242910E+00  0.218070E+00
  -646.500  0.263113E+00  0.240567E+00  0.229747E+00  0.223479E+00  0.201259E+00
  -646.400  0.236097E+00  0.219224E+00  0.209822E+00  0.204318E+00  0.184581E+00
  -646.300  0.210662E+00  0.198516E+00  0.190410E+00  0.185613E+00  0.168199E+00
  -646.200  0.186996E+00  0.178635E+00  0.171695E+00  0.167541E+00  0.152274E+00
  -646.100  0.165258E+00  0.159756E+00  0.153846E+00  0.150269E+00  0.136958E+00
  -646.000  0.145578E+00  0.142033E+00  0.137015E+00  0.133945E+00  0.122389E+00
  -645.900  0.128057E+00  0.125600E+00  0.121333E+00  0.118700E+00  0.108691E+00
  -645.800  0.112768E+00  0.110564E+00  0.106906E+00  0.104639E+00  0.959654E-01
  -645.700  0.997557E-01  0.970037E-01  0.938186E-01  0.918471E-01  0.842952E-01
  -645.600  0.890408E-01  0.849757E-01  0.821276E-01  0.803821E-01  0.737408E-01
  -645.500  0.806206E-01  0.745097E-01  0.718674E-01  0.702801E-01  0.643413E-01
  -645.400  0.744713E-01  0.656133E-01  0.630496E-01  0.615549E-01  0.561150E-01
  -645.300  0.705485E-01  0.582729E-01  0.556657E-01  0.542000E-01  0.490618E-01
  -645.200  0.687882E-01  0.524564E-01  0.496886E-01  0.481910E-01  0.431641E-01
  -645.100  0.691068E-01  0.481157E-01  0.450758E-01  0.434881E-01  0.383899E-01
  -645.000  0.714008E-01  0.451887E-01  0.417710E-01  0.400381E-01  0.346950E-01
  -644.900  0.755466E-01  0.436015E-01  0.397071E-01  0.377769E-01  0.320248E-01
  -644.800  0.814004E-01  0.432701E-01  0.388074E-01  0.366317E-01  0.303172E-01
  -644.700  0.887982E-01  0.441025E-01  0.389880E-01  0.365225E-01  0.295038E-01
  -644.600  0.975576E-01  0.459994E-01  0.401593E-01  0.373642E-01  0.295123E-01
  -644.500  0.107480E+00  0.488566E-01  0.422271E-01  0.390677E-01  0.302676E-01
  -644.400  0.118352E+00  0.525653E-01  0.450944E-01  0.415411E-01  0.316933E-01
  -644.300  0.129954E+00  0.570141E-01  0.486619E-01  0.446913E-01  0.337124E-01
  -644.200  0.142061E+00  0.620898E-01  0.528296E-01  0.484245E-01  0.362483E-01
  -644.100  0.154452E+00  0.676788E-01  0.574975E-01  0.526468E-01  0.392252E-01
  -644.000  0.166913E+00  0.736682E-01  0.625661E-01  0.572656E-01  0.425685E-01
  -643.900  0.179242E+00  0.799464E-01  0.679372E-01  0.621890E-01  0.462049E-01
  -643.800  0.191259E+00  0.864039E-01  0.735142E-01  0.673266E-01  0.500622E-01
  -643.700  0.202801E+00  0.929336E-01  0.792019E-01  0.725894E-01  0.540690E-01
  -643.600  0.213728E+00  0.994309E-01  0.849067E-01  0.778894E-01  0.581545E-01
  -643.500  0.223922E+00  0.105794E+00  0.905361E-01  0.831393E-01  0.622475E-01
  -643.400  0.233285E+00  0.111922E+00  0.959987E-01  0.882523E-01  0.662768E-01
  -643.300  0.241732E+00  0.117718E+00  0.101204E+00  0.931419E-01  0.701704E-01
  -643.200  0.249193E+00  0.123085E+00  0.106061E+00  0.977220E-01  0.738559E-01
  -643.100  0.255604E+00  0.127931E+00  0.110483E+00  0.101908E+00  0.772609E-01
  -643.000  0.260907E+00  0.132163E+00  0.114382E+00  0.105616E+00  0.803140E-01
  -642.900  0.265044E+00  0.135698E+00  0.117678E+00  0.108767E+00  0.829464E-01
  -642.800  0.267959E+00  0.138457E+00  0.120294E+00  0.111287E+00  0.850939E-01
  -642.700  0.269599E+00  0.140371E+00  0.122164E+00  0.113112E+00  0.866990E-01
  -642.600  0.269918E+00  0.141385E+00  0.123233E+00  0.114187E+00  0.877138E-01
  -642.500  0.268879E+00  0.141459E+00  0.123461E+00  0.114474E+00  0.881023E-01
  -642.400  0.266462E+00  0.140575E+00  0.122827E+00  0.113951E+00  0.878426E-01
  -642.300  0.262668E+00  0.138734E+00  0.121330E+00  0.112614E+00  0.869291E-01
  -642.200  0.257528E+00  0.135962E+00  0.118990E+00  0.110483E+00  0.853734E-01
  -642.100  0.251105E+00  0.132308E+00  0.115850E+00  0.107595E+00  0.832049E-01
  -642.000  0.243495E+00  0.127846E+00  0.111974E+00  0.104011E+00  0.804698E-01
  -641.900  0.234834E+00  0.122671E+00  0.107447E+00  0.998100E-01  0.772304E-01
  -641.800  0.225291E+00  0.116898E+00  0.102371E+00  0.950876E-01  0.735621E-01
  -641.700  0.215067E+00  0.110657E+00  0.968614E-01  0.899523E-01  0.695511E-01
  -641.600  0.204387E+00  0.104088E+00  0.910444E-01  0.845217E-01  0.652908E-01
  -641.500  0.193500E+00  0.973376E-01  0.850504E-01  0.789184E-01  0.608782E-01
  -641.400  0.182663E+00  0.905546E-01  0.790110E-01  0.732652E-01  0.564108E-01
  -641.300  0.172138E+00  0.838829E-01  0.730540E-01  0.676819E-01  0.519825E-01
  -641.200  0.162184E+00  0.774589E-01  0.673002E-01  0.622808E-01  0.476815E-01
  -641.100  0.153044E+00  0.714075E-01  0.618594E-01  0.571646E-01  0.435877E-01
  -641.000  0.144944E+00  0.658394E-01  0.568287E-01  0.524231E-01  0.397706E-01
  -640.900  0.138081E+00  0.608485E-01  0.522900E-01  0.481325E-01  0.362885E-01
  -640.800  0.132621E+00  0.565106E-01  0.483091E-01  0.443535E-01  0.331878E-01
  -640.700  0.128690E+00  0.528825E-01  0.449352E-01  0.411315E-01  0.305026E-01
  -640.600  0.126369E+00  0.500013E-01  0.422005E-01  0.384963E-01  0.282551E-01
  -640.500  0.125696E+00  0.478849E-01  0.401206E-01  0.364623E-01  0.264564E-01
  -640.400  0.126657E+00  0.465320E-01  0.386952E-01  0.350294E-01  0.251067E-01
  -640.300  0.129188E+00  0.459232E-01  0.379088E-01  0.341838E-01  0.241964E-01
  -640.200  0.133177E+00  0.460219E-01  0.377317E-01  0.338993E-01  0.237072E-01
  -640.100  0.138463E+00  0.467757E-01  0.381217E-01  0.341379E-01  0.236131E-01
  -640.000  0.144844E+00  0.481186E-01  0.390252E-01  0.348518E-01  0.238811E-01
  -639.900  0.152080E+00  0.499725E-01  0.403790E-01  0.359846E-01  0.244723E-01
  -639.800  0.159906E+00  0.522498E-01  0.421122E-01  0.374731E-01  0.253435E-01
  -639.700  0.168038E+00  0.548564E-01  0.441482E-01  0.392487E-01  0.264476E-01
  -639.600  0.176187E+00  0.576935E-01  0.464068E-01  0.412397E-01  0.277353E-01
  -639.500  0.184068E+00  0.606616E-01  0.488063E-01  0.433729E-01  0.291556E-01
  -639.400  0.191412E+00  0.636621E-01  0.512657E-01  0.455752E-01  0.306575E-01
  -639.300  0.197977E+00  0.666007E-01  0.537064E-01  0.477759E-01  0.321909E-01
  -639.200  0.203553E+00  0.693891E-01  0.560544E-01  0.499074E-01  0.337072E-01
  -639.100  0.207970E+00  0.719472E-01  0.582413E-01  0.519074E-01  0.351607E-01
  -639.000  0.211101E+00  0.742042E-01  0.602059E-01  0.537193E-01  0.365093E-01
  -638.900  0.212862E+00  0.760995E-01  0.618946E-01  0.552934E-01  0.377148E-01
  -638.800  0.213212E+00  0.775836E-01  0.632624E-01  0.565873E-01  0.387437E-01
  -638.700  0.212147E+00  0.786176E-01  0.642728E-01  0.575663E-01  0.395675E-01
  -638.600  0.209698E+00  0.791735E-01  0.648981E-01  0.582030E-01  0.401630E-01
  -638.500  0.205925E+00  0.792336E-01  0.651191E-01  0.584784E-01  0.405122E-01
  -638.400  0.200910E+00  0.787902E-01  0.649248E-01  0.583805E-01  0.406029E-01
  -638.300  0.194752E+00  0.778451E-01  0.643128E-01  0.579051E-01  0.404280E-01
  -638.200  0.187565E+00  0.764091E-01  0.632880E-01  0.570551E-01  0.399861E-01
  -638.100  0.179471E+00  0.745016E-01  0.618634E-01  0.558408E-01  0.392813E-01
  -638.000  0.170601E+00  0.721501E-01  0.600592E-01  0.542790E-01  0.383228E-01
  -637.900  0.161089E+00  0.693903E-01  0.579025E-01  0.523933E-01  0.371249E-01
  -637.800  0.151072E+00  0.662646E-01  0.554269E-01  0.502132E-01  0.357068E-01
  -637.700  0.140689E+00  0.628222E-01  0.526722E-01  0.477740E-01  0.340918E-01
  -637.600  0.130080E+00  0.591178E-01  0.496828E-01  0.451155E-01  0.323071E-01
  -637.500  0.119383E+00  0.552103E-01  0.465075E-01  0.422814E-01  0.303831E-01
  -637.400  0.108733E+00  0.511613E-01  0.431977E-01  0.393182E-01  0.283522E-01
  -637.300  0.982583E-01  0.470339E-01  0.398060E-01  0.362737E-01  0.262484E-01
  -637.200  0.880782E-01  0.428901E-01  0.363849E-01  0.331954E-01  0.241056E-01
  -637.100  0.783013E-01  0.387896E-01  0.329851E-01  0.301296E-01  0.219574E-01
  -637.000  0.690217E-01  0.347879E-01  0.296539E-01  0.271197E-01  0.198353E-01
  -636.900  0.603172E-01  0.309346E-01  0.264342E-01  0.242049E-01  0.177684E-01
  -636.800  0.522478E-01  0.272720E-01  0.233628E-01  0.214194E-01  0.157821E-01
  -636.700  0.448547E-01  0.238347E-01  0.204703E-01  0.187914E-01  0.138981E-01
  -636.600  0.381604E-01  0.206487E-01  0.177800E-01  0.163429E-01  0.121336E-01
  -636.500  0.321697E-01  0.177313E-01  0.153083E-01  0.140895E-01  0.105013E-01
  -636.400  0.268709E-01  0.150917E-01  0.130643E-01  0.120403E-01  0.900933E-02
  -636.300  0.222383E-01  0.127311E-01  0.110510E-01  0.101986E-01  0.766161E-02
  -636.200  0.182345E-01  0.106445E-01  0.926522E-02  0.856228E-02  0.645820E-02
  -636.100  0.148137E-01  0.882075E-02  0.769923E-02  0.712495E-02  0.539578E-02
  -636.000  0.119238E-01  0.724448E-02  0.634119E-02  0.587637E-02  0.446824E-02
  -635.900  0.950951E-02  0.589699E-02  0.517633E-02  0.480360E-02  0.366732E-02
  -635.800  0.751474E-02  0.475745E-02  0.418792E-02  0.389179E-02  0.298318E-02
  -635.700  0.588440E-02  0.380401E-02  0.335812E-02  0.312501E-02  0.240501E-02
  -635.600  0.456610E-02  0.301460E-02  0.266876E-02  0.248694E-02  0.192154E-02
  -635.500  0.351130E-02  0.236774E-02  0.210200E-02  0.196147E-02  0.152146E-02
  -635.400  0.267603E-02  0.184311E-02  0.164079E-02  0.153316E-02  0.119380E-02
  -635.300  0.202133E-02  0.142191E-02  0.126928E-02  0.118759E-02  0.928202E-03
  -635.200  0.151330E-02  0.108712E-02  0.973027E-03  0.911592E-03  0.715099E-03
  -635.100  0.112296E-02  0.823660E-03  0.739154E-03  0.693363E-03  0.545851E-03
  -635.000  0.825972E-03  0.618390E-03  0.556364E-03  0.522540E-03  0.412793E-03
  -634.900  0.602181E-03  0.460033E-03  0.414919E-03  0.390160E-03  0.309246E-03
  -634.800  0.435156E-03  0.339073E-03  0.306556E-03  0.288595E-03  0.229481E-03
  -634.700  0.311676E-03  0.247590E-03  0.224365E-03  0.211455E-03  0.168661E-03
  -634.600  0.221249E-03  0.179086E-03  0.162649E-03  0.153454E-03  0.122760E-03
  -634.500  0.155651E-03  0.128302E-03  0.116775E-03  0.110285E-03  0.884755E-04
  -634.400  0.108511E-03  0.910304E-04  0.830218E-04  0.784843E-04  0.631329E-04
  -634.300  0.749557E-04  0.639540E-04  0.584414E-04  0.552986E-04  0.445961E-04
  -634.200  0.512972E-04  0.444851E-04  0.407262E-04  0.385701E-04  0.311808E-04
  -634.100  0.347763E-04  0.306312E-04  0.280924E-04  0.266274E-04  0.215756E-04
  -634.000  0.233514E-04  0.208761E-04  0.191779E-04  0.181922E-04  0.147728E-04
  -633.900  0.155279E-04  0.140801E-04  0.129552E-04  0.122985E-04  0.100075E-04
  -633.800  0.102239E-04  0.939643E-05  0.865867E-05  0.822562E-05  0.000000E+00
  -633.700  0.000000E+00  0.000000E+00  0.000000E+00  0.000000E+00  0.000000E+00
  -633.600  0.000000E+00  0.000000E+00  0.000000E+00  0.000000E+00  0.000000E+00
  -633.500  0.000000E+00  0.000000E+00  0.000000E+00  0.000000E+00  0.000000E+00
  -633.400  0.000000E+00  0.000000E+00  0.000000E+00  0.000000E+00  0.000000E+00
  -633.300  0.000000E+00  0.000000E+00  0.000000E+00  0.000000E+00  0.000000E+00
  -633.200  0.000000E+00  0.000000E+00  0.000000E+00  0.000000E+00  0.000000E+00
  -633.100  0.000000E+00  0.000000E+00  0.000000E+00  0.000000E+00  0.000000E+00
  -633.000  0.000000E+00  0.000000E+00  0.000000E+00  0.000000E+00  0.000000E+00
  -632.900  0.000000E+00  0.000000E+00  0.000000E+00  0.000000E+00  0.000000E+00
  -632.800  0.000000E+00  0.000000E+00  0.000000E+00  0.000000E+00  0.000000E+00
  -632.700  0.000000E+00  0.000000E+00  0.000000E+00  0.000000E+00  0.000000E+00
  -632.600  0.000000E+00  0.000000E+00  0.000000E+00  0.000000E+00  0.000000E+00
  -632.500  0.000000E+00  0.000000E+00  0.000000E+00  0.000000E+00  0.000000E+00
  -632.400  0.000000E+00  0.000000E+00  0.000000E+00  0.000000E+00  0.000000E+00
  -632.300  0.000000E+00  0.000000E+00  0.000000E+00  0.000000E+00  0.000000E+00
  -632.200  0.000000E+00  0.000000E+00  0.000000E+00  0.000000E+00  0.000000E+00
  -632.100  0.000000E+00  0.000000E+00  0.000000E+00  0.000000E+00  0.000000E+00
  -632.000  0.000000E+00  0.000000E+00  0.000000E+00  0.000000E+00  0.000000E+00
  -631.900  0.000000E+00  0.000000E+00  0.000000E+00  0.000000E+00  0.000000E+00
  -631.800  0.000000E+00  0.000000E+00  0.000000E+00  0.000000E+00  0.000000E+00
  -631.700  0.000000E+00  0.000000E+00  0.000000E+00  0.000000E+00  0.000000E+00
  -631.600  0.000000E+00  0.000000E+00  0.000000E+00  0.000000E+00  0.000000E+00
  -631.500  0.000000E+00  0.000000E+00  0.000000E+00  0.000000E+00  0.000000E+00
  -631.400  0.000000E+00  0.000000E+00  0.000000E+00  0.000000E+00  0.000000E+00
  -631.300  0.000000E+00  0.000000E+00  0.000000E+00  0.000000E+00  0.000000E+00
  -631.200  0.000000E+00  0.000000E+00  0.000000E+00  0.000000E+00  0.000000E+00
  -631.100  0.000000E+00  0.000000E+00  0.000000E+00  0.000000E+00  0.000000E+00
  -631.000  0.000000E+00  0.000000E+00  0.000000E+00  0.000000E+00  0.000000E+00
  -630.900  0.000000E+00  0.000000E+00  0.000000E+00  0.000000E+00  0.000000E+00
  -630.800  0.000000E+00  0.000000E+00  0.000000E+00  0.000000E+00  0.000000E+00
  -630.700  0.000000E+00  0.000000E+00  0.000000E+00  0.000000E+00  0.000000E+00
  -630.600  0.000000E+00  0.000000E+00  0.000000E+00  0.000000E+00  0.000000E+00
  -630.500  0.000000E+00  0.000000E+00  0.000000E+00  0.000000E+00  0.000000E+00
  -630.400  0.000000E+00  0.000000E+00  0.000000E+00  0.000000E+00  0.000000E+00
  -630.300  0.000000E+00  0.000000E+00  0.000000E+00  0.000000E+00  0.000000E+00
  -630.200  0.000000E+00  0.000000E+00  0.000000E+00  0.000000E+00  0.000000E+00
  -630.100  0.000000E+00  0.000000E+00  0.000000E+00  0.000000E+00  0.000000E+00
  -630.000  0.000000E+00  0.000000E+00  0.000000E+00  0.000000E+00  0.000000E+00
  -629.900  0.000000E+00  0.000000E+00  0.000000E+00  0.000000E+00  0.000000E+00
  -629.800  0.000000E+00  0.000000E+00  0.000000E+00  0.000000E+00  0.000000E+00
  -629.700  0.000000E+00  0.000000E+00  0.000000E+00  0.000000E+00  0.000000E+00
  -629.600  0.000000E+00  0.000000E+00  0.000000E+00  0.000000E+00  0.000000E+00
  -629.500  0.000000E+00  0.000000E+00  0.000000E+00  0.000000E+00  0.000000E+00
  -629.400  0.000000E+00  0.000000E+00  0.000000E+00  0.000000E+00  0.000000E+00
  -629.300  0.000000E+00  0.000000E+00  0.000000E+00  0.000000E+00  0.000000E+00
  -629.200  0.000000E+00  0.000000E+00  0.000000E+00  0.000000E+00  0.000000E+00
  -629.100  0.000000E+00  0.000000E+00  0.000000E+00  0.000000E+00  0.000000E+00
  -629.000  0.000000E+00  0.000000E+00  0.000000E+00  0.000000E+00  0.000000E+00
  -628.900  0.000000E+00  0.000000E+00  0.000000E+00  0.000000E+00  0.000000E+00
  -628.800  0.000000E+00  0.000000E+00  0.000000E+00  0.000000E+00  0.000000E+00
  -628.700  0.000000E+00  0.000000E+00  0.000000E+00  0.000000E+00  0.000000E+00
  -628.600  0.000000E+00  0.000000E+00  0.000000E+00  0.000000E+00  0.000000E+00
  -628.500  0.000000E+00  0.000000E+00  0.000000E+00  0.000000E+00  0.000000E+00
  -628.400  0.000000E+00  0.000000E+00  0.000000E+00  0.000000E+00  0.000000E+00
  -628.300  0.000000E+00  0.000000E+00  0.000000E+00  0.000000E+00  0.000000E+00
  -628.200  0.000000E+00  0.000000E+00  0.000000E+00  0.000000E+00  0.000000E+00
  -628.100  0.000000E+00  0.000000E+00  0.000000E+00  0.000000E+00  0.000000E+00
  -628.000  0.000000E+00  0.000000E+00  0.000000E+00  0.000000E+00  0.000000E+00
  -627.900  0.000000E+00  0.000000E+00  0.000000E+00  0.000000E+00  0.000000E+00
  -627.800  0.000000E+00  0.000000E+00  0.000000E+00  0.000000E+00  0.000000E+00
  -627.700  0.000000E+00  0.000000E+00  0.000000E+00  0.000000E+00  0.000000E+00
  -627.600  0.000000E+00  0.000000E+00  0.000000E+00  0.000000E+00  0.000000E+00
  -627.500  0.000000E+00  0.000000E+00  0.000000E+00  0.000000E+00  0.000000E+00
  -627.400  0.000000E+00  0.000000E+00  0.000000E+00  0.000000E+00  0.000000E+00
  -627.300  0.000000E+00  0.000000E+00  0.000000E+00  0.000000E+00  0.000000E+00
  -627.200  0.000000E+00  0.000000E+00  0.000000E+00  0.000000E+00  0.000000E+00
  -627.100  0.000000E+00  0.000000E+00  0.000000E+00  0.000000E+00  0.000000E+00
  -627.000  0.000000E+00  0.000000E+00  0.000000E+00  0.000000E+00  0.000000E+00
  -626.900  0.000000E+00  0.000000E+00  0.000000E+00  0.000000E+00  0.000000E+00
  -626.800  0.000000E+00  0.000000E+00  0.000000E+00  0.000000E+00  0.000000E+00
  -626.700  0.000000E+00  0.000000E+00  0.000000E+00  0.000000E+00  0.000000E+00
  -626.600  0.000000E+00  0.000000E+00  0.000000E+00  0.000000E+00  0.000000E+00
  -626.500  0.000000E+00  0.000000E+00  0.000000E+00  0.000000E+00  0.000000E+00
  -626.400  0.000000E+00  0.000000E+00  0.000000E+00  0.000000E+00  0.000000E+00
  -626.300  0.000000E+00  0.000000E+00  0.000000E+00  0.000000E+00  0.000000E+00
  -626.200  0.000000E+00  0.000000E+00  0.000000E+00  0.000000E+00  0.000000E+00
  -626.100  0.000000E+00  0.000000E+00  0.000000E+00  0.000000E+00  0.000000E+00
  -626.000  0.000000E+00  0.000000E+00  0.000000E+00  0.000000E+00  0.000000E+00
  -625.900  0.000000E+00  0.000000E+00  0.000000E+00  0.000000E+00  0.000000E+00
  -625.800  0.000000E+00  0.000000E+00  0.000000E+00  0.000000E+00  0.000000E+00
  -625.700  0.000000E+00  0.000000E+00  0.000000E+00  0.000000E+00  0.000000E+00
  -625.600  0.000000E+00  0.000000E+00  0.000000E+00  0.000000E+00  0.000000E+00
  -625.500  0.000000E+00  0.000000E+00  0.000000E+00  0.000000E+00  0.000000E+00
  -625.400  0.000000E+00  0.000000E+00  0.000000E+00  0.000000E+00  0.000000E+00
  -625.300  0.000000E+00  0.000000E+00  0.000000E+00  0.000000E+00  0.000000E+00
  -625.200  0.000000E+00  0.000000E+00  0.000000E+00  0.000000E+00  0.000000E+00
  -625.100  0.000000E+00  0.000000E+00  0.000000E+00  0.000000E+00  0.000000E+00
  -625.000  0.000000E+00  0.000000E+00  0.000000E+00  0.000000E+00  0.000000E+00
  -624.900  0.000000E+00  0.000000E+00  0.000000E+00  0.000000E+00  0.000000E+00
  -624.800  0.000000E+00  0.000000E+00  0.000000E+00  0.000000E+00  0.000000E+00
  -624.700  0.000000E+00  0.000000E+00  0.000000E+00  0.000000E+00  0.000000E+00
  -624.600  0.000000E+00  0.000000E+00  0.000000E+00  0.000000E+00  0.000000E+00
  -624.500  0.000000E+00  0.000000E+00  0.000000E+00  0.000000E+00  0.000000E+00
  -624.400  0.000000E+00  0.000000E+00  0.000000E+00  0.000000E+00  0.000000E+00
  -624.300  0.000000E+00  0.000000E+00  0.000000E+00  0.000000E+00  0.000000E+00
  -624.200  0.000000E+00  0.000000E+00  0.000000E+00  0.000000E+00  0.000000E+00
  -624.100  0.000000E+00  0.000000E+00  0.000000E+00  0.000000E+00  0.000000E+00
  -624.000  0.000000E+00  0.000000E+00  0.000000E+00  0.000000E+00  0.000000E+00
  -623.900  0.000000E+00  0.000000E+00  0.000000E+00  0.000000E+00  0.000000E+00
  -623.800  0.000000E+00  0.000000E+00  0.000000E+00  0.000000E+00  0.000000E+00
  -623.700  0.000000E+00  0.000000E+00  0.000000E+00  0.000000E+00  0.000000E+00
  -623.600  0.000000E+00  0.000000E+00  0.000000E+00  0.000000E+00  0.000000E+00
  -623.500  0.000000E+00  0.000000E+00  0.000000E+00  0.000000E+00  0.000000E+00
  -623.400  0.000000E+00  0.000000E+00  0.000000E+00  0.000000E+00  0.000000E+00
  -623.300  0.000000E+00  0.000000E+00  0.000000E+00  0.000000E+00  0.000000E+00
  -623.200  0.000000E+00  0.000000E+00  0.000000E+00  0.000000E+00  0.000000E+00
  -623.100  0.000000E+00  0.000000E+00  0.000000E+00  0.000000E+00  0.000000E+00
  -623.000  0.000000E+00  0.000000E+00  0.000000E+00  0.000000E+00  0.000000E+00
  -622.900  0.000000E+00  0.000000E+00  0.000000E+00  0.000000E+00  0.000000E+00
  -622.800  0.000000E+00  0.000000E+00  0.000000E+00  0.000000E+00  0.000000E+00
  -622.700  0.000000E+00  0.000000E+00  0.000000E+00  0.000000E+00  0.000000E+00
  -622.600  0.000000E+00  0.000000E+00  0.000000E+00  0.000000E+00  0.000000E+00
  -622.500  0.000000E+00  0.000000E+00  0.000000E+00  0.000000E+00  0.000000E+00
  -622.400  0.000000E+00  0.000000E+00  0.000000E+00  0.000000E+00  0.000000E+00
  -622.300  0.000000E+00  0.000000E+00  0.000000E+00  0.000000E+00  0.000000E+00
  -622.200  0.000000E+00  0.000000E+00  0.000000E+00  0.000000E+00  0.000000E+00
  -622.100  0.000000E+00  0.000000E+00  0.000000E+00  0.000000E+00  0.000000E+00
  -622.000  0.000000E+00  0.000000E+00  0.000000E+00  0.000000E+00  0.000000E+00
  -621.900  0.000000E+00  0.000000E+00  0.000000E+00  0.000000E+00  0.000000E+00
  -621.800  0.000000E+00  0.000000E+00  0.000000E+00  0.000000E+00  0.000000E+00
  -621.700  0.000000E+00  0.000000E+00  0.000000E+00  0.000000E+00  0.000000E+00
  -621.600  0.000000E+00  0.000000E+00  0.000000E+00  0.000000E+00  0.000000E+00
  -621.500  0.000000E+00  0.000000E+00  0.000000E+00  0.000000E+00  0.000000E+00
  -621.400  0.000000E+00  0.000000E+00  0.000000E+00  0.000000E+00  0.000000E+00
  -621.300  0.000000E+00  0.000000E+00  0.000000E+00  0.000000E+00  0.000000E+00
  -621.200  0.000000E+00  0.000000E+00  0.000000E+00  0.000000E+00  0.000000E+00
  -621.100  0.000000E+00  0.000000E+00  0.000000E+00  0.000000E+00  0.000000E+00
  -621.000  0.000000E+00  0.000000E+00  0.000000E+00  0.000000E+00  0.000000E+00
  -620.900  0.000000E+00  0.000000E+00  0.000000E+00  0.000000E+00  0.000000E+00
  -620.800  0.000000E+00  0.000000E+00  0.000000E+00  0.000000E+00  0.000000E+00
  -620.700  0.000000E+00  0.000000E+00  0.000000E+00  0.000000E+00  0.000000E+00
  -620.600  0.000000E+00  0.000000E+00  0.000000E+00  0.000000E+00  0.000000E+00
  -620.500  0.000000E+00  0.000000E+00  0.000000E+00  0.000000E+00  0.000000E+00
  -620.400  0.000000E+00  0.000000E+00  0.000000E+00  0.000000E+00  0.000000E+00
  -620.300  0.000000E+00  0.000000E+00  0.000000E+00  0.000000E+00  0.000000E+00
  -620.200  0.000000E+00  0.000000E+00  0.000000E+00  0.000000E+00  0.000000E+00
  -620.100  0.000000E+00  0.000000E+00  0.000000E+00  0.000000E+00  0.000000E+00
  -620.000  0.000000E+00  0.000000E+00  0.000000E+00  0.000000E+00  0.000000E+00
