Structure,Energy,Nucleus,delta_iso
01,-68563.199508,Sn01,655.984964279
01,-68563.199508,Sn02,661.324344946
01,-68563.199508,Sn03,657.535273849
01,-68563.199508,Sn04,657.535651206
01,-68563.199508,Sn05,656.183660378
01,-68563.199508,Sn06,656.183296028
01,-68563.199508,Sn07,658.680216387
01,-68563.199508,Sn08,657.268404967
01,-68563.199508,Sn09,657.268415047
01,-68563.199508,Sn10,658.680477482
02,-68563.226232,Sn01,657.616275836
02,-68563.226232,Sn02,656.228404683
02,-68563.226232,Sn03,655.324092842
02,-68563.226232,Sn04,657.737378697
02,-68563.226232,Sn05,655.857625907
02,-68563.226232,Sn06,655.934937986
02,-68563.226232,Sn07,657.96436213
02,-68563.226232,Sn08,650.877606312
02,-68563.226232,Sn09,658.488522981
02,-68563.226232,Sn10,657.409668114
03,-68563.198524,Sn01,658.249685899
03,-68563.198524,Sn02,656.206057879
03,-68563.198524,Sn03,657.954268945
03,-68563.198524,Sn04,657.632304255
03,-68563.198524,Sn05,656.506859909
03,-68563.198524,Sn06,657.912403748
03,-68563.198524,Sn07,658.298447975
03,-68563.198524,Sn08,658.98902067
03,-68563.198524,Sn09,656.262885876
03,-68563.198524,Sn10,657.551139025
04,-68563.198383,Sn01,656.335528498
04,-68563.198383,Sn02,658.39898162
04,-68563.198383,Sn03,658.463182068
04,-68563.198383,Sn04,657.079161007
04,-68563.198383,Sn05,657.091294879
04,-68563.198383,Sn06,656.396527416
04,-68563.198383,Sn07,659.705054736
04,-68563.198383,Sn08,659.871741972
04,-68563.198383,Sn09,656.595490648
04,-68563.198383,Sn10,656.882808198
05,-68563.211242,Sn01,657.04444253
05,-68563.211242,Sn02,657.044724286
05,-68563.211242,Sn03,659.277693828
05,-68563.211242,Sn04,659.206974759
05,-68563.211242,Sn05,657.066565947
05,-68563.211242,Sn06,659.206906726
05,-68563.211242,Sn07,655.824006844
05,-68563.211242,Sn08,659.277478398
05,-68563.211242,Sn09,657.066537073
05,-68563.211242,Sn10,655.824418335
06,-68563.241703,Sn01,657.205302412
06,-68563.241703,Sn02,657.205843313
06,-68563.241703,Sn03,657.276939069
06,-68563.241703,Sn04,657.277166617
06,-68563.241703,Sn05,657.277512511
06,-68563.241703,Sn06,657.277163663
06,-68563.241703,Sn07,657.538465536
06,-68563.241703,Sn08,651.434991706
06,-68563.241703,Sn09,651.435142133
06,-68563.241703,Sn10,657.538586994
07,-68563.197088,Sn01,657.70412275
07,-68563.197088,Sn02,655.951152836
07,-68563.197088,Sn03,660.354816541
07,-68563.197088,Sn04,656.907181215
07,-68563.197088,Sn05,656.677554387
07,-68563.197088,Sn06,657.379099399
07,-68563.197088,Sn07,657.167214366
07,-68563.197088,Sn08,659.527542065
07,-68563.197088,Sn09,657.592300775
07,-68563.197088,Sn10,658.196520908
08,-68563.207842,Sn01,657.434282206
08,-68563.207842,Sn02,657.434945333
08,-68563.207842,Sn03,660.956742736
08,-68563.207842,Sn04,655.703654822
08,-68563.207842,Sn05,659.591840395
08,-68563.207842,Sn06,655.704016785
08,-68563.207842,Sn07,659.591341153
08,-68563.207842,Sn08,657.73957387
08,-68563.207842,Sn09,657.739803941
08,-68563.207842,Sn10,658.382750643
09,-68563.213644,Sn01,655.486438556
09,-68563.213644,Sn02,655.486673288
09,-68563.213644,Sn03,652.83006994
09,-68563.213644,Sn04,658.026403099
09,-68563.213644,Sn05,657.251655065
09,-68563.213644,Sn06,657.252010322
09,-68563.213644,Sn07,658.026590554
09,-68563.213644,Sn08,657.606752821
09,-68563.213644,Sn09,656.439461988
09,-68563.213644,Sn10,657.607019978
10,-68563.257665,Sn01,646.523076765
10,-68563.257665,Sn02,647.577885717
10,-68563.257665,Sn03,646.780693445
10,-68563.257665,Sn04,656.056936193
10,-68563.257665,Sn05,658.669748918
10,-68563.257665,Sn06,657.383984311
10,-68563.257665,Sn07,659.277239253
10,-68563.257665,Sn08,651.609377022
10,-68563.257665,Sn09,658.778961907
10,-68563.257665,Sn10,649.261285925
11,-68563.197969,Sn01,655.96765871
11,-68563.197969,Sn02,655.967527194
11,-68563.197969,Sn03,657.871829274
11,-68563.197969,Sn04,655.029471419
11,-68563.197969,Sn05,657.90594049
11,-68563.197969,Sn06,658.755266821
11,-68563.197969,Sn07,657.872381803
11,-68563.197969,Sn08,658.755093868
11,-68563.197969,Sn09,655.029460136
11,-68563.197969,Sn10,657.001920318
12,-68563.228253,Sn01,647.354947667
12,-68563.228253,Sn02,647.348208582
12,-68563.228253,Sn03,659.35159315
12,-68563.228253,Sn04,648.060978206
12,-68563.228253,Sn05,659.424044935
12,-68563.228253,Sn06,657.23100612
12,-68563.228253,Sn07,660.215338355
12,-68563.228253,Sn08,657.642147485
12,-68563.228253,Sn09,656.802337407
12,-68563.228253,Sn10,647.667579954
13,-68563.246717,Sn01,646.584171128
13,-68563.246717,Sn02,646.584383446
13,-68563.246717,Sn03,659.390607237
13,-68563.246717,Sn04,648.338305614
13,-68563.246717,Sn05,657.917660823
13,-68563.246717,Sn06,658.22953876
13,-68563.246717,Sn07,659.3909483
13,-68563.246717,Sn08,658.229809
13,-68563.246717,Sn09,657.917917509
13,-68563.246717,Sn10,641.550692273
14,-68563.246140,Sn01,646.38907055
14,-68563.246140,Sn02,646.541374768
14,-68563.246140,Sn03,659.205023967
14,-68563.246140,Sn04,649.125305031
14,-68563.246140,Sn05,655.242859335
14,-68563.246140,Sn06,659.324949221
14,-68563.246140,Sn07,651.733483277
14,-68563.246140,Sn08,659.977228031
14,-68563.246140,Sn09,656.523029347
14,-68563.246140,Sn10,649.040599705
15,-68563.226934,Sn01,655.513133171
15,-68563.226934,Sn02,655.513942849
15,-68563.226934,Sn03,660.657611896
15,-68563.226934,Sn04,658.836720613
15,-68563.226934,Sn05,654.985256897
15,-68563.226934,Sn06,651.666558646
15,-68563.226934,Sn07,657.450957422
15,-68563.226934,Sn08,660.65660723
15,-68563.226934,Sn09,657.450874096
15,-68563.226934,Sn10,654.985781708
16,-68563.223353,Sn01,656.254022774
16,-68563.223353,Sn02,658.180197245
16,-68563.223353,Sn03,655.987410761
16,-68563.223353,Sn04,656.166677233
16,-68563.223353,Sn05,657.898799681
16,-68563.223353,Sn06,657.847335411
16,-68563.223353,Sn07,656.214390443
16,-68563.223353,Sn08,652.921877225
16,-68563.223353,Sn09,658.337629732
16,-68563.223353,Sn10,656.623495272
17,-68563.255465,Sn01,648.110617002
17,-68563.255465,Sn02,648.123942737
17,-68563.255465,Sn03,656.857816153
17,-68563.255465,Sn04,647.627520412
17,-68563.255465,Sn05,658.445647665
17,-68563.255465,Sn06,656.958175901
17,-68563.255465,Sn07,657.934243268
17,-68563.255465,Sn08,651.306370814
17,-68563.255465,Sn09,660.475234155
17,-68563.255465,Sn10,647.353804935
18,-68563.255606,Sn01,646.880001673
18,-68563.255606,Sn02,648.103432617
18,-68563.255606,Sn03,658.608712187
18,-68563.255606,Sn04,647.882760529
18,-68563.255606,Sn05,657.880678292
18,-68563.255606,Sn06,656.712637155
18,-68563.255606,Sn07,656.812426659
18,-68563.255606,Sn08,651.22714842
18,-68563.255606,Sn09,660.970574096
18,-68563.255606,Sn10,648.607980414
19,-68563.254704,Sn01,646.860712081
19,-68563.254704,Sn02,648.083154212
19,-68563.254704,Sn03,658.752092099
19,-68563.254704,Sn04,648.093392257
19,-68563.254704,Sn05,656.621442638
19,-68563.254704,Sn06,657.718943388
19,-68563.254704,Sn07,658.510844633
19,-68563.254704,Sn08,653.50080931
19,-68563.254704,Sn09,658.781173361
19,-68563.254704,Sn10,647.747398677
20,-68563.264068,Sn01,648.591688926
20,-68563.264068,Sn02,648.348843234
20,-68563.264068,Sn03,658.668081474
20,-68563.264068,Sn04,647.303647202
20,-68563.264068,Sn05,659.03655508
20,-68563.264068,Sn06,657.705415712
20,-68563.264068,Sn07,659.057291959
20,-68563.264068,Sn08,651.61774183
20,-68563.264068,Sn09,659.120428217
20,-68563.264068,Sn10,649.101361625
21,-68563.275071,Sn01,647.138941862
21,-68563.275071,Sn02,649.491501866
21,-68563.275071,Sn03,656.943978348
21,-68563.275071,Sn04,649.913187146
21,-68563.275071,Sn05,657.800494605
21,-68563.275071,Sn06,658.666734364
21,-68563.275071,Sn07,659.243935874
21,-68563.275071,Sn08,657.752365869
21,-68563.275071,Sn09,658.70050168
21,-68563.275071,Sn10,648.58450593
22,-68563.272525,Sn01,647.050548302
22,-68563.272525,Sn02,641.975032798
22,-68563.272525,Sn03,656.948710379
22,-68563.272525,Sn04,648.203127732
22,-68563.272525,Sn05,658.977932021
22,-68563.272525,Sn06,659.401272392
22,-68563.272525,Sn07,657.54340538
22,-68563.272525,Sn08,657.434772243
22,-68563.272525,Sn09,651.138860479
22,-68563.272525,Sn10,647.237662936
23,-68563.234837,Sn01,656.630241422
23,-68563.234837,Sn02,657.150632889
23,-68563.234837,Sn03,658.051035054
23,-68563.234837,Sn04,657.873012594
23,-68563.234837,Sn05,655.988358381
23,-68563.234837,Sn06,659.724484439
23,-68563.234837,Sn07,656.002200397
23,-68563.234837,Sn08,658.622149432
23,-68563.234837,Sn09,650.606333469
23,-68563.234837,Sn10,658.37460269
24,-68563.198482,Sn01,657.480476992
24,-68563.198482,Sn02,657.512228185
24,-68563.198482,Sn03,655.92343212
24,-68563.198482,Sn04,657.282722117
24,-68563.198482,Sn05,658.628629847
24,-68563.198482,Sn06,658.438767568
24,-68563.198482,Sn07,657.335391385
24,-68563.198482,Sn08,659.293770321
24,-68563.198482,Sn09,656.881837169
24,-68563.198482,Sn10,654.99611187
25,-68563.196658,Sn01,656.538559599
25,-68563.196658,Sn02,656.665876852
25,-68563.196658,Sn03,658.047697777
25,-68563.196658,Sn04,658.414976014
25,-68563.196658,Sn05,657.220842176
25,-68563.196658,Sn06,658.569816706
25,-68563.196658,Sn07,656.859152878
25,-68563.196658,Sn08,659.974843413
25,-68563.196658,Sn09,658.071045114
25,-68563.196658,Sn10,657.29572654
26,-68563.232590,Sn01,655.147261496
26,-68563.232590,Sn02,656.745883577
26,-68563.232590,Sn03,654.920969057
26,-68563.232590,Sn04,650.952979606
26,-68563.232590,Sn05,656.466686359
26,-68563.232590,Sn06,658.733167328
26,-68563.232590,Sn07,651.16974665
26,-68563.232590,Sn08,656.998815413
26,-68563.232590,Sn09,655.011435381
26,-68563.232590,Sn10,656.999031258
27,-68563.227346,Sn01,647.970565515
27,-68563.227346,Sn02,647.100701611
27,-68563.227346,Sn03,658.807583865
27,-68563.227346,Sn04,658.410339958
27,-68563.227346,Sn05,648.713545122
27,-68563.227346,Sn06,658.431731936
27,-68563.227346,Sn07,660.290433184
27,-68563.227346,Sn08,660.035774434
27,-68563.227346,Sn09,657.970651114
27,-68563.227346,Sn10,647.125505041
28,-68563.256007,Sn01,640.820038279
28,-68563.256007,Sn02,647.162673256
28,-68563.256007,Sn03,658.026677768
28,-68563.256007,Sn04,658.199022033
28,-68563.256007,Sn05,647.323897285
28,-68563.256007,Sn06,658.098287189
28,-68563.256007,Sn07,658.129191344
28,-68563.256007,Sn08,657.964027712
28,-68563.256007,Sn09,657.897051066
28,-68563.256007,Sn10,647.367002667
29,-68563.245840,Sn01,648.27180769
29,-68563.245840,Sn02,648.667094146
29,-68563.245840,Sn03,655.673723908
29,-68563.245840,Sn04,661.154834463
29,-68563.245840,Sn05,648.726629843
29,-68563.245840,Sn06,651.700285596
29,-68563.245840,Sn07,657.781227634
29,-68563.245840,Sn08,659.863900276
29,-68563.245840,Sn09,658.066414525
29,-68563.245840,Sn10,647.119707154
30,-68563.229059,Sn01,646.582708379
30,-68563.229059,Sn02,647.009018566
30,-68563.229059,Sn03,660.561858877
30,-68563.229059,Sn04,658.403118428
30,-68563.229059,Sn05,649.976829976
30,-68563.229059,Sn06,657.42912305
30,-68563.229059,Sn07,657.895803232
30,-68563.229059,Sn08,659.891161952
30,-68563.229059,Sn09,658.171491018
30,-68563.229059,Sn10,647.766220091
31,-68563.247920,Sn01,646.345493495
31,-68563.247920,Sn02,646.516401266
31,-68563.247920,Sn03,658.159790974
31,-68563.247920,Sn04,651.037511719
31,-68563.247920,Sn05,650.713257367
31,-68563.247920,Sn06,657.878475204
31,-68563.247920,Sn07,658.100770567
31,-68563.247920,Sn08,657.467993092
31,-68563.247920,Sn09,657.914835355
31,-68563.247920,Sn10,648.265331493
32,-68563.244855,Sn01,647.007739563
32,-68563.244855,Sn02,648.552348916
32,-68563.244855,Sn03,658.115540341
32,-68563.244855,Sn04,660.912470996
32,-68563.244855,Sn05,648.571599365
32,-68563.244855,Sn06,651.247493892
32,-68563.244855,Sn07,657.802824471
32,-68563.244855,Sn08,657.745065432
32,-68563.244855,Sn09,658.154725311
32,-68563.244855,Sn10,648.743187654
33,-68563.263719,Sn01,645.610766637
33,-68563.263719,Sn02,645.584988627
33,-68563.263719,Sn03,657.845516121
33,-68563.263719,Sn04,651.444166856
33,-68563.263719,Sn05,642.369073869
33,-68563.263719,Sn06,656.356171204
33,-68563.263719,Sn07,657.961403653
33,-68563.263719,Sn08,659.246822752
33,-68563.263719,Sn09,655.425833866
33,-68563.263719,Sn10,647.455232844
34,-68563.229794,Sn01,646.517470595
34,-68563.229794,Sn02,648.2781901
34,-68563.229794,Sn03,658.437074512
34,-68563.229794,Sn04,659.767304946
34,-68563.229794,Sn05,648.308206272
34,-68563.229794,Sn06,658.301678926
34,-68563.229794,Sn07,658.299056766
34,-68563.229794,Sn08,658.561283334
34,-68563.229794,Sn09,659.850786441
34,-68563.229794,Sn10,646.742792734
35,-68563.208004,Sn01,655.985988216
35,-68563.208004,Sn02,654.099492883
35,-68563.208004,Sn03,659.435693681
35,-68563.208004,Sn04,659.070307138
35,-68563.208004,Sn05,659.05284396
35,-68563.208004,Sn06,654.098892905
35,-68563.208004,Sn07,659.052988291
35,-68563.208004,Sn08,659.070478824
35,-68563.208004,Sn09,659.435629177
35,-68563.208004,Sn10,655.985787624
36,-68563.243953,Sn01,646.665494173
36,-68563.243953,Sn02,648.554406831
36,-68563.243953,Sn03,655.951001037
36,-68563.243953,Sn04,653.225529227
36,-68563.243953,Sn05,649.622777511
36,-68563.243953,Sn06,658.585422338
36,-68563.243953,Sn07,659.12267446
36,-68563.243953,Sn08,658.901792604
36,-68563.243953,Sn09,658.054754901
36,-68563.243953,Sn10,647.70498155
37,-68563.206960,Sn01,656.391149391
37,-68563.206960,Sn02,656.730050272
37,-68563.206960,Sn03,656.539972349
37,-68563.206960,Sn04,660.072938783
37,-68563.206960,Sn05,658.239530227
37,-68563.206960,Sn06,656.601350309
37,-68563.206960,Sn07,660.298821602
37,-68563.206960,Sn08,656.632769912
37,-68563.206960,Sn09,658.859820891
37,-68563.206960,Sn10,656.783718072
38,-68563.288886,Sn01,637.798844033
38,-68563.288886,Sn02,648.488340724
38,-68563.288886,Sn03,648.246974138
38,-68563.288886,Sn04,646.728355816
38,-68563.288886,Sn05,648.572010394
38,-68563.288886,Sn06,658.244880776
38,-68563.288886,Sn07,649.851567755
38,-68563.288886,Sn08,658.997077065
38,-68563.288886,Sn09,661.000043367
38,-68563.288886,Sn10,642.102095104
39,-68563.288435,Sn01,638.011419409
39,-68563.288435,Sn02,641.824176044
39,-68563.288435,Sn03,648.743283717
39,-68563.288435,Sn04,648.710404563
39,-68563.288435,Sn05,647.611240967
39,-68563.288435,Sn06,658.618858124
39,-68563.288435,Sn07,660.206075158
39,-68563.288435,Sn08,648.915392059
39,-68563.288435,Sn09,658.366868495
39,-68563.288435,Sn10,650.022045359
40,-68563.296256,Sn01,637.788717033
40,-68563.296256,Sn02,647.772236314
40,-68563.296256,Sn03,647.77184502
40,-68563.296256,Sn04,658.27356563
40,-68563.296256,Sn05,649.222469274
40,-68563.296256,Sn06,649.222519196
40,-68563.296256,Sn07,641.768378487
40,-68563.296256,Sn08,658.639585062
40,-68563.296256,Sn09,658.639939876
40,-68563.296256,Sn10,641.76827498
41,-68563.293834,Sn01,637.764137498
41,-68563.293834,Sn02,646.902448632
41,-68563.293834,Sn03,649.410589434
41,-68563.293834,Sn04,659.666826736
41,-68563.293834,Sn05,646.746200116
41,-68563.293834,Sn06,642.300577292
41,-68563.293834,Sn07,659.38223055
41,-68563.293834,Sn08,649.565843955
41,-68563.293834,Sn09,656.912884839
41,-68563.293834,Sn10,642.108919433
42,-68563.257039,Sn01,637.608969537
42,-68563.257039,Sn02,648.480560185
42,-68563.257039,Sn03,648.490873871
42,-68563.257039,Sn04,660.048580441
42,-68563.257039,Sn05,648.475574757
42,-68563.257039,Sn06,648.479946504
42,-68563.257039,Sn07,660.103117314
42,-68563.257039,Sn08,660.083629537
42,-68563.257039,Sn09,648.452078053
42,-68563.257039,Sn10,648.452565912
43,-68563.270821,Sn01,638.544883807
43,-68563.270821,Sn02,648.323695692
43,-68563.270821,Sn03,648.323145714
43,-68563.270821,Sn04,661.418602992
43,-68563.270821,Sn05,648.323133627
43,-68563.270821,Sn06,648.323054273
43,-68563.270821,Sn07,648.379472092
43,-68563.270821,Sn08,660.658123038
43,-68563.270821,Sn09,660.657765816
43,-68563.270821,Sn10,648.38038849
44,-68563.205349,Sn01,658.143875152
44,-68563.205349,Sn02,656.576570778
44,-68563.205349,Sn03,658.144746051
44,-68563.205349,Sn04,656.576447446
44,-68563.205349,Sn05,658.144107402
44,-68563.205349,Sn06,658.144252941
44,-68563.205349,Sn07,655.977375395
44,-68563.205349,Sn08,660.597409328
44,-68563.205349,Sn09,660.599550848
44,-68563.205349,Sn10,655.977748573
45,-68563.253551,Sn01,647.533982233
45,-68563.253551,Sn02,656.994691464
45,-68563.253551,Sn03,657.904026755
45,-68563.253551,Sn04,648.309446061
45,-68563.253551,Sn05,656.389185732
45,-68563.253551,Sn06,648.744767773
45,-68563.253551,Sn07,658.635919752
45,-68563.253551,Sn08,653.4728122
45,-68563.253551,Sn09,658.964175511
45,-68563.253551,Sn10,648.276179189
46,-68563.244882,Sn01,647.662831192
46,-68563.244882,Sn02,658.211399181
46,-68563.244882,Sn03,658.211395458
46,-68563.244882,Sn04,647.663168945
46,-68563.244882,Sn05,658.386046665
46,-68563.244882,Sn06,647.532748161
46,-68563.244882,Sn07,660.792726671
46,-68563.244882,Sn08,660.792880526
46,-68563.244882,Sn09,658.386098787
46,-68563.244882,Sn10,647.621218305
47,-68563.272305,Sn01,640.971514483
47,-68563.272305,Sn02,656.090277458
47,-68563.272305,Sn03,659.282340162
47,-68563.272305,Sn04,646.273934919
47,-68563.272305,Sn05,657.296361113
47,-68563.272305,Sn06,649.071838363
47,-68563.272305,Sn07,651.589513578
47,-68563.272305,Sn08,657.352028469
47,-68563.272305,Sn09,658.393654053
47,-68563.272305,Sn10,647.950676922
48,-68563.255575,Sn01,648.497338004
48,-68563.255575,Sn02,656.777020342
48,-68563.255575,Sn03,651.189945046
48,-68563.255575,Sn04,646.497441647
48,-68563.255575,Sn05,658.258839971
48,-68563.255575,Sn06,650.085895956
48,-68563.255575,Sn07,658.617098869
48,-68563.255575,Sn08,656.309358359
48,-68563.255575,Sn09,660.329086276
48,-68563.255575,Sn10,646.129425919
49,-68563.215467,Sn01,657.908015083
49,-68563.215467,Sn02,657.861133436
49,-68563.215467,Sn03,660.196804229
49,-68563.215467,Sn04,656.134316691
49,-68563.215467,Sn05,656.123888896
49,-68563.215467,Sn06,656.561762222
49,-68563.215467,Sn07,657.860419022
49,-68563.215467,Sn08,656.99310754
49,-68563.215467,Sn09,660.203421405
49,-68563.215467,Sn10,657.877059016
50,-68563.267738,Sn01,649.157253764
50,-68563.267738,Sn02,648.93412382
50,-68563.267738,Sn03,649.156857847
50,-68563.267738,Sn04,648.93406175
50,-68563.267738,Sn05,649.156308721
50,-68563.267738,Sn06,649.156110324
50,-68563.267738,Sn07,660.889362303
50,-68563.267738,Sn08,660.948534788
50,-68563.267738,Sn09,660.948754514
50,-68563.267738,Sn10,638.924099243
51,-68563.294412,Sn01,648.712799439
51,-68563.294412,Sn02,641.431261356
51,-68563.294412,Sn03,648.856254629
51,-68563.294412,Sn04,649.091323228
51,-68563.294412,Sn05,648.210463417
51,-68563.294412,Sn06,649.694912511
51,-68563.294412,Sn07,658.40024565
51,-68563.294412,Sn08,659.545490258
51,-68563.294412,Sn09,661.388232579
51,-68563.294412,Sn10,638.824223406
52,-68563.305655,Sn01,648.690302957
52,-68563.305655,Sn02,648.301576213
52,-68563.305655,Sn03,641.474563942
52,-68563.305655,Sn04,646.834138105
52,-68563.305655,Sn05,649.199721234
52,-68563.305655,Sn06,642.359645928
52,-68563.305655,Sn07,657.204968047
52,-68563.305655,Sn08,659.712631707
52,-68563.305655,Sn09,658.649153492
52,-68563.305655,Sn10,638.822449388
53,-68563.225340,Sn01,658.18777678
53,-68563.225340,Sn02,658.187560139
53,-68563.225340,Sn03,658.187603587
53,-68563.225340,Sn04,658.187904463
53,-68563.225340,Sn05,657.771051663
53,-68563.225340,Sn06,658.187941493
53,-68563.225340,Sn07,657.771451888
53,-68563.225340,Sn08,658.187802302
53,-68563.225340,Sn09,658.18822321
53,-68563.225340,Sn10,658.188228937
54,-68563.302859,Sn01,642.165473252
54,-68563.302859,Sn02,647.699880876
54,-68563.302859,Sn03,642.166188746
54,-68563.302859,Sn04,647.700192221
54,-68563.302859,Sn05,650.364436771
54,-68563.302859,Sn06,659.989376872
54,-68563.302859,Sn07,650.364943862
54,-68563.302859,Sn08,659.989426255
54,-68563.302859,Sn09,658.296686979
54,-68563.302859,Sn10,638.140903802
55,-68563.215273,Sn01,655.253805583
55,-68563.215273,Sn02,658.26209417
55,-68563.215273,Sn03,656.309364951
55,-68563.215273,Sn04,656.471122735
55,-68563.215273,Sn05,656.396650443
55,-68563.215273,Sn06,657.984530017
55,-68563.215273,Sn07,658.266058173
55,-68563.215273,Sn08,658.42359776
55,-68563.215273,Sn09,650.562359
55,-68563.215273,Sn10,655.549513357
56,-68563.248514,Sn01,645.790716238
56,-68563.248514,Sn02,658.32674615
56,-68563.248514,Sn03,658.326586152
56,-68563.248514,Sn04,645.79084498
56,-68563.248514,Sn05,658.520253928
56,-68563.248514,Sn06,643.068741239
56,-68563.248514,Sn07,658.310685394
56,-68563.248514,Sn08,658.520289991
56,-68563.248514,Sn09,658.310680582
56,-68563.248514,Sn10,645.816930945
57,-68563.266402,Sn01,648.52761712
57,-68563.266402,Sn02,656.237150556
57,-68563.266402,Sn03,656.236949321
57,-68563.266402,Sn04,648.527595694
57,-68563.266402,Sn05,659.77585397
57,-68563.266402,Sn06,656.923844031
57,-68563.266402,Sn07,650.257842967
57,-68563.266402,Sn08,659.774943915
57,-68563.266402,Sn09,656.92411574
57,-68563.266402,Sn10,648.535469032
58,-68563.302632,Sn01,646.900619416
58,-68563.302632,Sn02,649.522337185
58,-68563.302632,Sn03,646.900701536
58,-68563.302632,Sn04,649.522102083
58,-68563.302632,Sn05,646.900497161
58,-68563.302632,Sn06,646.901270843
58,-68563.302632,Sn07,649.588361688
58,-68563.302632,Sn08,652.500346959
58,-68563.302632,Sn09,652.500390304
58,-68563.302632,Sn10,649.588841379
59,-68563.304552,Sn01,649.396515013
59,-68563.304552,Sn02,649.244598621
59,-68563.304552,Sn03,649.058274794
59,-68563.304552,Sn04,647.270233873
59,-68563.304552,Sn05,647.352593865
59,-68563.304552,Sn06,647.278308987
59,-68563.304552,Sn07,651.925474611
59,-68563.304552,Sn08,647.524366727
59,-68563.304552,Sn09,651.893752153
59,-68563.304552,Sn10,649.311893845
60,-68563.307803,Sn01,647.295527689
60,-68563.307803,Sn02,648.663235548
60,-68563.307803,Sn03,648.026436489
60,-68563.307803,Sn04,647.415218346
60,-68563.307803,Sn05,648.648393222
60,-68563.307803,Sn06,649.496779351
60,-68563.307803,Sn07,659.173008637
60,-68563.307803,Sn08,649.174582765
60,-68563.307803,Sn09,659.148349366
60,-68563.307803,Sn10,649.917938827
61,-68563.236899,Sn01,657.104415346
61,-68563.236899,Sn02,656.633406389
61,-68563.236899,Sn03,657.104316584
61,-68563.236899,Sn04,656.633925936
61,-68563.236899,Sn05,657.104046955
61,-68563.236899,Sn06,657.10398504
61,-68563.236899,Sn07,658.467920576
61,-68563.236899,Sn08,657.199591305
61,-68563.236899,Sn09,645.93361331
61,-68563.236899,Sn10,658.467250828
62,-68563.291618,Sn01,648.465205181
62,-68563.291618,Sn02,656.75114923
62,-68563.291618,Sn03,657.901646571
62,-68563.291618,Sn04,646.772456182
62,-68563.291618,Sn05,658.297644323
62,-68563.291618,Sn06,642.195278627
62,-68563.291618,Sn07,658.598801438
62,-68563.291618,Sn08,659.617245388
62,-68563.291618,Sn09,656.870518703
62,-68563.291618,Sn10,649.482032893
63,-68563.303910,Sn01,649.974502701
63,-68563.303910,Sn02,648.070237886
63,-68563.303910,Sn03,649.97446436
63,-68563.303910,Sn04,648.070626122
63,-68563.303910,Sn05,659.971560617
63,-68563.303910,Sn06,649.611196757
63,-68563.303910,Sn07,649.611489608
63,-68563.303910,Sn08,659.971829833
63,-68563.303910,Sn09,648.573190279
63,-68563.303910,Sn10,648.573344127
64,-68563.295143,Sn01,647.894855114
64,-68563.295143,Sn02,648.194987448
64,-68563.295143,Sn03,639.269149332
64,-68563.295143,Sn04,656.533715827
64,-68563.295143,Sn05,641.701665501
64,-68563.295143,Sn06,641.701032728
64,-68563.295143,Sn07,658.890507587
64,-68563.295143,Sn08,648.279532143
64,-68563.295143,Sn09,648.280578187
64,-68563.295143,Sn10,658.901103621
65,-68563.327609,Sn01,638.914489027
65,-68563.327609,Sn02,649.264235843
65,-68563.327609,Sn03,638.91471535
65,-68563.327609,Sn04,649.264264384
65,-68563.327609,Sn05,642.449160289
65,-68563.327609,Sn06,650.003909405
65,-68563.327609,Sn07,650.00395622
65,-68563.327609,Sn08,649.249571044
65,-68563.327609,Sn09,642.115262637
65,-68563.327609,Sn10,649.249788024
