Structure,Energy,Nucleus,delta_iso
01,-63310.312267,Sn01,650.868274165
01,-63310.312267,Sn02,650.868617191
01,-63310.312267,Sn03,651.097612286
02,-63310.313423,Sn01,650.4130628
02,-63310.313423,Sn02,650.412660655
02,-63310.313423,Sn03,650.549093265
03,-63310.321478,Sn01,656.596935574
03,-63310.321478,Sn02,656.597068352
03,-63310.321478,Sn03,651.004300113
04,-63310.331081,Sn01,656.594247818
04,-63310.331081,Sn02,656.85501505
04,-63310.331081,Sn03,650.668097741
05,-63310.330026,Sn01,662.357462312
05,-63310.330026,Sn02,657.357753141
05,-63310.330026,Sn03,657.347733955
06,-63310.329233,Sn01,657.192839489
06,-63310.329233,Sn02,657.192466194
06,-63310.329233,Sn03,663.476289913
07,-63310.362232,Sn01,654.440660917
07,-63310.362232,Sn02,654.434837543
07,-63310.362232,Sn03,654.409739521
08,-63310.290844,Sn01,651.248822807
08,-63310.290844,Sn02,651.256538919
08,-63310.290844,Sn03,651.244856708
