 x      300.00000000000000        873.00000000000000        1273.0000000000000        1673.0000000000000     
  -680.000  0.000000E+00  0.000000E+00  0.000000E+00  0.000000E+00  0.000000E+00
  -679.900  0.000000E+00  0.000000E+00  0.000000E+00  0.000000E+00  0.000000E+00
  -679.800  0.000000E+00  0.000000E+00  0.000000E+00  0.000000E+00  0.000000E+00
  -679.700  0.000000E+00  0.000000E+00  0.000000E+00  0.000000E+00  0.000000E+00
  -679.600  0.000000E+00  0.000000E+00  0.000000E+00  0.000000E+00  0.000000E+00
  -679.500  0.000000E+00  0.000000E+00  0.000000E+00  0.000000E+00  0.000000E+00
  -679.400  0.000000E+00  0.000000E+00  0.000000E+00  0.000000E+00  0.000000E+00
  -679.300  0.000000E+00  0.000000E+00  0.000000E+00  0.000000E+00  0.000000E+00
  -679.200  0.000000E+00  0.000000E+00  0.000000E+00  0.000000E+00  0.000000E+00
  -679.100  0.000000E+00  0.000000E+00  0.000000E+00  0.000000E+00  0.000000E+00
  -679.000  0.000000E+00  0.000000E+00  0.000000E+00  0.000000E+00  0.000000E+00
  -678.900  0.000000E+00  0.000000E+00  0.000000E+00  0.000000E+00  0.000000E+00
  -678.800  0.000000E+00  0.000000E+00  0.000000E+00  0.000000E+00  0.000000E+00
  -678.700  0.000000E+00  0.000000E+00  0.000000E+00  0.000000E+00  0.000000E+00
  -678.600  0.000000E+00  0.000000E+00  0.000000E+00  0.000000E+00  0.000000E+00
  -678.500  0.000000E+00  0.000000E+00  0.000000E+00  0.000000E+00  0.000000E+00
  -678.400  0.000000E+00  0.000000E+00  0.000000E+00  0.000000E+00  0.000000E+00
  -678.300  0.000000E+00  0.000000E+00  0.000000E+00  0.000000E+00  0.000000E+00
  -678.200  0.000000E+00  0.000000E+00  0.000000E+00  0.000000E+00  0.000000E+00
  -678.100  0.000000E+00  0.000000E+00  0.000000E+00  0.000000E+00  0.000000E+00
  -678.000  0.000000E+00  0.000000E+00  0.000000E+00  0.000000E+00  0.000000E+00
  -677.900  0.000000E+00  0.000000E+00  0.000000E+00  0.000000E+00  0.000000E+00
  -677.800  0.000000E+00  0.000000E+00  0.000000E+00  0.000000E+00  0.000000E+00
  -677.700  0.000000E+00  0.000000E+00  0.000000E+00  0.000000E+00  0.000000E+00
  -677.600  0.000000E+00  0.000000E+00  0.000000E+00  0.000000E+00  0.000000E+00
  -677.500  0.000000E+00  0.000000E+00  0.000000E+00  0.000000E+00  0.000000E+00
  -677.400  0.000000E+00  0.000000E+00  0.000000E+00  0.000000E+00  0.000000E+00
  -677.300  0.000000E+00  0.000000E+00  0.000000E+00  0.000000E+00  0.000000E+00
  -677.200  0.000000E+00  0.000000E+00  0.000000E+00  0.000000E+00  0.000000E+00
  -677.100  0.000000E+00  0.000000E+00  0.000000E+00  0.000000E+00  0.000000E+00
  -677.000  0.000000E+00  0.000000E+00  0.000000E+00  0.000000E+00  0.000000E+00
  -676.900  0.000000E+00  0.000000E+00  0.000000E+00  0.000000E+00  0.000000E+00
  -676.800  0.000000E+00  0.000000E+00  0.000000E+00  0.000000E+00  0.000000E+00
  -676.700  0.000000E+00  0.000000E+00  0.000000E+00  0.000000E+00  0.000000E+00
  -676.600  0.000000E+00  0.000000E+00  0.000000E+00  0.000000E+00  0.000000E+00
  -676.500  0.000000E+00  0.000000E+00  0.000000E+00  0.000000E+00  0.000000E+00
  -676.400  0.000000E+00  0.000000E+00  0.000000E+00  0.000000E+00  0.000000E+00
  -676.300  0.000000E+00  0.000000E+00  0.000000E+00  0.000000E+00  0.000000E+00
  -676.200  0.000000E+00  0.000000E+00  0.000000E+00  0.000000E+00  0.000000E+00
  -676.100  0.000000E+00  0.000000E+00  0.000000E+00  0.000000E+00  0.000000E+00
  -676.000  0.000000E+00  0.000000E+00  0.000000E+00  0.000000E+00  0.000000E+00
  -675.900  0.000000E+00  0.000000E+00  0.000000E+00  0.000000E+00  0.000000E+00
  -675.800  0.000000E+00  0.000000E+00  0.000000E+00  0.000000E+00  0.000000E+00
  -675.700  0.000000E+00  0.000000E+00  0.000000E+00  0.000000E+00  0.000000E+00
  -675.600  0.000000E+00  0.000000E+00  0.000000E+00  0.000000E+00  0.000000E+00
  -675.500  0.000000E+00  0.000000E+00  0.000000E+00  0.000000E+00  0.000000E+00
  -675.400  0.000000E+00  0.000000E+00  0.000000E+00  0.000000E+00  0.000000E+00
  -675.300  0.000000E+00  0.000000E+00  0.000000E+00  0.000000E+00  0.000000E+00
  -675.200  0.000000E+00  0.000000E+00  0.000000E+00  0.000000E+00  0.000000E+00
  -675.100  0.000000E+00  0.000000E+00  0.000000E+00  0.000000E+00  0.000000E+00
  -675.000  0.000000E+00  0.000000E+00  0.000000E+00  0.000000E+00  0.000000E+00
  -674.900  0.000000E+00  0.000000E+00  0.000000E+00  0.000000E+00  0.000000E+00
  -674.800  0.000000E+00  0.000000E+00  0.000000E+00  0.000000E+00  0.000000E+00
  -674.700  0.000000E+00  0.000000E+00  0.000000E+00  0.000000E+00  0.000000E+00
  -674.600  0.000000E+00  0.000000E+00  0.000000E+00  0.000000E+00  0.000000E+00
  -674.500  0.000000E+00  0.000000E+00  0.000000E+00  0.000000E+00  0.000000E+00
  -674.400  0.000000E+00  0.000000E+00  0.000000E+00  0.000000E+00  0.000000E+00
  -674.300  0.000000E+00  0.000000E+00  0.000000E+00  0.000000E+00  0.000000E+00
  -674.200  0.000000E+00  0.000000E+00  0.000000E+00  0.000000E+00  0.000000E+00
  -674.100  0.000000E+00  0.000000E+00  0.000000E+00  0.000000E+00  0.000000E+00
  -674.000  0.000000E+00  0.000000E+00  0.000000E+00  0.000000E+00  0.000000E+00
  -673.900  0.000000E+00  0.000000E+00  0.000000E+00  0.000000E+00  0.000000E+00
  -673.800  0.000000E+00  0.000000E+00  0.000000E+00  0.000000E+00  0.000000E+00
  -673.700  0.000000E+00  0.000000E+00  0.000000E+00  0.000000E+00  0.000000E+00
  -673.600  0.000000E+00  0.000000E+00  0.000000E+00  0.000000E+00  0.000000E+00
  -673.500  0.000000E+00  0.000000E+00  0.000000E+00  0.000000E+00  0.000000E+00
  -673.400  0.000000E+00  0.000000E+00  0.000000E+00  0.000000E+00  0.000000E+00
  -673.300  0.000000E+00  0.000000E+00  0.000000E+00  0.000000E+00  0.000000E+00
  -673.200  0.000000E+00  0.000000E+00  0.000000E+00  0.000000E+00  0.000000E+00
  -673.100  0.000000E+00  0.000000E+00  0.000000E+00  0.000000E+00  0.000000E+00
  -673.000  0.000000E+00  0.000000E+00  0.000000E+00  0.000000E+00  0.000000E+00
  -672.900  0.000000E+00  0.000000E+00  0.000000E+00  0.000000E+00  0.000000E+00
  -672.800  0.000000E+00  0.000000E+00  0.000000E+00  0.000000E+00  0.000000E+00
  -672.700  0.000000E+00  0.000000E+00  0.000000E+00  0.000000E+00  0.000000E+00
  -672.600  0.000000E+00  0.000000E+00  0.000000E+00  0.000000E+00  0.000000E+00
  -672.500  0.000000E+00  0.000000E+00  0.000000E+00  0.000000E+00  0.000000E+00
  -672.400  0.000000E+00  0.000000E+00  0.000000E+00  0.000000E+00  0.000000E+00
  -672.300  0.000000E+00  0.000000E+00  0.000000E+00  0.000000E+00  0.000000E+00
  -672.200  0.000000E+00  0.000000E+00  0.000000E+00  0.000000E+00  0.000000E+00
  -672.100  0.000000E+00  0.000000E+00  0.000000E+00  0.000000E+00  0.000000E+00
  -672.000  0.000000E+00  0.000000E+00  0.000000E+00  0.000000E+00  0.000000E+00
  -671.900  0.000000E+00  0.000000E+00  0.000000E+00  0.000000E+00  0.000000E+00
  -671.800  0.000000E+00  0.000000E+00  0.000000E+00  0.000000E+00  0.000000E+00
  -671.700  0.000000E+00  0.000000E+00  0.000000E+00  0.000000E+00  0.000000E+00
  -671.600  0.000000E+00  0.000000E+00  0.000000E+00  0.000000E+00  0.000000E+00
  -671.500  0.000000E+00  0.000000E+00  0.000000E+00  0.000000E+00  0.000000E+00
  -671.400  0.000000E+00  0.000000E+00  0.000000E+00  0.000000E+00  0.000000E+00
  -671.300  0.000000E+00  0.000000E+00  0.000000E+00  0.000000E+00  0.000000E+00
  -671.200  0.000000E+00  0.000000E+00  0.000000E+00  0.000000E+00  0.000000E+00
  -671.100  0.000000E+00  0.000000E+00  0.000000E+00  0.000000E+00  0.000000E+00
  -671.000  0.000000E+00  0.000000E+00  0.000000E+00  0.000000E+00  0.000000E+00
  -670.900  0.000000E+00  0.000000E+00  0.000000E+00  0.000000E+00  0.000000E+00
  -670.800  0.000000E+00  0.000000E+00  0.000000E+00  0.000000E+00  0.000000E+00
  -670.700  0.000000E+00  0.000000E+00  0.000000E+00  0.000000E+00  0.000000E+00
  -670.600  0.000000E+00  0.000000E+00  0.000000E+00  0.000000E+00  0.000000E+00
  -670.500  0.000000E+00  0.000000E+00  0.000000E+00  0.000000E+00  0.000000E+00
  -670.400  0.000000E+00  0.000000E+00  0.000000E+00  0.000000E+00  0.000000E+00
  -670.300  0.000000E+00  0.000000E+00  0.000000E+00  0.000000E+00  0.000000E+00
  -670.200  0.000000E+00  0.000000E+00  0.000000E+00  0.000000E+00  0.000000E+00
  -670.100  0.000000E+00  0.000000E+00  0.000000E+00  0.000000E+00  0.000000E+00
  -670.000  0.000000E+00  0.000000E+00  0.000000E+00  0.000000E+00  0.000000E+00
  -669.900  0.000000E+00  0.000000E+00  0.000000E+00  0.000000E+00  0.000000E+00
  -669.800  0.000000E+00  0.000000E+00  0.000000E+00  0.000000E+00  0.000000E+00
  -669.700  0.000000E+00  0.000000E+00  0.000000E+00  0.000000E+00  0.000000E+00
  -669.600  0.000000E+00  0.000000E+00  0.000000E+00  0.000000E+00  0.000000E+00
  -669.500  0.000000E+00  0.000000E+00  0.000000E+00  0.000000E+00  0.000000E+00
  -669.400  0.000000E+00  0.000000E+00  0.000000E+00  0.000000E+00  0.000000E+00
  -669.300  0.000000E+00  0.000000E+00  0.000000E+00  0.000000E+00  0.000000E+00
  -669.200  0.000000E+00  0.000000E+00  0.000000E+00  0.000000E+00  0.000000E+00
  -669.100  0.000000E+00  0.000000E+00  0.000000E+00  0.000000E+00  0.000000E+00
  -669.000  0.000000E+00  0.000000E+00  0.000000E+00  0.000000E+00  0.000000E+00
  -668.900  0.000000E+00  0.000000E+00  0.000000E+00  0.000000E+00  0.000000E+00
  -668.800  0.000000E+00  0.000000E+00  0.000000E+00  0.000000E+00  0.000000E+00
  -668.700  0.000000E+00  0.000000E+00  0.000000E+00  0.000000E+00  0.000000E+00
  -668.600  0.000000E+00  0.000000E+00  0.000000E+00  0.000000E+00  0.000000E+00
  -668.500  0.000000E+00  0.000000E+00  0.000000E+00  0.000000E+00  0.000000E+00
  -668.400  0.000000E+00  0.000000E+00  0.000000E+00  0.000000E+00  0.000000E+00
  -668.300  0.000000E+00  0.000000E+00  0.000000E+00  0.000000E+00  0.000000E+00
  -668.200  0.000000E+00  0.000000E+00  0.000000E+00  0.000000E+00  0.000000E+00
  -668.100  0.000000E+00  0.000000E+00  0.000000E+00  0.000000E+00  0.000000E+00
  -668.000  0.000000E+00  0.000000E+00  0.000000E+00  0.000000E+00  0.000000E+00
  -667.900  0.000000E+00  0.000000E+00  0.000000E+00  0.000000E+00  0.000000E+00
  -667.800  0.000000E+00  0.000000E+00  0.000000E+00  0.000000E+00  0.000000E+00
  -667.700  0.000000E+00  0.000000E+00  0.000000E+00  0.000000E+00  0.000000E+00
  -667.600  0.000000E+00  0.000000E+00  0.000000E+00  0.000000E+00  0.000000E+00
  -667.500  0.000000E+00  0.000000E+00  0.000000E+00  0.000000E+00  0.000000E+00
  -667.400  0.000000E+00  0.000000E+00  0.000000E+00  0.000000E+00  0.000000E+00
  -667.300  0.000000E+00  0.000000E+00  0.000000E+00  0.000000E+00  0.000000E+00
  -667.200  0.000000E+00  0.000000E+00  0.000000E+00  0.000000E+00  0.000000E+00
  -667.100  0.000000E+00  0.000000E+00  0.000000E+00  0.000000E+00  0.000000E+00
  -667.000  0.000000E+00  0.000000E+00  0.000000E+00  0.000000E+00  0.000000E+00
  -666.900  0.000000E+00  0.000000E+00  0.000000E+00  0.000000E+00  0.000000E+00
  -666.800  0.190128E-04  0.157048E-04  0.146069E-04  0.000000E+00  0.000000E+00
  -666.700  0.288455E-04  0.238245E-04  0.221743E-04  0.212754E-04  0.183475E-04
  -666.600  0.434009E-04  0.358503E-04  0.333919E-04  0.320529E-04  0.276905E-04
  -666.500  0.647602E-04  0.535113E-04  0.498812E-04  0.479041E-04  0.414612E-04
  -666.400  0.958262E-04  0.792262E-04  0.739135E-04  0.710202E-04  0.615880E-04
  -666.300  0.140602E-03  0.116341E-03  0.108636E-03  0.104439E-03  0.907530E-04
  -666.200  0.204539E-03  0.169432E-03  0.158356E-03  0.152324E-03  0.132645E-03
  -666.100  0.294970E-03  0.244678E-03  0.228906E-03  0.220315E-03  0.192276E-03
  -666.000  0.421626E-03  0.350324E-03  0.328074E-03  0.315954E-03  0.276376E-03
  -665.900  0.597237E-03  0.497216E-03  0.466131E-03  0.449195E-03  0.393862E-03
  -665.800  0.838225E-03  0.699440E-03  0.656438E-03  0.633005E-03  0.556400E-03
  -665.700  0.116545E-02  0.975022E-03  0.916133E-03  0.884035E-03  0.779039E-03
  -665.600  0.160499E-02  0.134670E-02  0.126689E-02  0.122337E-02  0.108093E-02
  -665.500  0.218895E-02  0.184271E-02  0.173569E-02  0.167732E-02  0.148611E-02
  -665.400  0.295611E-02  0.249762E-02  0.235568E-02  0.227821E-02  0.202428E-02
  -665.300  0.395261E-02  0.335303E-02  0.316686E-02  0.306520E-02  0.273166E-02
  -665.200  0.523224E-02  0.445825E-02  0.421683E-02  0.408493E-02  0.365172E-02
  -665.100  0.685657E-02  0.587074E-02  0.556134E-02  0.539216E-02  0.483591E-02
  -665.000  0.889466E-02  0.765639E-02  0.726457E-02  0.705013E-02  0.634421E-02
  -664.900  0.114223E-01  0.988944E-02  0.939930E-02  0.913077E-02  0.824553E-02
  -664.800  0.145210E-01  0.126522E-01  0.120467E-01  0.117146E-01  0.106179E-01
  -664.700  0.182761E-01  0.160344E-01  0.152960E-01  0.148903E-01  0.135484E-01
  -664.600  0.227746E-01  0.201319E-01  0.192434E-01  0.187544E-01  0.171331E-01
  -664.500  0.281030E-01  0.250461E-01  0.239914E-01  0.234097E-01  0.214761E-01
  -664.400  0.343441E-01  0.308816E-01  0.296473E-01  0.289648E-01  0.266894E-01
  -664.300  0.415742E-01  0.377452E-01  0.363221E-01  0.355329E-01  0.328917E-01
  -664.200  0.498605E-01  0.457438E-01  0.441288E-01  0.432296E-01  0.402075E-01
  -664.100  0.592579E-01  0.549830E-01  0.531807E-01  0.521725E-01  0.487660E-01
  -664.000  0.698073E-01  0.655653E-01  0.635905E-01  0.624792E-01  0.587000E-01
  -663.900  0.815334E-01  0.775889E-01  0.754684E-01  0.742663E-01  0.701449E-01
  -663.800  0.944436E-01  0.911458E-01  0.889211E-01  0.876477E-01  0.832369E-01
  -663.700  0.108528E+00  0.106321E+00  0.104050E+00  0.102733E+00  0.981119E-01
  -663.600  0.123758E+00  0.123192E+00  0.120951E+00  0.119628E+00  0.114904E+00
  -663.500  0.140090E+00  0.141824E+00  0.139710E+00  0.138429E+00  0.133742E+00
  -663.400  0.157463E+00  0.162274E+00  0.160404E+00  0.159224E+00  0.154750E+00
  -663.300  0.175803E+00  0.184584E+00  0.183098E+00  0.182090E+00  0.178040E+00
  -663.200  0.195022E+00  0.208779E+00  0.207840E+00  0.207087E+00  0.203713E+00
  -663.100  0.215022E+00  0.234869E+00  0.234663E+00  0.234259E+00  0.231851E+00
  -663.000  0.235698E+00  0.262842E+00  0.263575E+00  0.263627E+00  0.262515E+00
  -662.900  0.256937E+00  0.292664E+00  0.294563E+00  0.295188E+00  0.295740E+00
  -662.800  0.278621E+00  0.324273E+00  0.327583E+00  0.328909E+00  0.331529E+00
  -662.700  0.300634E+00  0.357584E+00  0.362564E+00  0.364728E+00  0.369852E+00
  -662.600  0.322860E+00  0.392484E+00  0.399404E+00  0.402549E+00  0.410643E+00
  -662.500  0.345192E+00  0.428836E+00  0.437973E+00  0.442248E+00  0.453797E+00
  -662.400  0.367534E+00  0.466480E+00  0.478111E+00  0.483666E+00  0.499170E+00
  -662.300  0.389807E+00  0.505242E+00  0.519638E+00  0.526622E+00  0.546584E+00
  -662.200  0.411959E+00  0.544937E+00  0.562358E+00  0.570914E+00  0.595830E+00
  -662.100  0.433966E+00  0.585379E+00  0.606065E+00  0.616330E+00  0.646675E+00
  -662.000  0.455844E+00  0.626393E+00  0.650556E+00  0.662653E+00  0.698869E+00
  -661.900  0.477652E+00  0.667822E+00  0.695642E+00  0.709676E+00  0.752156E+00
  -661.800  0.499496E+00  0.709541E+00  0.741156E+00  0.757212E+00  0.806285E+00
  -661.700  0.521533E+00  0.751463E+00  0.786965E+00  0.805103E+00  0.861022E+00
  -661.600  0.543966E+00  0.793551E+00  0.832977E+00  0.853230E+00  0.916157E+00
  -661.500  0.567043E+00  0.835816E+00  0.879150E+00  0.901520E+00  0.971519E+00
  -661.400  0.591047E+00  0.878325E+00  0.925493E+00  0.949953E+00  0.102698E+01
  -661.300  0.616282E+00  0.921195E+00  0.972069E+00  0.998557E+00  0.108246E+01
  -661.200  0.643058E+00  0.964587E+00  0.101899E+01  0.104741E+01  0.113793E+01
  -661.100  0.671671E+00  0.100870E+01  0.106640E+01  0.109665E+01  0.119342E+01
  -661.000  0.702380E+00  0.105374E+01  0.111448E+01  0.114642E+01  0.124899E+01
  -660.900  0.735389E+00  0.109993E+01  0.116344E+01  0.119690E+01  0.130477E+01
  -660.800  0.770818E+00  0.114747E+01  0.121345E+01  0.124828E+01  0.136087E+01
  -660.700  0.808693E+00  0.119653E+01  0.126469E+01  0.130072E+01  0.141747E+01
  -660.600  0.848923E+00  0.124722E+01  0.131729E+01  0.135437E+01  0.147470E+01
  -660.500  0.891298E+00  0.129956E+01  0.137133E+01  0.140931E+01  0.153269E+01
  -660.400  0.935480E+00  0.135350E+01  0.142678E+01  0.146556E+01  0.159152E+01
  -660.300  0.981009E+00  0.140887E+01  0.148355E+01  0.152305E+01  0.165122E+01
  -660.200  0.102732E+01  0.146542E+01  0.154144E+01  0.158161E+01  0.171174E+01
  -660.100  0.107375E+01  0.152274E+01  0.160014E+01  0.164097E+01  0.177292E+01
  -660.000  0.111958E+01  0.158036E+01  0.165923E+01  0.170074E+01  0.183451E+01
  -659.900  0.116405E+01  0.163768E+01  0.171817E+01  0.176044E+01  0.189616E+01
  -659.800  0.120639E+01  0.169403E+01  0.177635E+01  0.181948E+01  0.195739E+01
  -659.700  0.124584E+01  0.174866E+01  0.183306E+01  0.187717E+01  0.201761E+01
  -659.600  0.128174E+01  0.180079E+01  0.188755E+01  0.193278E+01  0.207615E+01
  -659.500  0.131347E+01  0.184964E+01  0.193901E+01  0.198551E+01  0.213225E+01
  -659.400  0.134053E+01  0.189441E+01  0.198664E+01  0.203453E+01  0.218508E+01
  -659.300  0.136257E+01  0.193437E+01  0.202965E+01  0.207906E+01  0.223382E+01
  -659.200  0.137932E+01  0.196882E+01  0.206730E+01  0.211830E+01  0.227759E+01
  -659.100  0.139070E+01  0.199720E+01  0.209893E+01  0.215157E+01  0.231558E+01
  -659.000  0.139675E+01  0.201903E+01  0.212396E+01  0.217823E+01  0.234704E+01
  -658.900  0.139761E+01  0.203396E+01  0.214194E+01  0.219780E+01  0.237130E+01
  -658.800  0.139358E+01  0.204180E+01  0.215258E+01  0.220990E+01  0.238782E+01
  -658.700  0.138503E+01  0.204250E+01  0.215573E+01  0.221434E+01  0.239623E+01
  -658.600  0.137242E+01  0.203616E+01  0.215138E+01  0.221106E+01  0.239630E+01
  -658.500  0.135625E+01  0.202302E+01  0.213970E+01  0.220019E+01  0.238801E+01
  -658.400  0.133708E+01  0.200348E+01  0.212102E+01  0.218201E+01  0.237150E+01
  -658.300  0.131546E+01  0.197805E+01  0.209580E+01  0.215697E+01  0.234712E+01
  -658.200  0.129194E+01  0.194734E+01  0.206463E+01  0.212562E+01  0.231537E+01
  -658.100  0.126706E+01  0.191203E+01  0.202821E+01  0.208867E+01  0.227694E+01
  -658.000  0.124129E+01  0.187289E+01  0.198731E+01  0.204690E+01  0.223260E+01
  -657.900  0.121507E+01  0.183068E+01  0.194274E+01  0.200114E+01  0.218326E+01
  -657.800  0.118877E+01  0.178618E+01  0.189534E+01  0.195227E+01  0.212986E+01
  -657.700  0.116268E+01  0.174014E+01  0.184594E+01  0.190115E+01  0.207339E+01
  -657.600  0.113703E+01  0.169326E+01  0.179533E+01  0.184860E+01  0.201481E+01
  -657.500  0.111195E+01  0.164617E+01  0.174424E+01  0.179541E+01  0.195504E+01
  -657.400  0.108754E+01  0.159941E+01  0.169329E+01  0.174226E+01  0.189492E+01
  -657.300  0.106379E+01  0.155344E+01  0.164303E+01  0.168974E+01  0.183520E+01
  -657.200  0.104067E+01  0.150860E+01  0.159390E+01  0.163834E+01  0.177650E+01
  -657.100  0.101807E+01  0.146514E+01  0.154621E+01  0.158840E+01  0.171933E+01
  -657.000  0.995885E+00  0.142318E+01  0.150017E+01  0.154018E+01  0.166404E+01
  -656.900  0.973953E+00  0.138279E+01  0.145589E+01  0.149380E+01  0.161086E+01
  -656.800  0.952118E+00  0.134394E+01  0.141337E+01  0.144932E+01  0.155992E+01
  -656.700  0.930228E+00  0.130654E+01  0.137257E+01  0.140667E+01  0.151123E+01
  -656.600  0.908143E+00  0.127044E+01  0.133334E+01  0.136574E+01  0.146470E+01
  -656.500  0.885755E+00  0.123548E+01  0.129552E+01  0.132638E+01  0.142019E+01
  -656.400  0.862987E+00  0.120147E+01  0.125894E+01  0.128838E+01  0.137752E+01
  -656.300  0.839812E+00  0.116824E+01  0.122338E+01  0.125156E+01  0.133649E+01
  -656.200  0.816248E+00  0.113562E+01  0.118869E+01  0.121573E+01  0.129688E+01
  -656.100  0.792368E+00  0.110349E+01  0.115470E+01  0.118073E+01  0.125852E+01
  -656.000  0.768296E+00  0.107177E+01  0.112130E+01  0.114643E+01  0.122125E+01
  -655.900  0.744207E+00  0.104042E+01  0.108845E+01  0.111276E+01  0.118496E+01
  -655.800  0.720320E+00  0.100946E+01  0.105612E+01  0.107971E+01  0.114959E+01
  -655.700  0.696892E+00  0.978960E+00  0.102436E+01  0.104730E+01  0.111515E+01
  -655.600  0.674211E+00  0.949049E+00  0.993280E+00  0.101561E+01  0.108168E+01
  -655.500  0.652578E+00  0.919892E+00  0.963011E+00  0.984791E+00  0.104927E+01
  -655.400  0.632302E+00  0.891690E+00  0.933734E+00  0.954993E+00  0.101805E+01
  -655.300  0.613680E+00  0.864668E+00  0.905653E+00  0.926410E+00  0.988160E+00
  -655.200  0.596986E+00  0.839062E+00  0.878982E+00  0.899247E+00  0.959773E+00
  -655.100  0.582459E+00  0.815106E+00  0.853936E+00  0.873706E+00  0.933042E+00
  -655.000  0.570288E+00  0.793018E+00  0.830715E+00  0.849974E+00  0.908111E+00
  -654.900  0.560604E+00  0.772986E+00  0.809492E+00  0.828215E+00  0.885095E+00
  -654.800  0.553472E+00  0.755162E+00  0.790406E+00  0.808557E+00  0.864079E+00
  -654.700  0.548882E+00  0.739650E+00  0.773550E+00  0.791086E+00  0.845104E+00
  -654.600  0.546754E+00  0.726503E+00  0.758970E+00  0.775838E+00  0.828172E+00
  -654.500  0.546933E+00  0.715717E+00  0.746661E+00  0.762806E+00  0.813243E+00
  -654.400  0.549200E+00  0.707233E+00  0.736566E+00  0.751930E+00  0.800238E+00
  -654.300  0.553271E+00  0.700939E+00  0.728581E+00  0.743108E+00  0.789045E+00
  -654.200  0.558815E+00  0.696673E+00  0.722560E+00  0.736200E+00  0.779526E+00
  -654.100  0.565462E+00  0.694231E+00  0.718320E+00  0.731028E+00  0.771522E+00
  -654.000  0.572815E+00  0.693372E+00  0.715644E+00  0.727392E+00  0.764862E+00
  -653.900  0.580467E+00  0.693831E+00  0.714296E+00  0.725067E+00  0.759367E+00
  -653.800  0.588011E+00  0.695318E+00  0.714022E+00  0.723819E+00  0.754858E+00
  -653.700  0.595059E+00  0.697537E+00  0.714558E+00  0.723403E+00  0.751153E+00
  -653.600  0.601249E+00  0.700186E+00  0.715639E+00  0.723573E+00  0.748078E+00
  -653.500  0.606261E+00  0.702969E+00  0.717001E+00  0.724086E+00  0.745459E+00
  -653.400  0.609825E+00  0.705603E+00  0.718389E+00  0.724703E+00  0.743129E+00
  -653.300  0.611733E+00  0.707821E+00  0.719559E+00  0.725198E+00  0.740923E+00
  -653.200  0.611842E+00  0.709385E+00  0.720289E+00  0.725357E+00  0.738679E+00
  -653.100  0.610082E+00  0.710085E+00  0.720374E+00  0.724985E+00  0.736243E+00
  -653.000  0.606460E+00  0.709751E+00  0.719640E+00  0.723910E+00  0.733461E+00
  -652.900  0.601059E+00  0.708252E+00  0.717944E+00  0.721982E+00  0.730192E+00
  -652.800  0.594045E+00  0.705505E+00  0.715177E+00  0.719084E+00  0.726301E+00
  -652.700  0.585658E+00  0.701475E+00  0.711270E+00  0.715133E+00  0.721673E+00
  -652.600  0.576213E+00  0.696179E+00  0.706197E+00  0.710082E+00  0.716210E+00
  -652.500  0.566096E+00  0.689687E+00  0.699979E+00  0.703928E+00  0.709841E+00
  -652.400  0.555759E+00  0.682125E+00  0.692684E+00  0.696709E+00  0.702526E+00
  -652.300  0.545708E+00  0.673669E+00  0.684428E+00  0.688514E+00  0.694259E+00
  -652.200  0.536504E+00  0.664552E+00  0.675379E+00  0.679475E+00  0.685080E+00
  -652.100  0.528748E+00  0.655053E+00  0.665754E+00  0.669776E+00  0.675067E+00
  -652.000  0.523072E+00  0.645500E+00  0.655816E+00  0.659649E+00  0.664351E+00
  -651.900  0.520131E+00  0.636264E+00  0.645875E+00  0.649372E+00  0.653110E+00
  -651.800  0.520591E+00  0.627753E+00  0.636285E+00  0.639267E+00  0.641572E+00
  -651.700  0.525112E+00  0.620409E+00  0.627436E+00  0.629699E+00  0.630014E+00
  -651.600  0.534340E+00  0.614695E+00  0.619749E+00  0.621065E+00  0.618758E+00
  -651.500  0.548884E+00  0.611093E+00  0.613671E+00  0.613793E+00  0.608167E+00
  -651.400  0.569303E+00  0.610085E+00  0.609661E+00  0.608327E+00  0.598637E+00
  -651.300  0.596082E+00  0.612147E+00  0.608179E+00  0.605122E+00  0.590587E+00
  -651.200  0.629614E+00  0.617730E+00  0.609676E+00  0.604622E+00  0.584445E+00
  -651.100  0.670176E+00  0.627241E+00  0.614570E+00  0.607251E+00  0.580639E+00
  -651.000  0.717905E+00  0.641029E+00  0.623234E+00  0.613391E+00  0.579572E+00
  -650.900  0.772777E+00  0.659359E+00  0.635971E+00  0.623364E+00  0.581609E+00
  -650.800  0.834590E+00  0.682398E+00  0.653001E+00  0.637414E+00  0.587055E+00
  -650.700  0.902945E+00  0.710195E+00  0.674436E+00  0.655684E+00  0.596139E+00
  -650.600  0.977241E+00  0.742663E+00  0.700270E+00  0.678205E+00  0.608992E+00
  -650.500  0.105667E+01  0.779572E+00  0.730360E+00  0.704878E+00  0.625638E+00
  -650.400  0.114022E+01  0.820542E+00  0.764425E+00  0.735471E+00  0.645980E+00
  -650.300  0.122671E+01  0.865046E+00  0.802043E+00  0.769611E+00  0.669795E+00
  -650.200  0.131479E+01  0.912416E+00  0.842655E+00  0.806797E+00  0.696738E+00
  -650.100  0.140301E+01  0.961864E+00  0.885583E+00  0.846403E+00  0.726344E+00
  -650.000  0.148983E+01  0.101250E+01  0.930047E+00  0.887705E+00  0.758047E+00
  -649.900  0.157370E+01  0.106338E+01  0.975195E+00  0.929901E+00  0.791198E+00
  -649.800  0.165313E+01  0.111352E+01  0.102013E+01  0.972143E+00  0.825089E+00
  -649.700  0.172670E+01  0.116193E+01  0.106396E+01  0.101357E+01  0.858981E+00
  -649.600  0.179315E+01  0.120769E+01  0.110581E+01  0.105334E+01  0.892134E+00
  -649.500  0.185141E+01  0.124996E+01  0.114486E+01  0.109067E+01  0.923839E+00
  -649.400  0.190067E+01  0.128799E+01  0.118042E+01  0.112486E+01  0.953439E+00
  -649.300  0.194034E+01  0.132118E+01  0.121187E+01  0.115531E+01  0.980361E+00
  -649.200  0.197011E+01  0.134910E+01  0.123875E+01  0.118155E+01  0.100413E+01
  -649.100  0.198995E+01  0.137145E+01  0.126075E+01  0.120325E+01  0.102437E+01
  -649.000  0.200005E+01  0.138810E+01  0.127769E+01  0.122021E+01  0.104084E+01
  -648.900  0.200080E+01  0.139908E+01  0.128953E+01  0.123236E+01  0.105340E+01
  -648.800  0.199277E+01  0.140451E+01  0.129634E+01  0.123976E+01  0.106200E+01
  -648.700  0.197664E+01  0.140465E+01  0.129830E+01  0.124253E+01  0.106671E+01
  -648.600  0.195314E+01  0.139980E+01  0.129565E+01  0.124089E+01  0.106766E+01
  -648.500  0.192303E+01  0.139031E+01  0.128869E+01  0.123511E+01  0.106502E+01
  -648.400  0.188706E+01  0.137655E+01  0.127773E+01  0.122548E+01  0.105900E+01
  -648.300  0.184590E+01  0.135888E+01  0.126308E+01  0.121229E+01  0.104984E+01
  -648.200  0.180013E+01  0.133760E+01  0.124502E+01  0.119579E+01  0.103774E+01
  -648.100  0.175027E+01  0.131301E+01  0.122381E+01  0.117624E+01  0.102292E+01
  -648.000  0.169671E+01  0.128532E+01  0.119966E+01  0.115382E+01  0.100553E+01
  -647.900  0.163980E+01  0.125470E+01  0.117271E+01  0.112870E+01  0.985729E+00
  -647.800  0.157977E+01  0.122129E+01  0.114310E+01  0.110099E+01  0.963605E+00
  -647.700  0.151687E+01  0.118517E+01  0.111092E+01  0.107077E+01  0.939237E+00
  -647.600  0.145128E+01  0.114642E+01  0.107622E+01  0.103811E+01  0.912680E+00
  -647.500  0.138324E+01  0.110513E+01  0.103907E+01  0.100307E+01  0.883977E+00
  -647.400  0.131298E+01  0.106137E+01  0.999555E+00  0.965718E+00  0.853175E+00
  -647.300  0.124081E+01  0.101528E+01  0.957773E+00  0.926145E+00  0.820339E+00
  -647.200  0.116710E+01  0.967018E+00  0.913868E+00  0.884482E+00  0.785559E+00
  -647.100  0.109228E+01  0.916822E+00  0.868034E+00  0.840907E+00  0.748965E+00
  -647.000  0.101687E+01  0.864976E+00  0.820522E+00  0.795653E+00  0.710732E+00
  -646.900  0.941432E+00  0.811828E+00  0.771640E+00  0.749005E+00  0.671085E+00
  -646.800  0.866572E+00  0.757785E+00  0.721751E+00  0.701304E+00  0.630298E+00
  -646.700  0.792936E+00  0.703298E+00  0.671265E+00  0.652940E+00  0.588691E+00
  -646.600  0.721174E+00  0.648857E+00  0.620630E+00  0.604338E+00  0.546623E+00
  -646.500  0.651928E+00  0.594970E+00  0.570317E+00  0.555951E+00  0.504483E+00
  -646.400  0.585808E+00  0.542152E+00  0.520809E+00  0.508241E+00  0.462676E+00
  -646.300  0.523382E+00  0.490905E+00  0.472581E+00  0.461670E+00  0.421613E+00
  -646.200  0.465157E+00  0.441706E+00  0.426090E+00  0.416683E+00  0.381695E+00
  -646.100  0.411574E+00  0.394992E+00  0.381757E+00  0.373692E+00  0.343303E+00
  -646.000  0.363002E+00  0.351152E+00  0.339962E+00  0.333070E+00  0.306785E+00
  -645.900  0.319734E+00  0.310515E+00  0.301030E+00  0.295140E+00  0.272448E+00
  -645.800  0.281991E+00  0.273347E+00  0.265229E+00  0.260168E+00  0.240550E+00
  -645.700  0.249925E+00  0.239850E+00  0.232764E+00  0.228361E+00  0.211297E+00
  -645.600  0.223623E+00  0.210162E+00  0.203781E+00  0.199867E+00  0.184841E+00
  -645.500  0.203110E+00  0.184361E+00  0.178364E+00  0.174774E+00  0.161280E+00
  -645.400  0.188354E+00  0.162464E+00  0.156542E+00  0.153117E+00  0.140659E+00
  -645.300  0.179272E+00  0.144441E+00  0.138294E+00  0.134880E+00  0.122979E+00
  -645.200  0.175724E+00  0.130212E+00  0.123554E+00  0.120001E+00  0.108196E+00
  -645.100  0.177520E+00  0.119659E+00  0.112215E+00  0.108382E+00  0.962289E-01
  -645.000  0.184416E+00  0.112630E+00  0.104138E+00  0.998898E-01  0.869669E-01
  -644.900  0.196112E+00  0.108943E+00  0.991576E-01  0.943659E-01  0.802735E-01
  -644.800  0.212249E+00  0.108389E+00  0.970825E-01  0.916286E-01  0.759925E-01
  -644.700  0.232411E+00  0.110742E+00  0.977047E-01  0.914792E-01  0.739531E-01
  -644.600  0.256129E+00  0.115756E+00  0.100801E+00  0.937054E-01  0.739736E-01
  -644.500  0.282878E+00  0.123172E+00  0.106139E+00  0.980853E-01  0.758658E-01
  -644.400  0.312091E+00  0.132718E+00  0.113474E+00  0.104390E+00  0.794379E-01
  -644.300  0.343168E+00  0.144118E+00  0.122560E+00  0.112387E+00  0.844969E-01
  -644.200  0.375487E+00  0.157086E+00  0.133147E+00  0.121841E+00  0.908507E-01
  -644.100  0.408419E+00  0.171338E+00  0.144984E+00  0.132518E+00  0.983091E-01
  -644.000  0.441347E+00  0.186588E+00  0.157821E+00  0.144185E+00  0.106685E+00
  -643.900  0.473679E+00  0.202553E+00  0.171410E+00  0.156610E+00  0.115795E+00
  -643.800  0.504862E+00  0.218955E+00  0.185508E+00  0.169567E+00  0.125456E+00
  -643.700  0.534394E+00  0.235520E+00  0.199873E+00  0.182830E+00  0.135492E+00
  -643.600  0.561830E+00  0.251981E+00  0.214268E+00  0.196177E+00  0.145722E+00
  -643.500  0.586789E+00  0.268075E+00  0.228458E+00  0.209387E+00  0.155970E+00
  -643.400  0.608952E+00  0.283546E+00  0.242211E+00  0.222241E+00  0.166057E+00
  -643.300  0.628060E+00  0.298142E+00  0.255296E+00  0.234521E+00  0.175802E+00
  -643.200  0.643908E+00  0.311618E+00  0.267486E+00  0.246007E+00  0.185023E+00
  -643.100  0.656339E+00  0.323733E+00  0.278555E+00  0.256486E+00  0.193540E+00
  -643.000  0.665241E+00  0.334260E+00  0.288288E+00  0.265749E+00  0.201174E+00
  -642.900  0.670538E+00  0.342982E+00  0.296476E+00  0.273596E+00  0.207753E+00
  -642.800  0.672190E+00  0.349703E+00  0.302932E+00  0.279842E+00  0.213117E+00
  -642.700  0.670197E+00  0.354255E+00  0.307490E+00  0.284326E+00  0.217121E+00
  -642.600  0.664595E+00  0.356504E+00  0.310014E+00  0.286915E+00  0.219647E+00
  -642.500  0.655466E+00  0.356356E+00  0.310408E+00  0.287514E+00  0.220605E+00
  -642.400  0.642940E+00  0.353770E+00  0.308623E+00  0.286068E+00  0.219941E+00
  -642.300  0.627204E+00  0.348759E+00  0.304659E+00  0.282575E+00  0.217641E+00
  -642.200  0.608504E+00  0.341397E+00  0.298574E+00  0.277084E+00  0.213735E+00
  -642.100  0.587147E+00  0.331818E+00  0.290478E+00  0.269696E+00  0.208297E+00
  -642.000  0.563501E+00  0.320215E+00  0.280540E+00  0.260565E+00  0.201442E+00
  -641.900  0.537990E+00  0.306837E+00  0.268976E+00  0.249892E+00  0.193328E+00
  -641.800  0.511086E+00  0.291977E+00  0.256045E+00  0.237920E+00  0.184143E+00
  -641.700  0.483298E+00  0.275967E+00  0.242041E+00  0.224922E+00  0.174103E+00
  -641.600  0.455164E+00  0.259164E+00  0.227282E+00  0.211195E+00  0.163441E+00
  -641.500  0.427232E+00  0.241936E+00  0.212095E+00  0.197046E+00  0.152400E+00
  -641.400  0.400049E+00  0.224655E+00  0.196810E+00  0.182784E+00  0.141224E+00
  -641.300  0.374147E+00  0.207680E+00  0.181746E+00  0.168707E+00  0.130147E+00
  -641.200  0.350034E+00  0.191350E+00  0.167205E+00  0.155096E+00  0.119391E+00
  -641.100  0.328174E+00  0.175971E+00  0.153458E+00  0.142206E+00  0.109153E+00
  -641.000  0.308987E+00  0.161815E+00  0.140746E+00  0.130259E+00  0.996087E-01
  -640.900  0.292832E+00  0.149111E+00  0.129269E+00  0.119444E+00  0.909030E-01
  -640.800  0.280000E+00  0.138041E+00  0.119190E+00  0.109911E+00  0.831518E-01
  -640.700  0.270709E+00  0.128742E+00  0.110628E+00  0.101771E+00  0.764405E-01
  -640.600  0.265092E+00  0.121302E+00  0.103660E+00  0.950953E-01  0.708249E-01
  -640.500  0.263196E+00  0.115759E+00  0.983239E-01  0.899198E-01  0.663322E-01
  -640.400  0.264970E+00  0.112109E+00  0.946162E-01  0.862429E-01  0.629633E-01
  -640.300  0.270270E+00  0.110303E+00  0.924977E-01  0.840296E-01  0.606944E-01
  -640.200  0.278850E+00  0.110248E+00  0.918947E-01  0.832137E-01  0.594798E-01
  -640.100  0.290375E+00  0.111819E+00  0.927025E-01  0.837015E-01  0.592542E-01
  -640.000  0.304418E+00  0.114852E+00  0.947888E-01  0.853743E-01  0.599349E-01
  -639.900  0.320479E+00  0.119158E+00  0.979984E-01  0.880927E-01  0.614252E-01
  -639.800  0.337997E+00  0.124525E+00  0.102157E+00  0.917002E-01  0.636163E-01
  -639.700  0.356369E+00  0.130725E+00  0.107076E+00  0.960278E-01  0.663904E-01
  -639.600  0.374972E+00  0.137517E+00  0.112559E+00  0.100898E+00  0.696236E-01
  -639.500  0.393186E+00  0.144660E+00  0.118404E+00  0.106130E+00  0.731884E-01
  -639.400  0.410418E+00  0.151912E+00  0.124412E+00  0.111542E+00  0.769568E-01
  -639.300  0.426117E+00  0.159043E+00  0.130390E+00  0.116960E+00  0.808028E-01
  -639.200  0.439801E+00  0.165837E+00  0.136153E+00  0.122216E+00  0.846048E-01
  -639.100  0.451064E+00  0.172095E+00  0.141533E+00  0.127154E+00  0.882483E-01
  -639.000  0.459585E+00  0.177642E+00  0.146378E+00  0.131635E+00  0.916273E-01
  -638.900  0.465137E+00  0.182326E+00  0.150553E+00  0.135534E+00  0.946463E-01
  -638.800  0.467582E+00  0.186024E+00  0.153947E+00  0.138745E+00  0.972214E-01
  -638.700  0.466867E+00  0.188637E+00  0.156467E+00  0.141181E+00  0.992814E-01
  -638.600  0.463015E+00  0.190093E+00  0.158045E+00  0.142775E+00  0.100768E+00
  -638.500  0.456122E+00  0.190346E+00  0.158631E+00  0.143477E+00  0.101637E+00
  -638.400  0.446335E+00  0.189374E+00  0.158198E+00  0.143259E+00  0.101856E+00
  -638.300  0.433853E+00  0.187181E+00  0.156739E+00  0.142109E+00  0.101410E+00
  -638.200  0.418912E+00  0.183792E+00  0.154266E+00  0.140034E+00  0.100295E+00
  -638.100  0.401775E+00  0.179252E+00  0.150810E+00  0.137060E+00  0.985204E-01
  -638.000  0.382731E+00  0.173630E+00  0.146422E+00  0.133229E+00  0.961103E-01
  -637.900  0.362085E+00  0.167012E+00  0.141168E+00  0.128599E+00  0.931006E-01
  -637.800  0.340154E+00  0.159503E+00  0.135131E+00  0.123244E+00  0.895392E-01
  -637.700  0.317264E+00  0.151222E+00  0.128411E+00  0.117250E+00  0.854850E-01
  -637.600  0.293744E+00  0.142304E+00  0.121115E+00  0.110717E+00  0.810063E-01
  -637.500  0.269921E+00  0.132893E+00  0.113365E+00  0.103753E+00  0.761788E-01
  -637.400  0.246115E+00  0.123138E+00  0.105286E+00  0.964716E-01  0.710843E-01
  -637.300  0.222630E+00  0.113193E+00  0.970081E-01  0.889915E-01  0.658074E-01
  -637.200  0.199751E+00  0.103208E+00  0.886595E-01  0.814297E-01  0.604336E-01
  -637.100  0.177734E+00  0.933294E-01  0.803643E-01  0.739001E-01  0.550465E-01
  -637.000  0.156802E+00  0.836899E-01  0.722382E-01  0.665092E-01  0.497254E-01
  -636.900  0.137140E+00  0.744095E-01  0.643856E-01  0.593532E-01  0.445429E-01
  -636.800  0.118890E+00  0.655905E-01  0.568967E-01  0.525161E-01  0.395629E-01
  -636.700  0.102152E+00  0.573159E-01  0.498454E-01  0.460670E-01  0.348397E-01
  -636.600  0.869804E-01  0.496478E-01  0.432886E-01  0.400597E-01  0.304161E-01
  -636.500  0.733906E-01  0.426278E-01  0.372657E-01  0.345319E-01  0.263240E-01
  -636.400  0.613589E-01  0.362775E-01  0.317991E-01  0.295061E-01  0.225838E-01
  -636.300  0.508299E-01  0.305999E-01  0.268951E-01  0.249898E-01  0.192054E-01
  -636.200  0.417212E-01  0.255819E-01  0.225464E-01  0.209781E-01  0.161887E-01
  -636.100  0.339306E-01  0.211968E-01  0.187335E-01  0.174547E-01  0.135255E-01
  -636.000  0.273419E-01  0.174074E-01  0.154275E-01  0.143945E-01  0.112004E-01
  -635.900  0.218314E-01  0.141684E-01  0.125922E-01  0.117655E-01  0.919270E-02
  -635.800  0.172729E-01  0.114296E-01  0.101867E-01  0.953126E-02  0.747778E-02
  -635.700  0.135424E-01  0.913836E-02  0.816746E-02  0.765263E-02  0.602851E-02
  -635.600  0.105219E-01  0.724145E-02  0.649021E-02  0.608954E-02  0.481661E-02
  -635.500  0.810178E-02  0.568724E-02  0.511139E-02  0.480243E-02  0.381375E-02
  -635.400  0.618263E-02  0.442679E-02  0.398949E-02  0.375342E-02  0.299243E-02
  -635.300  0.467613E-02  0.341488E-02  0.308588E-02  0.290714E-02  0.232666E-02
  -635.200  0.350538E-02  0.261065E-02  0.236540E-02  0.223130E-02  0.179249E-02
  -635.100  0.260450E-02  0.197781E-02  0.179668E-02  0.169699E-02  0.136825E-02
  -635.000  0.191804E-02  0.148478E-02  0.135223E-02  0.127878E-02  0.103472E-02
  -634.900  0.140000E-02  0.110445E-02  0.100834E-02  0.954718E-03  0.775165E-03
  -634.800  0.101281E-02  0.813964E-03  0.744910E-03  0.706121E-03  0.575224E-03
  -634.700  0.726165E-03  0.594286E-03  0.545129E-03  0.517323E-03  0.422770E-03
  -634.600  0.515972E-03  0.429805E-03  0.395134E-03  0.375385E-03  0.307714E-03
  -634.500  0.363302E-03  0.307881E-03  0.283653E-03  0.269756E-03  0.221775E-03
  -634.400  0.253466E-03  0.218411E-03  0.201639E-03  0.191950E-03  0.158251E-03
  -634.300  0.175201E-03  0.153423E-03  0.141920E-03  0.135230E-03  0.111786E-03
  -634.200  0.119967E-03  0.106701E-03  0.988870E-04  0.943104E-04  0.781587E-04
  -634.100  0.813666E-04  0.734586E-04  0.682015E-04  0.651011E-04  0.540821E-04
  -634.000  0.546540E-04  0.500555E-04  0.465527E-04  0.444728E-04  0.370300E-04
  -633.900  0.363517E-04  0.337542E-04  0.314431E-04  0.300617E-04  0.250850E-04
  -633.800  0.239380E-04  0.225219E-04  0.210122E-04  0.201039E-04  0.168101E-04
  -633.700  0.156042E-04  0.148667E-04  0.000000E+00  0.000000E+00  0.000000E+00
  -633.600  0.000000E+00  0.000000E+00  0.000000E+00  0.000000E+00  0.000000E+00
  -633.500  0.000000E+00  0.000000E+00  0.000000E+00  0.000000E+00  0.000000E+00
  -633.400  0.000000E+00  0.000000E+00  0.000000E+00  0.000000E+00  0.000000E+00
  -633.300  0.000000E+00  0.000000E+00  0.000000E+00  0.000000E+00  0.000000E+00
  -633.200  0.000000E+00  0.000000E+00  0.000000E+00  0.000000E+00  0.000000E+00
  -633.100  0.000000E+00  0.000000E+00  0.000000E+00  0.000000E+00  0.000000E+00
  -633.000  0.000000E+00  0.000000E+00  0.000000E+00  0.000000E+00  0.000000E+00
  -632.900  0.000000E+00  0.000000E+00  0.000000E+00  0.000000E+00  0.000000E+00
  -632.800  0.000000E+00  0.000000E+00  0.000000E+00  0.000000E+00  0.000000E+00
  -632.700  0.000000E+00  0.000000E+00  0.000000E+00  0.000000E+00  0.000000E+00
  -632.600  0.000000E+00  0.000000E+00  0.000000E+00  0.000000E+00  0.000000E+00
  -632.500  0.000000E+00  0.000000E+00  0.000000E+00  0.000000E+00  0.000000E+00
  -632.400  0.000000E+00  0.000000E+00  0.000000E+00  0.000000E+00  0.000000E+00
  -632.300  0.000000E+00  0.000000E+00  0.000000E+00  0.000000E+00  0.000000E+00
  -632.200  0.000000E+00  0.000000E+00  0.000000E+00  0.000000E+00  0.000000E+00
  -632.100  0.000000E+00  0.000000E+00  0.000000E+00  0.000000E+00  0.000000E+00
  -632.000  0.000000E+00  0.000000E+00  0.000000E+00  0.000000E+00  0.000000E+00
  -631.900  0.000000E+00  0.000000E+00  0.000000E+00  0.000000E+00  0.000000E+00
  -631.800  0.000000E+00  0.000000E+00  0.000000E+00  0.000000E+00  0.000000E+00
  -631.700  0.000000E+00  0.000000E+00  0.000000E+00  0.000000E+00  0.000000E+00
  -631.600  0.000000E+00  0.000000E+00  0.000000E+00  0.000000E+00  0.000000E+00
  -631.500  0.000000E+00  0.000000E+00  0.000000E+00  0.000000E+00  0.000000E+00
  -631.400  0.000000E+00  0.000000E+00  0.000000E+00  0.000000E+00  0.000000E+00
  -631.300  0.000000E+00  0.000000E+00  0.000000E+00  0.000000E+00  0.000000E+00
  -631.200  0.000000E+00  0.000000E+00  0.000000E+00  0.000000E+00  0.000000E+00
  -631.100  0.000000E+00  0.000000E+00  0.000000E+00  0.000000E+00  0.000000E+00
  -631.000  0.000000E+00  0.000000E+00  0.000000E+00  0.000000E+00  0.000000E+00
  -630.900  0.000000E+00  0.000000E+00  0.000000E+00  0.000000E+00  0.000000E+00
  -630.800  0.000000E+00  0.000000E+00  0.000000E+00  0.000000E+00  0.000000E+00
  -630.700  0.000000E+00  0.000000E+00  0.000000E+00  0.000000E+00  0.000000E+00
  -630.600  0.000000E+00  0.000000E+00  0.000000E+00  0.000000E+00  0.000000E+00
  -630.500  0.000000E+00  0.000000E+00  0.000000E+00  0.000000E+00  0.000000E+00
  -630.400  0.000000E+00  0.000000E+00  0.000000E+00  0.000000E+00  0.000000E+00
  -630.300  0.000000E+00  0.000000E+00  0.000000E+00  0.000000E+00  0.000000E+00
  -630.200  0.000000E+00  0.000000E+00  0.000000E+00  0.000000E+00  0.000000E+00
  -630.100  0.000000E+00  0.000000E+00  0.000000E+00  0.000000E+00  0.000000E+00
  -630.000  0.000000E+00  0.000000E+00  0.000000E+00  0.000000E+00  0.000000E+00
  -629.900  0.000000E+00  0.000000E+00  0.000000E+00  0.000000E+00  0.000000E+00
  -629.800  0.000000E+00  0.000000E+00  0.000000E+00  0.000000E+00  0.000000E+00
  -629.700  0.000000E+00  0.000000E+00  0.000000E+00  0.000000E+00  0.000000E+00
  -629.600  0.000000E+00  0.000000E+00  0.000000E+00  0.000000E+00  0.000000E+00
  -629.500  0.000000E+00  0.000000E+00  0.000000E+00  0.000000E+00  0.000000E+00
  -629.400  0.000000E+00  0.000000E+00  0.000000E+00  0.000000E+00  0.000000E+00
  -629.300  0.000000E+00  0.000000E+00  0.000000E+00  0.000000E+00  0.000000E+00
  -629.200  0.000000E+00  0.000000E+00  0.000000E+00  0.000000E+00  0.000000E+00
  -629.100  0.000000E+00  0.000000E+00  0.000000E+00  0.000000E+00  0.000000E+00
  -629.000  0.000000E+00  0.000000E+00  0.000000E+00  0.000000E+00  0.000000E+00
  -628.900  0.000000E+00  0.000000E+00  0.000000E+00  0.000000E+00  0.000000E+00
  -628.800  0.000000E+00  0.000000E+00  0.000000E+00  0.000000E+00  0.000000E+00
  -628.700  0.000000E+00  0.000000E+00  0.000000E+00  0.000000E+00  0.000000E+00
  -628.600  0.000000E+00  0.000000E+00  0.000000E+00  0.000000E+00  0.000000E+00
  -628.500  0.000000E+00  0.000000E+00  0.000000E+00  0.000000E+00  0.000000E+00
  -628.400  0.000000E+00  0.000000E+00  0.000000E+00  0.000000E+00  0.000000E+00
  -628.300  0.000000E+00  0.000000E+00  0.000000E+00  0.000000E+00  0.000000E+00
  -628.200  0.000000E+00  0.000000E+00  0.000000E+00  0.000000E+00  0.000000E+00
  -628.100  0.000000E+00  0.000000E+00  0.000000E+00  0.000000E+00  0.000000E+00
  -628.000  0.000000E+00  0.000000E+00  0.000000E+00  0.000000E+00  0.000000E+00
  -627.900  0.000000E+00  0.000000E+00  0.000000E+00  0.000000E+00  0.000000E+00
  -627.800  0.000000E+00  0.000000E+00  0.000000E+00  0.000000E+00  0.000000E+00
  -627.700  0.000000E+00  0.000000E+00  0.000000E+00  0.000000E+00  0.000000E+00
  -627.600  0.000000E+00  0.000000E+00  0.000000E+00  0.000000E+00  0.000000E+00
  -627.500  0.000000E+00  0.000000E+00  0.000000E+00  0.000000E+00  0.000000E+00
  -627.400  0.000000E+00  0.000000E+00  0.000000E+00  0.000000E+00  0.000000E+00
  -627.300  0.000000E+00  0.000000E+00  0.000000E+00  0.000000E+00  0.000000E+00
  -627.200  0.000000E+00  0.000000E+00  0.000000E+00  0.000000E+00  0.000000E+00
  -627.100  0.000000E+00  0.000000E+00  0.000000E+00  0.000000E+00  0.000000E+00
  -627.000  0.000000E+00  0.000000E+00  0.000000E+00  0.000000E+00  0.000000E+00
  -626.900  0.000000E+00  0.000000E+00  0.000000E+00  0.000000E+00  0.000000E+00
  -626.800  0.000000E+00  0.000000E+00  0.000000E+00  0.000000E+00  0.000000E+00
  -626.700  0.000000E+00  0.000000E+00  0.000000E+00  0.000000E+00  0.000000E+00
  -626.600  0.000000E+00  0.000000E+00  0.000000E+00  0.000000E+00  0.000000E+00
  -626.500  0.000000E+00  0.000000E+00  0.000000E+00  0.000000E+00  0.000000E+00
  -626.400  0.000000E+00  0.000000E+00  0.000000E+00  0.000000E+00  0.000000E+00
  -626.300  0.000000E+00  0.000000E+00  0.000000E+00  0.000000E+00  0.000000E+00
  -626.200  0.000000E+00  0.000000E+00  0.000000E+00  0.000000E+00  0.000000E+00
  -626.100  0.000000E+00  0.000000E+00  0.000000E+00  0.000000E+00  0.000000E+00
  -626.000  0.000000E+00  0.000000E+00  0.000000E+00  0.000000E+00  0.000000E+00
  -625.900  0.000000E+00  0.000000E+00  0.000000E+00  0.000000E+00  0.000000E+00
  -625.800  0.000000E+00  0.000000E+00  0.000000E+00  0.000000E+00  0.000000E+00
  -625.700  0.000000E+00  0.000000E+00  0.000000E+00  0.000000E+00  0.000000E+00
  -625.600  0.000000E+00  0.000000E+00  0.000000E+00  0.000000E+00  0.000000E+00
  -625.500  0.000000E+00  0.000000E+00  0.000000E+00  0.000000E+00  0.000000E+00
  -625.400  0.000000E+00  0.000000E+00  0.000000E+00  0.000000E+00  0.000000E+00
  -625.300  0.000000E+00  0.000000E+00  0.000000E+00  0.000000E+00  0.000000E+00
  -625.200  0.000000E+00  0.000000E+00  0.000000E+00  0.000000E+00  0.000000E+00
  -625.100  0.000000E+00  0.000000E+00  0.000000E+00  0.000000E+00  0.000000E+00
  -625.000  0.000000E+00  0.000000E+00  0.000000E+00  0.000000E+00  0.000000E+00
  -624.900  0.000000E+00  0.000000E+00  0.000000E+00  0.000000E+00  0.000000E+00
  -624.800  0.000000E+00  0.000000E+00  0.000000E+00  0.000000E+00  0.000000E+00
  -624.700  0.000000E+00  0.000000E+00  0.000000E+00  0.000000E+00  0.000000E+00
  -624.600  0.000000E+00  0.000000E+00  0.000000E+00  0.000000E+00  0.000000E+00
  -624.500  0.000000E+00  0.000000E+00  0.000000E+00  0.000000E+00  0.000000E+00
  -624.400  0.000000E+00  0.000000E+00  0.000000E+00  0.000000E+00  0.000000E+00
  -624.300  0.000000E+00  0.000000E+00  0.000000E+00  0.000000E+00  0.000000E+00
  -624.200  0.000000E+00  0.000000E+00  0.000000E+00  0.000000E+00  0.000000E+00
  -624.100  0.000000E+00  0.000000E+00  0.000000E+00  0.000000E+00  0.000000E+00
  -624.000  0.000000E+00  0.000000E+00  0.000000E+00  0.000000E+00  0.000000E+00
  -623.900  0.000000E+00  0.000000E+00  0.000000E+00  0.000000E+00  0.000000E+00
  -623.800  0.000000E+00  0.000000E+00  0.000000E+00  0.000000E+00  0.000000E+00
  -623.700  0.000000E+00  0.000000E+00  0.000000E+00  0.000000E+00  0.000000E+00
  -623.600  0.000000E+00  0.000000E+00  0.000000E+00  0.000000E+00  0.000000E+00
  -623.500  0.000000E+00  0.000000E+00  0.000000E+00  0.000000E+00  0.000000E+00
  -623.400  0.000000E+00  0.000000E+00  0.000000E+00  0.000000E+00  0.000000E+00
  -623.300  0.000000E+00  0.000000E+00  0.000000E+00  0.000000E+00  0.000000E+00
  -623.200  0.000000E+00  0.000000E+00  0.000000E+00  0.000000E+00  0.000000E+00
  -623.100  0.000000E+00  0.000000E+00  0.000000E+00  0.000000E+00  0.000000E+00
  -623.000  0.000000E+00  0.000000E+00  0.000000E+00  0.000000E+00  0.000000E+00
  -622.900  0.000000E+00  0.000000E+00  0.000000E+00  0.000000E+00  0.000000E+00
  -622.800  0.000000E+00  0.000000E+00  0.000000E+00  0.000000E+00  0.000000E+00
  -622.700  0.000000E+00  0.000000E+00  0.000000E+00  0.000000E+00  0.000000E+00
  -622.600  0.000000E+00  0.000000E+00  0.000000E+00  0.000000E+00  0.000000E+00
  -622.500  0.000000E+00  0.000000E+00  0.000000E+00  0.000000E+00  0.000000E+00
  -622.400  0.000000E+00  0.000000E+00  0.000000E+00  0.000000E+00  0.000000E+00
  -622.300  0.000000E+00  0.000000E+00  0.000000E+00  0.000000E+00  0.000000E+00
  -622.200  0.000000E+00  0.000000E+00  0.000000E+00  0.000000E+00  0.000000E+00
  -622.100  0.000000E+00  0.000000E+00  0.000000E+00  0.000000E+00  0.000000E+00
  -622.000  0.000000E+00  0.000000E+00  0.000000E+00  0.000000E+00  0.000000E+00
  -621.900  0.000000E+00  0.000000E+00  0.000000E+00  0.000000E+00  0.000000E+00
  -621.800  0.000000E+00  0.000000E+00  0.000000E+00  0.000000E+00  0.000000E+00
  -621.700  0.000000E+00  0.000000E+00  0.000000E+00  0.000000E+00  0.000000E+00
  -621.600  0.000000E+00  0.000000E+00  0.000000E+00  0.000000E+00  0.000000E+00
  -621.500  0.000000E+00  0.000000E+00  0.000000E+00  0.000000E+00  0.000000E+00
  -621.400  0.000000E+00  0.000000E+00  0.000000E+00  0.000000E+00  0.000000E+00
  -621.300  0.000000E+00  0.000000E+00  0.000000E+00  0.000000E+00  0.000000E+00
  -621.200  0.000000E+00  0.000000E+00  0.000000E+00  0.000000E+00  0.000000E+00
  -621.100  0.000000E+00  0.000000E+00  0.000000E+00  0.000000E+00  0.000000E+00
  -621.000  0.000000E+00  0.000000E+00  0.000000E+00  0.000000E+00  0.000000E+00
  -620.900  0.000000E+00  0.000000E+00  0.000000E+00  0.000000E+00  0.000000E+00
  -620.800  0.000000E+00  0.000000E+00  0.000000E+00  0.000000E+00  0.000000E+00
  -620.700  0.000000E+00  0.000000E+00  0.000000E+00  0.000000E+00  0.000000E+00
  -620.600  0.000000E+00  0.000000E+00  0.000000E+00  0.000000E+00  0.000000E+00
  -620.500  0.000000E+00  0.000000E+00  0.000000E+00  0.000000E+00  0.000000E+00
  -620.400  0.000000E+00  0.000000E+00  0.000000E+00  0.000000E+00  0.000000E+00
  -620.300  0.000000E+00  0.000000E+00  0.000000E+00  0.000000E+00  0.000000E+00
  -620.200  0.000000E+00  0.000000E+00  0.000000E+00  0.000000E+00  0.000000E+00
  -620.100  0.000000E+00  0.000000E+00  0.000000E+00  0.000000E+00  0.000000E+00
  -620.000  0.000000E+00  0.000000E+00  0.000000E+00  0.000000E+00  0.000000E+00
