  x           300.0          473.0          873.0         1273.0         1673.0      Infinity
  -680.000  0.000000E+00  0.000000E+00  0.000000E+00  0.000000E+00  0.000000E+00  0.000000E+00
  -679.900  0.000000E+00  0.000000E+00  0.000000E+00  0.000000E+00  0.000000E+00  0.000000E+00
  -679.800  0.000000E+00  0.000000E+00  0.000000E+00  0.000000E+00  0.000000E+00  0.000000E+00
  -679.700  0.000000E+00  0.000000E+00  0.000000E+00  0.000000E+00  0.000000E+00  0.000000E+00
  -679.600  0.000000E+00  0.000000E+00  0.000000E+00  0.000000E+00  0.000000E+00  0.000000E+00
  -679.500  0.000000E+00  0.000000E+00  0.000000E+00  0.000000E+00  0.000000E+00  0.000000E+00
  -679.400  0.000000E+00  0.000000E+00  0.000000E+00  0.000000E+00  0.000000E+00  0.000000E+00
  -679.300  0.000000E+00  0.000000E+00  0.000000E+00  0.000000E+00  0.000000E+00  0.000000E+00
  -679.200  0.000000E+00  0.000000E+00  0.000000E+00  0.000000E+00  0.000000E+00  0.000000E+00
  -679.100  0.000000E+00  0.000000E+00  0.000000E+00  0.000000E+00  0.000000E+00  0.000000E+00
  -679.000  0.000000E+00  0.000000E+00  0.000000E+00  0.000000E+00  0.000000E+00  0.000000E+00
  -678.900  0.000000E+00  0.000000E+00  0.000000E+00  0.000000E+00  0.000000E+00  0.000000E+00
  -678.800  0.000000E+00  0.000000E+00  0.000000E+00  0.000000E+00  0.000000E+00  0.000000E+00
  -678.700  0.000000E+00  0.000000E+00  0.000000E+00  0.000000E+00  0.000000E+00  0.000000E+00
  -678.600  0.000000E+00  0.000000E+00  0.000000E+00  0.000000E+00  0.000000E+00  0.000000E+00
  -678.500  0.000000E+00  0.000000E+00  0.000000E+00  0.000000E+00  0.000000E+00  0.000000E+00
  -678.400  0.000000E+00  0.000000E+00  0.000000E+00  0.000000E+00  0.000000E+00  0.000000E+00
  -678.300  0.000000E+00  0.000000E+00  0.000000E+00  0.000000E+00  0.000000E+00  0.000000E+00
  -678.200  0.000000E+00  0.000000E+00  0.000000E+00  0.000000E+00  0.000000E+00  0.000000E+00
  -678.100  0.000000E+00  0.000000E+00  0.000000E+00  0.000000E+00  0.000000E+00  0.000000E+00
  -678.000  0.000000E+00  0.000000E+00  0.000000E+00  0.000000E+00  0.000000E+00  0.000000E+00
  -677.900  0.000000E+00  0.000000E+00  0.000000E+00  0.000000E+00  0.000000E+00  0.000000E+00
  -677.800  0.000000E+00  0.000000E+00  0.000000E+00  0.000000E+00  0.000000E+00  0.000000E+00
  -677.700  0.000000E+00  0.000000E+00  0.000000E+00  0.000000E+00  0.000000E+00  0.000000E+00
  -677.600  0.000000E+00  0.000000E+00  0.000000E+00  0.000000E+00  0.000000E+00  0.000000E+00
  -677.500  0.000000E+00  0.000000E+00  0.000000E+00  0.000000E+00  0.000000E+00  0.000000E+00
  -677.400  0.000000E+00  0.000000E+00  0.000000E+00  0.000000E+00  0.000000E+00  0.000000E+00
  -677.300  0.000000E+00  0.000000E+00  0.000000E+00  0.000000E+00  0.000000E+00  0.000000E+00
  -677.200  0.000000E+00  0.000000E+00  0.000000E+00  0.000000E+00  0.000000E+00  0.000000E+00
  -677.100  0.000000E+00  0.000000E+00  0.000000E+00  0.000000E+00  0.000000E+00  0.000000E+00
  -677.000  0.000000E+00  0.000000E+00  0.000000E+00  0.000000E+00  0.000000E+00  0.000000E+00
  -676.900  0.000000E+00  0.000000E+00  0.000000E+00  0.000000E+00  0.000000E+00  0.000000E+00
  -676.800  0.000000E+00  0.000000E+00  0.000000E+00  0.000000E+00  0.000000E+00  0.000000E+00
  -676.700  0.000000E+00  0.000000E+00  0.000000E+00  0.000000E+00  0.000000E+00  0.000000E+00
  -676.600  0.000000E+00  0.000000E+00  0.000000E+00  0.000000E+00  0.000000E+00  0.000000E+00
  -676.500  0.000000E+00  0.000000E+00  0.000000E+00  0.000000E+00  0.000000E+00  0.000000E+00
  -676.400  0.000000E+00  0.000000E+00  0.000000E+00  0.000000E+00  0.000000E+00  0.000000E+00
  -676.300  0.000000E+00  0.000000E+00  0.000000E+00  0.000000E+00  0.000000E+00  0.000000E+00
  -676.200  0.000000E+00  0.000000E+00  0.000000E+00  0.000000E+00  0.000000E+00  0.000000E+00
  -676.100  0.000000E+00  0.000000E+00  0.000000E+00  0.000000E+00  0.000000E+00  0.000000E+00
  -676.000  0.000000E+00  0.000000E+00  0.000000E+00  0.000000E+00  0.000000E+00  0.000000E+00
  -675.900  0.000000E+00  0.000000E+00  0.000000E+00  0.000000E+00  0.000000E+00  0.000000E+00
  -675.800  0.000000E+00  0.000000E+00  0.000000E+00  0.000000E+00  0.000000E+00  0.000000E+00
  -675.700  0.000000E+00  0.000000E+00  0.000000E+00  0.000000E+00  0.000000E+00  0.000000E+00
  -675.600  0.000000E+00  0.000000E+00  0.000000E+00  0.000000E+00  0.000000E+00  0.000000E+00
  -675.500  0.000000E+00  0.000000E+00  0.000000E+00  0.000000E+00  0.000000E+00  0.000000E+00
  -675.400  0.000000E+00  0.000000E+00  0.000000E+00  0.000000E+00  0.000000E+00  0.000000E+00
  -675.300  0.000000E+00  0.000000E+00  0.000000E+00  0.000000E+00  0.000000E+00  0.000000E+00
  -675.200  0.000000E+00  0.000000E+00  0.000000E+00  0.000000E+00  0.000000E+00  0.000000E+00
  -675.100  0.000000E+00  0.000000E+00  0.000000E+00  0.000000E+00  0.000000E+00  0.000000E+00
  -675.000  0.000000E+00  0.000000E+00  0.000000E+00  0.000000E+00  0.000000E+00  0.000000E+00
  -674.900  0.000000E+00  0.000000E+00  0.000000E+00  0.000000E+00  0.000000E+00  0.000000E+00
  -674.800  0.000000E+00  0.000000E+00  0.000000E+00  0.000000E+00  0.000000E+00  0.000000E+00
  -674.700  0.000000E+00  0.000000E+00  0.000000E+00  0.000000E+00  0.000000E+00  0.000000E+00
  -674.600  0.000000E+00  0.000000E+00  0.000000E+00  0.000000E+00  0.000000E+00  0.000000E+00
  -674.500  0.000000E+00  0.000000E+00  0.000000E+00  0.000000E+00  0.000000E+00  0.000000E+00
  -674.400  0.000000E+00  0.000000E+00  0.000000E+00  0.000000E+00  0.000000E+00  0.000000E+00
  -674.300  0.000000E+00  0.000000E+00  0.000000E+00  0.000000E+00  0.000000E+00  0.000000E+00
  -674.200  0.000000E+00  0.000000E+00  0.000000E+00  0.000000E+00  0.000000E+00  0.000000E+00
  -674.100  0.000000E+00  0.000000E+00  0.000000E+00  0.000000E+00  0.000000E+00  0.000000E+00
  -674.000  0.000000E+00  0.000000E+00  0.000000E+00  0.000000E+00  0.000000E+00  0.000000E+00
  -673.900  0.000000E+00  0.000000E+00  0.000000E+00  0.000000E+00  0.000000E+00  0.000000E+00
  -673.800  0.000000E+00  0.000000E+00  0.000000E+00  0.000000E+00  0.000000E+00  0.000000E+00
  -673.700  0.000000E+00  0.000000E+00  0.000000E+00  0.000000E+00  0.000000E+00  0.000000E+00
  -673.600  0.000000E+00  0.000000E+00  0.000000E+00  0.000000E+00  0.000000E+00  0.000000E+00
  -673.500  0.000000E+00  0.000000E+00  0.000000E+00  0.000000E+00  0.000000E+00  0.000000E+00
  -673.400  0.000000E+00  0.000000E+00  0.000000E+00  0.000000E+00  0.000000E+00  0.000000E+00
  -673.300  0.000000E+00  0.000000E+00  0.000000E+00  0.000000E+00  0.000000E+00  0.000000E+00
  -673.200  0.000000E+00  0.000000E+00  0.000000E+00  0.000000E+00  0.000000E+00  0.000000E+00
  -673.100  0.000000E+00  0.000000E+00  0.000000E+00  0.000000E+00  0.000000E+00  0.000000E+00
  -673.000  0.000000E+00  0.000000E+00  0.000000E+00  0.000000E+00  0.000000E+00  0.000000E+00
  -672.900  0.000000E+00  0.000000E+00  0.000000E+00  0.000000E+00  0.000000E+00  0.000000E+00
  -672.800  0.000000E+00  0.000000E+00  0.000000E+00  0.000000E+00  0.000000E+00  0.000000E+00
  -672.700  0.000000E+00  0.000000E+00  0.000000E+00  0.000000E+00  0.000000E+00  0.000000E+00
  -672.600  0.000000E+00  0.000000E+00  0.000000E+00  0.000000E+00  0.000000E+00  0.000000E+00
  -672.500  0.000000E+00  0.000000E+00  0.000000E+00  0.000000E+00  0.000000E+00  0.000000E+00
  -672.400  0.000000E+00  0.000000E+00  0.000000E+00  0.000000E+00  0.000000E+00  0.000000E+00
  -672.300  0.000000E+00  0.000000E+00  0.000000E+00  0.000000E+00  0.000000E+00  0.000000E+00
  -672.200  0.000000E+00  0.000000E+00  0.000000E+00  0.000000E+00  0.000000E+00  0.000000E+00
  -672.100  0.000000E+00  0.000000E+00  0.000000E+00  0.000000E+00  0.000000E+00  0.000000E+00
  -672.000  0.000000E+00  0.000000E+00  0.000000E+00  0.000000E+00  0.000000E+00  0.000000E+00
  -671.900  0.000000E+00  0.000000E+00  0.000000E+00  0.000000E+00  0.000000E+00  0.000000E+00
  -671.800  0.000000E+00  0.000000E+00  0.000000E+00  0.000000E+00  0.000000E+00  0.000000E+00
  -671.700  0.000000E+00  0.000000E+00  0.000000E+00  0.000000E+00  0.000000E+00  0.000000E+00
  -671.600  0.000000E+00  0.000000E+00  0.000000E+00  0.000000E+00  0.000000E+00  0.000000E+00
  -671.500  0.000000E+00  0.000000E+00  0.000000E+00  0.000000E+00  0.000000E+00  0.000000E+00
  -671.400  0.000000E+00  0.000000E+00  0.000000E+00  0.000000E+00  0.000000E+00  0.000000E+00
  -671.300  0.000000E+00  0.000000E+00  0.000000E+00  0.000000E+00  0.000000E+00  0.000000E+00
  -671.200  0.000000E+00  0.000000E+00  0.000000E+00  0.000000E+00  0.000000E+00  0.000000E+00
  -671.100  0.000000E+00  0.000000E+00  0.000000E+00  0.000000E+00  0.000000E+00  0.000000E+00
  -671.000  0.000000E+00  0.000000E+00  0.000000E+00  0.000000E+00  0.000000E+00  0.000000E+00
  -670.900  0.000000E+00  0.000000E+00  0.000000E+00  0.000000E+00  0.000000E+00  0.000000E+00
  -670.800  0.000000E+00  0.000000E+00  0.000000E+00  0.000000E+00  0.000000E+00  0.000000E+00
  -670.700  0.000000E+00  0.000000E+00  0.000000E+00  0.000000E+00  0.000000E+00  0.000000E+00
  -670.600  0.000000E+00  0.000000E+00  0.000000E+00  0.000000E+00  0.000000E+00  0.000000E+00
  -670.500  0.000000E+00  0.000000E+00  0.000000E+00  0.000000E+00  0.000000E+00  0.000000E+00
  -670.400  0.000000E+00  0.000000E+00  0.000000E+00  0.000000E+00  0.000000E+00  0.000000E+00
  -670.300  0.000000E+00  0.000000E+00  0.000000E+00  0.000000E+00  0.000000E+00  0.000000E+00
  -670.200  0.000000E+00  0.000000E+00  0.000000E+00  0.000000E+00  0.000000E+00  0.000000E+00
  -670.100  0.000000E+00  0.000000E+00  0.000000E+00  0.000000E+00  0.000000E+00  0.000000E+00
  -670.000  0.000000E+00  0.000000E+00  0.000000E+00  0.000000E+00  0.000000E+00  0.000000E+00
  -669.900  0.000000E+00  0.000000E+00  0.000000E+00  0.000000E+00  0.000000E+00  0.000000E+00
  -669.800  0.000000E+00  0.000000E+00  0.000000E+00  0.000000E+00  0.000000E+00  0.000000E+00
  -669.700  0.000000E+00  0.000000E+00  0.000000E+00  0.000000E+00  0.000000E+00  0.000000E+00
  -669.600  0.000000E+00  0.000000E+00  0.000000E+00  0.000000E+00  0.000000E+00  0.000000E+00
  -669.500  0.000000E+00  0.000000E+00  0.000000E+00  0.000000E+00  0.000000E+00  0.000000E+00
  -669.400  0.000000E+00  0.000000E+00  0.000000E+00  0.000000E+00  0.000000E+00  0.000000E+00
  -669.300  0.000000E+00  0.000000E+00  0.000000E+00  0.000000E+00  0.000000E+00  0.000000E+00
  -669.200  0.000000E+00  0.000000E+00  0.000000E+00  0.000000E+00  0.000000E+00  0.000000E+00
  -669.100  0.000000E+00  0.000000E+00  0.000000E+00  0.000000E+00  0.000000E+00  0.000000E+00
  -669.000  0.000000E+00  0.000000E+00  0.000000E+00  0.000000E+00  0.000000E+00  0.000000E+00
  -668.900  0.000000E+00  0.000000E+00  0.000000E+00  0.000000E+00  0.000000E+00  0.000000E+00
  -668.800  0.000000E+00  0.000000E+00  0.000000E+00  0.000000E+00  0.000000E+00  0.000000E+00
  -668.700  0.000000E+00  0.000000E+00  0.000000E+00  0.000000E+00  0.000000E+00  0.000000E+00
  -668.600  0.000000E+00  0.000000E+00  0.000000E+00  0.000000E+00  0.000000E+00  0.000000E+00
  -668.500  0.000000E+00  0.000000E+00  0.000000E+00  0.000000E+00  0.000000E+00  0.000000E+00
  -668.400  0.000000E+00  0.000000E+00  0.000000E+00  0.000000E+00  0.000000E+00  0.000000E+00
  -668.300  0.000000E+00  0.000000E+00  0.000000E+00  0.000000E+00  0.000000E+00  0.000000E+00
  -668.200  0.000000E+00  0.000000E+00  0.000000E+00  0.000000E+00  0.000000E+00  0.000000E+00
  -668.100  0.000000E+00  0.000000E+00  0.000000E+00  0.000000E+00  0.000000E+00  0.000000E+00
  -668.000  0.000000E+00  0.000000E+00  0.000000E+00  0.000000E+00  0.000000E+00  0.000000E+00
  -667.900  0.000000E+00  0.000000E+00  0.000000E+00  0.000000E+00  0.000000E+00  0.000000E+00
  -667.800  0.000000E+00  0.000000E+00  0.000000E+00  0.000000E+00  0.000000E+00  0.000000E+00
  -667.700  0.000000E+00  0.000000E+00  0.000000E+00  0.000000E+00  0.000000E+00  0.000000E+00
  -667.600  0.000000E+00  0.000000E+00  0.000000E+00  0.000000E+00  0.000000E+00  0.000000E+00
  -667.500  0.000000E+00  0.000000E+00  0.000000E+00  0.000000E+00  0.000000E+00  0.000000E+00
  -667.400  0.000000E+00  0.000000E+00  0.000000E+00  0.000000E+00  0.000000E+00  0.000000E+00
  -667.300  0.000000E+00  0.000000E+00  0.000000E+00  0.000000E+00  0.000000E+00  0.000000E+00
  -667.200  0.000000E+00  0.000000E+00  0.000000E+00  0.000000E+00  0.000000E+00  0.000000E+00
  -667.100  0.000000E+00  0.000000E+00  0.000000E+00  0.000000E+00  0.000000E+00  0.000000E+00
  -667.000  0.000000E+00  0.000000E+00  0.000000E+00  0.000000E+00  0.000000E+00  0.000000E+00
  -666.900  0.000000E+00  0.000000E+00  0.000000E+00  0.000000E+00  0.000000E+00  0.000000E+00
  -666.800  0.000000E+00  0.000000E+00  0.000000E+00  0.000000E+00  0.000000E+00  0.000000E+00
  -666.700  0.000000E+00  0.000000E+00  0.000000E+00  0.000000E+00  0.000000E+00  0.000000E+00
  -666.600  0.000000E+00  0.000000E+00  0.000000E+00  0.000000E+00  0.000000E+00  0.000000E+00
  -666.500  0.000000E+00  0.000000E+00  0.000000E+00  0.000000E+00  0.000000E+00  0.000000E+00
  -666.400  0.000000E+00  0.000000E+00  0.000000E+00  0.000000E+00  0.000000E+00  0.000000E+00
  -666.300  0.000000E+00  0.000000E+00  0.000000E+00  0.000000E+00  0.000000E+00  0.000000E+00
  -666.200  0.000000E+00  0.000000E+00  0.000000E+00  0.000000E+00  0.000000E+00  0.000000E+00
  -666.100  0.000000E+00  0.000000E+00  0.000000E+00  0.000000E+00  0.000000E+00  0.000000E+00
  -666.000  0.000000E+00  0.000000E+00  0.000000E+00  0.000000E+00  0.000000E+00  0.000000E+00
  -665.900  0.000000E+00  0.000000E+00  0.000000E+00  0.000000E+00  0.000000E+00  0.000000E+00
  -665.800  0.000000E+00  0.244833E-04  0.263196E-04  0.267110E-04  0.268563E-04  0.270648E-04
  -665.700  0.370997E-04  0.442779E-04  0.475799E-04  0.482831E-04  0.485441E-04  0.489172E-04
  -665.600  0.648599E-04  0.773118E-04  0.830317E-04  0.842482E-04  0.846992E-04  0.853414E-04
  -665.500  0.109722E-03  0.130561E-03  0.140115E-03  0.142143E-03  0.142893E-03  0.143956E-03
  -665.400  0.180047E-03  0.213743E-03  0.229148E-03  0.232409E-03  0.233613E-03  0.235304E-03
  -665.300  0.287460E-03  0.340203E-03  0.364221E-03  0.369286E-03  0.371151E-03  0.373736E-03
  -665.200  0.448185E-03  0.528292E-03  0.564573E-03  0.572181E-03  0.574970E-03  0.578767E-03
  -665.100  0.685169E-03  0.803570E-03  0.856798E-03  0.867873E-03  0.871907E-03  0.877250E-03
  -665.000  0.103135E-02  0.120222E-02  0.127827E-02  0.129393E-02  0.129958E-02  0.130676E-02
  -664.900  0.153422E-02  0.177586E-02  0.188202E-02  0.190354E-02  0.191120E-02  0.192036E-02
  -664.800  0.226146E-02  0.259747E-02  0.274263E-02  0.277146E-02  0.278154E-02  0.279248E-02
  -664.700  0.330650E-02  0.376722E-02  0.396216E-02  0.399986E-02  0.401270E-02  0.402459E-02
  -664.600  0.479208E-02  0.541613E-02  0.567367E-02  0.572174E-02  0.573753E-02  0.574851E-02
  -664.500  0.686904E-02  0.770436E-02  0.803916E-02  0.809887E-02  0.811751E-02  0.812410E-02
  -664.400  0.970722E-02  0.108110E-01  0.112388E-01  0.113108E-01  0.113317E-01  0.113280E-01
  -664.300  0.134766E-01  0.149130E-01  0.154492E-01  0.155330E-01  0.155547E-01  0.155318E-01
  -664.200  0.183189E-01  0.201545E-01  0.208114E-01  0.209045E-01  0.209245E-01  0.208692E-01
  -664.100  0.243132E-01  0.266093E-01  0.273929E-01  0.274903E-01  0.275046E-01  0.273993E-01
  -664.000  0.314436E-01  0.342468E-01  0.351532E-01  0.352465E-01  0.352497E-01  0.350717E-01
  -663.900  0.395780E-01  0.429105E-01  0.439230E-01  0.440004E-01  0.439852E-01  0.437080E-01
  -663.800  0.484675E-01  0.523199E-01  0.534081E-01  0.534546E-01  0.534125E-01  0.530066E-01
  -663.700  0.577729E-01  0.621019E-01  0.632233E-01  0.632219E-01  0.631439E-01  0.625801E-01
  -663.600  0.671164E-01  0.718497E-01  0.729550E-01  0.728889E-01  0.727665E-01  0.720185E-01
  -663.500  0.761492E-01  0.811982E-01  0.822394E-01  0.820943E-01  0.819206E-01  0.809690E-01
  -663.400  0.846190E-01  0.898977E-01  0.908380E-01  0.906050E-01  0.903761E-01  0.892114E-01
  -663.300  0.924178E-01  0.978645E-01  0.986886E-01  0.983665E-01  0.980826E-01  0.967070E-01
  -663.200  0.995944E-01  0.105192E+00  0.105914E+00  0.105511E+00  0.105176E+00  0.103604E+00
  -663.100  0.106325E+00  0.112114E+00  0.112780E+00  0.112313E+00  0.111937E+00  0.110196E+00
  -663.000  0.112844E+00  0.118928E+00  0.119614E+00  0.119109E+00  0.118704E+00  0.116829E+00
  -662.900  0.119357E+00  0.125889E+00  0.126698E+00  0.126187E+00  0.125767E+00  0.123800E+00
  -662.800  0.125955E+00  0.133120E+00  0.134163E+00  0.133681E+00  0.133263E+00  0.131248E+00
  -662.700  0.132553E+00  0.140536E+00  0.141925E+00  0.141504E+00  0.141106E+00  0.139088E+00
  -662.600  0.138873E+00  0.147829E+00  0.149659E+00  0.149330E+00  0.148965E+00  0.146988E+00
  -662.500  0.144481E+00  0.154502E+00  0.156841E+00  0.156629E+00  0.156309E+00  0.154415E+00
  -662.400  0.148858E+00  0.159955E+00  0.162835E+00  0.162756E+00  0.162494E+00  0.160721E+00
  -662.300  0.151497E+00  0.163590E+00  0.167006E+00  0.167073E+00  0.166874E+00  0.165261E+00
  -662.200  0.152002E+00  0.164929E+00  0.168843E+00  0.169060E+00  0.168933E+00  0.167515E+00
  -662.100  0.150169E+00  0.163702E+00  0.168051E+00  0.168419E+00  0.168368E+00  0.167185E+00
  -662.000  0.146022E+00  0.159896E+00  0.164606E+00  0.165125E+00  0.165156E+00  0.164244E+00
  -661.900  0.139816E+00  0.153763E+00  0.158760E+00  0.159428E+00  0.159545E+00  0.158943E+00
  -661.800  0.131998E+00  0.145774E+00  0.150991E+00  0.151808E+00  0.152017E+00  0.151758E+00
  -661.700  0.123140E+00  0.136545E+00  0.141927E+00  0.142893E+00  0.143196E+00  0.143308E+00
  -661.600  0.113856E+00  0.126740E+00  0.132240E+00  0.133351E+00  0.133750E+00  0.134247E+00
  -661.500  0.104723E+00  0.116979E+00  0.122548E+00  0.123794E+00  0.124285E+00  0.125160E+00
  -661.400  0.962206E-01  0.107766E+00  0.113340E+00  0.114699E+00  0.115270E+00  0.116490E+00
  -661.300  0.886940E-01  0.994458E-01  0.104932E+00  0.106367E+00  0.106998E+00  0.108496E+00
  -661.200  0.823506E-01  0.922058E-01  0.974706E-01  0.989250E-01  0.995855E-01  0.101261E+00
  -661.100  0.772840E-01  0.861038E-01  0.909705E-01  0.923690E-01  0.930186E-01  0.947371E-01
  -661.000  0.735149E-01  0.811217E-01  0.853742E-01  0.866259E-01  0.872158E-01  0.888169E-01
  -660.900  0.710364E-01  0.772225E-01  0.806180E-01  0.816221E-01  0.820981E-01  0.834046E-01
  -660.800  0.698492E-01  0.743946E-01  0.766819E-01  0.773347E-01  0.776410E-01  0.784712E-01
  -660.700  0.699764E-01  0.726710E-01  0.736110E-01  0.738133E-01  0.738969E-01  0.740775E-01
  -660.600  0.714536E-01  0.721192E-01  0.715034E-01  0.711680E-01  0.709820E-01  0.703599E-01
  -660.500  0.742980E-01  0.728056E-01  0.704709E-01  0.695284E-01  0.690351E-01  0.674863E-01
  -660.400  0.784663E-01  0.747472E-01  0.705862E-01  0.689881E-01  0.681612E-01  0.655973E-01
  -660.300  0.838159E-01  0.778664E-01  0.718315E-01  0.695531E-01  0.683784E-01  0.647505E-01
  -660.200  0.900817E-01  0.819628E-01  0.740679E-01  0.711085E-01  0.695846E-01  0.648847E-01
  -660.100  0.968807E-01  0.867145E-01  0.770336E-01  0.734163E-01  0.715545E-01  0.658149E-01
  -660.000  0.103748E+00  0.917126E-01  0.803762E-01  0.761467E-01  0.739702E-01  0.672614E-01
  -659.900  0.110204E+00  0.965269E-01  0.837162E-01  0.789404E-01  0.764829E-01  0.689094E-01
  -659.800  0.115849E+00  0.100796E+00  0.867337E-01  0.814934E-01  0.787973E-01  0.704897E-01
  -659.700  0.120471E+00  0.104334E+00  0.892680E-01  0.836548E-01  0.807671E-01  0.718711E-01
  -659.600  0.124164E+00  0.107236E+00  0.914186E-01  0.855244E-01  0.824921E-01  0.731512E-01
  -659.500  0.127434E+00  0.109983E+00  0.936366E-01  0.875404E-01  0.844034E-01  0.747370E-01
  -659.400  0.131280E+00  0.113509E+00  0.967880E-01  0.905405E-01  0.873233E-01  0.773994E-01
  -659.300  0.137216E+00  0.119226E+00  0.102173E+00  0.957788E-01  0.924812E-01  0.822873E-01
  -659.200  0.147218E+00  0.128968E+00  0.111473E+00  0.104875E+00  0.101464E+00  0.908797E-01
  -659.100  0.163549E+00  0.144832E+00  0.126604E+00  0.119672E+00  0.116075E+00  0.104856E+00
  -659.000  0.188466E+00  0.168903E+00  0.149465E+00  0.141994E+00  0.138100E+00  0.125873E+00
  -658.900  0.223795E+00  0.202868E+00  0.181586E+00  0.173308E+00  0.168972E+00  0.155256E+00
  -658.800  0.270460E+00  0.247570E+00  0.223721E+00  0.214333E+00  0.209392E+00  0.193649E+00
  -658.700  0.328025E+00  0.302596E+00  0.275474E+00  0.264680E+00  0.258973E+00  0.240680E+00
  -658.600  0.394406E+00  0.366007E+00  0.335054E+00  0.322618E+00  0.316018E+00  0.294755E+00
  -658.500  0.465858E+00  0.434332E+00  0.399277E+00  0.385077E+00  0.377518E+00  0.353062E+00
  -658.400  0.537320E+00  0.502897E+00  0.463867E+00  0.447941E+00  0.439442E+00  0.411844E+00
  -658.300  0.603114E+00  0.566474E+00  0.524062E+00  0.506634E+00  0.497311E+00  0.466937E+00
  -658.200  0.657879E+00  0.620155E+00  0.575413E+00  0.556888E+00  0.546953E+00  0.514479E+00
  -658.100  0.697540E+00  0.660248E+00  0.614612E+00  0.595544E+00  0.585286E+00  0.551638E+00
  -658.000  0.720082E+00  0.684988E+00  0.640131E+00  0.621165E+00  0.610925E+00  0.577177E+00
  -657.900  0.725913E+00  0.694861E+00  0.652516E+00  0.634317E+00  0.624442E+00  0.591697E+00
  -657.800  0.717723E+00  0.692455E+00  0.654234E+00  0.637417E+00  0.628227E+00  0.597495E+00
  -657.700  0.699878E+00  0.681877E+00  0.649124E+00  0.634194E+00  0.625952E+00  0.598056E+00
  -657.600  0.677489E+00  0.667878E+00  0.641577E+00  0.628899E+00  0.621792E+00  0.597316E+00
  -657.500  0.655415E+00  0.654912E+00  0.635660E+00  0.625447E+00  0.619587E+00  0.598864E+00
  -657.400  0.637408E+00  0.646333E+00  0.634366E+00  0.626699E+00  0.622123E+00  0.605270E+00
  -657.300  0.625568E+00  0.643892E+00  0.639148E+00  0.633998E+00  0.630691E+00  0.617652E+00
  -657.200  0.620195E+00  0.647594E+00  0.649782E+00  0.647041E+00  0.644947E+00  0.635551E+00
  -657.100  0.619987E+00  0.655896E+00  0.664550E+00  0.664054E+00  0.663090E+00  0.657090E+00
  -657.000  0.622505E+00  0.666140E+00  0.680657E+00  0.682199E+00  0.682264E+00  0.679359E+00
  -656.900  0.624760E+00  0.675138E+00  0.694791E+00  0.698130E+00  0.699103E+00  0.698951E+00
  -656.800  0.623817E+00  0.679762E+00  0.703706E+00  0.708563E+00  0.710309E+00  0.712521E+00
  -656.700  0.617287E+00  0.677454E+00  0.704741E+00  0.710806E+00  0.713174E+00  0.717318E+00
  -656.600  0.603667E+00  0.666586E+00  0.696194E+00  0.703135E+00  0.705962E+00  0.711573E+00
  -656.500  0.582469E+00  0.646621E+00  0.677510E+00  0.684988E+00  0.688108E+00  0.694714E+00
  -656.400  0.554167E+00  0.618077E+00  0.649253E+00  0.656947E+00  0.660204E+00  0.667357E+00
  -656.300  0.519996E+00  0.582325E+00  0.612907E+00  0.620538E+00  0.623795E+00  0.631108E+00
  -656.200  0.481659E+00  0.541276E+00  0.570553E+00  0.577897E+00  0.581049E+00  0.588223E+00
  -656.100  0.441035E+00  0.497049E+00  0.524498E+00  0.531401E+00  0.534373E+00  0.541208E+00
  -656.000  0.399933E+00  0.451685E+00  0.476957E+00  0.483324E+00  0.486074E+00  0.492459E+00
  -655.900  0.359952E+00  0.406961E+00  0.429834E+00  0.435612E+00  0.438118E+00  0.444003E+00
  -655.800  0.322441E+00  0.364323E+00  0.384630E+00  0.389783E+00  0.392030E+00  0.397382E+00
  -655.700  0.288548E+00  0.324922E+00  0.342473E+00  0.346951E+00  0.348915E+00  0.353672E+00
  -655.600  0.259308E+00  0.289709E+00  0.304214E+00  0.307925E+00  0.309562E+00  0.313589E+00
  -655.500  0.235708E+00  0.259527E+00  0.270544E+00  0.273337E+00  0.274571E+00  0.277635E+00
  -655.400  0.218704E+00  0.235162E+00  0.242079E+00  0.243736E+00  0.244456E+00  0.246212E+00
  -655.300  0.209150E+00  0.217321E+00  0.219371E+00  0.219617E+00  0.219680E+00  0.219689E+00
  -655.200  0.207652E+00  0.206537E+00  0.202865E+00  0.201386E+00  0.200631E+00  0.198390E+00
  -655.100  0.214376E+00  0.203031E+00  0.192792E+00  0.189272E+00  0.187536E+00  0.182538E+00
  -655.000  0.228873E+00  0.206579E+00  0.189066E+00  0.183236E+00  0.180378E+00  0.172178E+00
  -654.900  0.249992E+00  0.216436E+00  0.191231E+00  0.182914E+00  0.178840E+00  0.167133E+00
  -654.800  0.275934E+00  0.231379E+00  0.198486E+00  0.187649E+00  0.182336E+00  0.167024E+00
  -654.700  0.304478E+00  0.249887E+00  0.209831E+00  0.196618E+00  0.190131E+00  0.171384E+00
  -654.600  0.333371E+00  0.270445E+00  0.224314E+00  0.209063E+00  0.201564E+00  0.179838E+00
  -654.500  0.360794E+00  0.291917E+00  0.241331E+00  0.224564E+00  0.216310E+00  0.192347E+00
  -654.400  0.385803E+00  0.313891E+00  0.260898E+00  0.243294E+00  0.234619E+00  0.209400E+00
  -654.300  0.408616E+00  0.336892E+00  0.283814E+00  0.266154E+00  0.257447E+00  0.232123E+00
  -654.200  0.430622E+00  0.362365E+00  0.311607E+00  0.294711E+00  0.286384E+00  0.262185E+00
  -654.100  0.454081E+00  0.392376E+00  0.346238E+00  0.330904E+00  0.323358E+00  0.301501E+00
  -654.000  0.481536E+00  0.429066E+00  0.389578E+00  0.376521E+00  0.370120E+00  0.351713E+00
  -653.900  0.515067E+00  0.473958E+00  0.442750E+00  0.432553E+00  0.427597E+00  0.413566E+00
  -653.800  0.555560E+00  0.527284E+00  0.505499E+00  0.498580E+00  0.495285E+00  0.486309E+00
  -653.700  0.602201E+00  0.587527E+00  0.575770E+00  0.572361E+00  0.570847E+00  0.567315E+00
  -653.600  0.652352E+00  0.651341E+00  0.649666E+00  0.649795E+00  0.650082E+00  0.652066E+00
  -653.500  0.701873E+00  0.713910E+00  0.721839E+00  0.725343E+00  0.727347E+00  0.734600E+00
  -653.400  0.745849E+00  0.769721E+00  0.786307E+00  0.792845E+00  0.796392E+00  0.808372E+00
  -653.300  0.779536E+00  0.813567E+00  0.837494E+00  0.846586E+00  0.851428E+00  0.867360E+00
  -653.200  0.799313E+00  0.841538E+00  0.871270E+00  0.882350E+00  0.888194E+00  0.907151E+00
  -653.100  0.803363E+00  0.851740E+00  0.885689E+00  0.898170E+00  0.904711E+00  0.925725E+00
  -653.000  0.791923E+00  0.844544E+00  0.881243E+00  0.894586E+00  0.901541E+00  0.923718E+00
  -652.900  0.767053E+00  0.822315E+00  0.860564E+00  0.874327E+00  0.881467E+00  0.904079E+00
  -652.800  0.732000E+00  0.788704E+00  0.827651E+00  0.841529E+00  0.848697E+00  0.871249E+00
  -652.700  0.690381E+00  0.747737E+00  0.786888E+00  0.800717E+00  0.807829E+00  0.830071E+00
  -652.600  0.645400E+00  0.702949E+00  0.742106E+00  0.755840E+00  0.762879E+00  0.784773E+00
  -652.500  0.599341E+00  0.656818E+00  0.695966E+00  0.709639E+00  0.716628E+00  0.738285E+00
  -652.400  0.553416E+00  0.610605E+00  0.649790E+00  0.663461E+00  0.670443E+00  0.692037E+00
  -652.300  0.507977E+00  0.564602E+00  0.603820E+00  0.617542E+00  0.624553E+00  0.646247E+00
  -652.200  0.462957E+00  0.518636E+00  0.557790E+00  0.571574E+00  0.578632E+00  0.600538E+00
  -652.100  0.418366E+00  0.472651E+00  0.511553E+00  0.525375E+00  0.532477E+00  0.554633E+00
  -652.000  0.374679E+00  0.427154E+00  0.465583E+00  0.479395E+00  0.486526E+00  0.508925E+00
  -651.900  0.332998E+00  0.383396E+00  0.421187E+00  0.434949E+00  0.442092E+00  0.464712E+00
  -651.800  0.294956E+00  0.343271E+00  0.380386E+00  0.394088E+00  0.401241E+00  0.424085E+00
  -651.700  0.262426E+00  0.308960E+00  0.345531E+00  0.359209E+00  0.366388E+00  0.389501E+00
  -651.600  0.237119E+00  0.282455E+00  0.318772E+00  0.332502E+00  0.339742E+00  0.363209E+00
  -651.500  0.220193E+00  0.265095E+00  0.301543E+00  0.315424E+00  0.322766E+00  0.346680E+00
  -651.400  0.211972E+00  0.257231E+00  0.294192E+00  0.308312E+00  0.315792E+00  0.340211E+00
  -651.300  0.211827E+00  0.258092E+00  0.295836E+00  0.310243E+00  0.317873E+00  0.342779E+00
  -651.200  0.218243E+00  0.265868E+00  0.304475E+00  0.319149E+00  0.326908E+00  0.352180E+00
  -651.100  0.229042E+00  0.277993E+00  0.317302E+00  0.332150E+00  0.339980E+00  0.365393E+00
  -651.000  0.241712E+00  0.291541E+00  0.331161E+00  0.346024E+00  0.353838E+00  0.379086E+00
  -650.900  0.253776E+00  0.303672E+00  0.343035E+00  0.357709E+00  0.365402E+00  0.390147E+00
  -650.800  0.263132E+00  0.312030E+00  0.350476E+00  0.364747E+00  0.372211E+00  0.396132E+00
  -650.700  0.268313E+00  0.315034E+00  0.351905E+00  0.365578E+00  0.372721E+00  0.395560E+00
  -650.600  0.268607E+00  0.312010E+00  0.346732E+00  0.359656E+00  0.366412E+00  0.388003E+00
  -650.500  0.264054E+00  0.303155E+00  0.335301E+00  0.347380E+00  0.353711E+00  0.373988E+00
  -650.400  0.255301E+00  0.289366E+00  0.318670E+00  0.329866E+00  0.335761E+00  0.354740E+00
  -650.300  0.243379E+00  0.271962E+00  0.298318E+00  0.308634E+00  0.314104E+00  0.331854E+00
  -650.200  0.229452E+00  0.252392E+00  0.275816E+00  0.285281E+00  0.290347E+00  0.306951E+00
  -650.100  0.214581E+00  0.231972E+00  0.252558E+00  0.261210E+00  0.265890E+00  0.281412E+00
  -650.000  0.199562E+00  0.211702E+00  0.229584E+00  0.237452E+00  0.241759E+00  0.256224E+00
  -649.900  0.184863E+00  0.192204E+00  0.207523E+00  0.214622E+00  0.218556E+00  0.231942E+00
  -649.800  0.170641E+00  0.173740E+00  0.186637E+00  0.192968E+00  0.196523E+00  0.208768E+00
  -649.700  0.156834E+00  0.156319E+00  0.166935E+00  0.172494E+00  0.175655E+00  0.186683E+00
  -649.600  0.143282E+00  0.139818E+00  0.148308E+00  0.153094E+00  0.155853E+00  0.165594E+00
  -649.500  0.129836E+00  0.124102E+00  0.130648E+00  0.134675E+00  0.137030E+00  0.145450E+00
  -649.400  0.116442E+00  0.109099E+00  0.113918E+00  0.117222E+00  0.119185E+00  0.126298E+00
  -649.300  0.103173E+00  0.948340E-01  0.981758E-01  0.100817E+00  0.102414E+00  0.108286E+00
  -649.200  0.902188E-01  0.814182E-01  0.835501E-01  0.856076E-01  0.868778E-01  0.916229E-01
  -649.100  0.778473E-01  0.690095E-01  0.701975E-01  0.717629E-01  0.727528E-01  0.765184E-01
  -649.000  0.663488E-01  0.577687E-01  0.582539E-01  0.594203E-01  0.601796E-01  0.631273E-01
  -648.900  0.559855E-01  0.478202E-01  0.477996E-01  0.486529E-01  0.492284E-01  0.515162E-01
  -648.800  0.469526E-01  0.392281E-01  0.388432E-01  0.394548E-01  0.398870E-01  0.416550E-01
  -648.700  0.393561E-01  0.319887E-01  0.313237E-01  0.317474E-01  0.320678E-01  0.334299E-01
  -648.600  0.332073E-01  0.260363E-01  0.251255E-01  0.253976E-01  0.256289E-01  0.266703E-01
  -648.500  0.284284E-01  0.212563E-01  0.200986E-01  0.202409E-01  0.203981E-01  0.211784E-01
  -648.400  0.248683E-01  0.175012E-01  0.160781E-01  0.161028E-01  0.161950E-01  0.167542E-01
  -648.300  0.223220E-01  0.146062E-01  0.128992E-01  0.128137E-01  0.128470E-01  0.132123E-01
  -648.200  0.205538E-01  0.124025E-01  0.104072E-01  0.102186E-01  0.101982E-01  0.103910E-01
  -648.100  0.193204E-01  0.107286E-01  0.846342E-02  0.818164E-02  0.811316E-02  0.815355E-02
  -648.000  0.183931E-01  0.943824E-02  0.694728E-02  0.658638E-02  0.647691E-02  0.638701E-02
  -647.900  0.175778E-01  0.840772E-02  0.575750E-02  0.533563E-02  0.519379E-02  0.499830E-02
  -647.800  0.167278E-01  0.753938E-02  0.481172E-02  0.434988E-02  0.418533E-02  0.391095E-02
  -647.700  0.157516E-01  0.676322E-02  0.404559E-02  0.356568E-02  0.338839E-02  0.306222E-02
  -647.600  0.146115E-01  0.603543E-02  0.341112E-02  0.293386E-02  0.275326E-02  0.240082E-02
  -647.500  0.133160E-01  0.533454E-02  0.287438E-02  0.241755E-02  0.224177E-02  0.188529E-02
  -647.400  0.119069E-01  0.465594E-02  0.241275E-02  0.198999E-02  0.182538E-02  0.148258E-02
  -647.300  0.104443E-01  0.400569E-02  0.201197E-02  0.163229E-02  0.148318E-02  0.116674E-02
  -647.200  0.899275E-02  0.339475E-02  0.166339E-02  0.133132E-02  0.120009E-02  0.917792E-03
  -647.100  0.760971E-02  0.283443E-02  0.136163E-02  0.107788E-02  0.965240E-03  0.720553E-03
  -647.000  0.633889E-02  0.233335E-02  0.110288E-02  0.865236E-03  0.770620E-03  0.563652E-03
  -646.900  0.520744E-02  0.189609E-02  0.883796E-03  0.688135E-03  0.610093E-03  0.438596E-03
  -646.800  0.422686E-02  0.152303E-02  0.700902E-03  0.542092E-03  0.478696E-03  0.339009E-03
  -646.700  0.339597E-02  0.121107E-02  0.550450E-03  0.423054E-03  0.372196E-03  0.260018E-03
  -646.600  0.270492E-02  0.954719E-03  0.428477E-03  0.327246E-03  0.286857E-03  0.197794E-03
  -646.500  0.213917E-02  0.747346E-03  0.331018E-03  0.251166E-03  0.219341E-03  0.149250E-03
  -646.400  0.168298E-02  0.582222E-03  0.254371E-03  0.191676E-03  0.166721E-03  0.111868E-03
  -646.300  0.132232E-02  0.453493E-03  0.195387E-03  0.146143E-03  0.126567E-03  0.836256E-04
  -646.200  0.104737E-02  0.357072E-03  0.151803E-03  0.112648E-03  0.970907E-04  0.630134E-04
  -646.100  0.855172E-03  0.291615E-03  0.122638E-03  0.902529E-04  0.773684E-04  0.491236E-04
  -646.000  0.752899E-03  0.259769E-03  0.108729E-03  0.793845E-04  0.676537E-04  0.418082E-04
  -645.900  0.762171E-03  0.269841E-03  0.113457E-03  0.823538E-04  0.698138E-04  0.419157E-04
  -645.800  0.924697E-03  0.337976E-03  0.143689E-03  0.104037E-03  0.879002E-04  0.516102E-04
  -645.700  0.130893E-02  0.490736E-03  0.210906E-03  0.152685E-03  0.128830E-03  0.747531E-04
  -645.600  0.201682E-02  0.767737E-03  0.332343E-03  0.240755E-03  0.203082E-03  0.117299E-03
  -645.500  0.318888E-02  0.122367E-02  0.531889E-03  0.385552E-03  0.325243E-03  0.187600E-03
  -645.400  0.500508E-02  0.192875E-02  0.840302E-03  0.609397E-03  0.514141E-03  0.296490E-03
  -645.300  0.767873E-02  0.296655E-02  0.129429E-02  0.938961E-03  0.792294E-03  0.456957E-03
  -645.200  0.114409E-01  0.442817E-02  0.193405E-02  0.140349E-02  0.118442E-02  0.683294E-03
  -645.100  0.165143E-01  0.640249E-02  0.279907E-02  0.203178E-02  0.171485E-02  0.989634E-03
  -645.000  0.230784E-01  0.896280E-02  0.392233E-02  0.284799E-02  0.240409E-02  0.138793E-02
  -644.900  0.312297E-01  0.121515E-01  0.532367E-02  0.386682E-02  0.326465E-02  0.188561E-02
  -644.800  0.409431E-01  0.159650E-01  0.700323E-02  0.508874E-02  0.429708E-02  0.248325E-02
  -644.700  0.520437E-01  0.203424E-01  0.893615E-02  0.649614E-02  0.548672E-02  0.317268E-02
  -644.600  0.641950E-01  0.251594E-01  0.110699E-01  0.805134E-02  0.680193E-02  0.393597E-02
  -644.500  0.769080E-01  0.302309E-01  0.133249E-01  0.969687E-02  0.819435E-02  0.474545E-02
  -644.400  0.895713E-01  0.353208E-01  0.155985E-01  0.113583E-01  0.960123E-02  0.556505E-02
  -644.300  0.101500E+00  0.401598E-01  0.177718E-01  0.129494E-01  0.109497E-01  0.635264E-02
  -644.200  0.111994E+00  0.444671E-01  0.197199E-01  0.143787E-01  0.121625E-01  0.706331E-02
  -644.100  0.120404E+00  0.479757E-01  0.213221E-01  0.155579E-01  0.131645E-01  0.765317E-02
  -644.000  0.126190E+00  0.504568E-01  0.224731E-01  0.164094E-01  0.138898E-01  0.808337E-02
  -643.900  0.128973E+00  0.517425E-01  0.230937E-01  0.168741E-01  0.142882E-01  0.832390E-02
  -643.800  0.128578E+00  0.517435E-01  0.231390E-01  0.169183E-01  0.143303E-01  0.835692E-02
  -643.700  0.125048E+00  0.504604E-01  0.226044E-01  0.165373E-01  0.140119E-01  0.817901E-02
  -643.600  0.118651E+00  0.479855E-01  0.215270E-01  0.157573E-01  0.133546E-01  0.780208E-02
  -643.500  0.109850E+00  0.444957E-01  0.199831E-01  0.146332E-01  0.124047E-01  0.725246E-02
  -643.400  0.992595E-01  0.402344E-01  0.180801E-01  0.132433E-01  0.112282E-01  0.656831E-02
  -643.300  0.875799E-01  0.354852E-01  0.159451E-01  0.116805E-01  0.990390E-02  0.579547E-02
  -643.200  0.755222E-01  0.305410E-01  0.137111E-01  0.100423E-01  0.851441E-02  0.498235E-02
  -643.100  0.637355E-01  0.256739E-01  0.115024E-01  0.842034E-02  0.713772E-02  0.417485E-02
  -643.000  0.527479E-01  0.211096E-01  0.942365E-02  0.689192E-02  0.583958E-02  0.341190E-02
  -642.900  0.429300E-01  0.170111E-01  0.755149E-02  0.551398E-02  0.466863E-02  0.272253E-02
  -642.800  0.344842E-01  0.134727E-01  0.593176E-02  0.432091E-02  0.365438E-02  0.212461E-02
  -642.700  0.274582E-01  0.105246E-01  0.458097E-02  0.332553E-02  0.280798E-02  0.162521E-02
  -642.600  0.217768E-01  0.814452E-02  0.349139E-02  0.252273E-02  0.212534E-02  0.122237E-02
  -642.500  0.172821E-01  0.627371E-02  0.263796E-02  0.189450E-02  0.159136E-02  0.907534E-03
  -642.400  0.137752E-01  0.483330E-02  0.198575E-02  0.141538E-02  0.118450E-02  0.668242E-03
  -642.300  0.110505E-01  0.373882E-02  0.149645E-02  0.105726E-02  0.880915E-03  0.490516E-03
  -642.200  0.892139E-02  0.291087E-02  0.113337E-02  0.793043E-03  0.657545E-03  0.360736E-03
  -642.100  0.723392E-02  0.228158E-02  0.864557E-03  0.599012E-03  0.494151E-03  0.266851E-03
  -642.000  0.587130E-02  0.179728E-02  0.664240E-03  0.455919E-03  0.374265E-03  0.198978E-03
  -641.900  0.475131E-02  0.141826E-02  0.512929E-03  0.349123E-03  0.285326E-03  0.149519E-03
  -641.800  0.381961E-02  0.111677E-02  0.396692E-03  0.268096E-03  0.218273E-03  0.112952E-03
  -641.700  0.304157E-02  0.874196E-03  0.306004E-03  0.205603E-03  0.166868E-03  0.854469E-04
  -641.600  0.239468E-02  0.678213E-03  0.234528E-03  0.156821E-03  0.126947E-03  0.644422E-04
  -641.500  0.186269E-02  0.520413E-03  0.178036E-03  0.118553E-03  0.957554E-04  0.482508E-04
  -641.400  0.143176E-02  0.394571E-03  0.133587E-03  0.886077E-04  0.714210E-04  0.357475E-04
  -641.300  0.108862E-02  0.295588E-03  0.989749E-04  0.653838E-04  0.525905E-04  0.261458E-04
  -641.200  0.820025E-03  0.218953E-03  0.724021E-04  0.476125E-04  0.382067E-04  0.000000E+00
  -641.100  0.613114E-03  0.160572E-03  0.523268E-04  0.342285E-04  0.273918E-04  0.000000E+00
  -641.000  0.456001E-03  0.116777E-03  0.374076E-04  0.243164E-04  0.000000E+00  0.000000E+00
  -640.900  0.338313E-03  0.843910E-04  0.264952E-04  0.000000E+00  0.000000E+00  0.000000E+00
  -640.800  0.251502E-03  0.607840E-04  0.000000E+00  0.000000E+00  0.000000E+00  0.000000E+00
  -640.700  0.188910E-03  0.438725E-04  0.000000E+00  0.000000E+00  0.000000E+00  0.000000E+00
  -640.600  0.145645E-03  0.320840E-04  0.000000E+00  0.000000E+00  0.000000E+00  0.000000E+00
  -640.500  0.118371E-03  0.242922E-04  0.000000E+00  0.000000E+00  0.000000E+00  0.000000E+00
  -640.400  0.105079E-03  0.000000E+00  0.000000E+00  0.000000E+00  0.000000E+00  0.000000E+00
  -640.300  0.104881E-03  0.000000E+00  0.000000E+00  0.000000E+00  0.000000E+00  0.000000E+00
  -640.200  0.117831E-03  0.000000E+00  0.000000E+00  0.000000E+00  0.000000E+00  0.000000E+00
  -640.100  0.144752E-03  0.000000E+00  0.000000E+00  0.000000E+00  0.000000E+00  0.000000E+00
  -640.000  0.187048E-03  0.289578E-04  0.000000E+00  0.000000E+00  0.000000E+00  0.000000E+00
  -639.900  0.246455E-03  0.386586E-04  0.000000E+00  0.000000E+00  0.000000E+00  0.000000E+00
  -639.800  0.324727E-03  0.519958E-04  0.000000E+00  0.000000E+00  0.000000E+00  0.000000E+00
  -639.700  0.423230E-03  0.693488E-04  0.000000E+00  0.000000E+00  0.000000E+00  0.000000E+00
  -639.600  0.542462E-03  0.909648E-04  0.000000E+00  0.000000E+00  0.000000E+00  0.000000E+00
  -639.500  0.681530E-03  0.116835E-03  0.258495E-04  0.000000E+00  0.000000E+00  0.000000E+00
  -639.400  0.837652E-03  0.146569E-03  0.328535E-04  0.000000E+00  0.000000E+00  0.000000E+00
  -639.300  0.100580E-02  0.179292E-03  0.406593E-04  0.000000E+00  0.000000E+00  0.000000E+00
  -639.200  0.117862E-02  0.213605E-03  0.489374E-04  0.277253E-04  0.000000E+00  0.000000E+00
  -639.100  0.134670E-02  0.247620E-03  0.572290E-04  0.325140E-04  0.241113E-04  0.000000E+00
  -639.000  0.149938E-02  0.279108E-03  0.649802E-04  0.370032E-04  0.274715E-04  0.000000E+00
  -638.900  0.162586E-02  0.305740E-03  0.716019E-04  0.408488E-04  0.303535E-04  0.000000E+00
  -638.800  0.171665E-02  0.325396E-03  0.765479E-04  0.437299E-04  0.325155E-04  0.000000E+00
  -638.700  0.176489E-02  0.336475E-03  0.793962E-04  0.453969E-04  0.337689E-04  0.000000E+00
  -638.600  0.176746E-02  0.338144E-03  0.799155E-04  0.457113E-04  0.340083E-04  0.000000E+00
  -638.500  0.172535E-02  0.330463E-03  0.781012E-04  0.446672E-04  0.332283E-04  0.000000E+00
  -638.400  0.164341E-02  0.314350E-03  0.741717E-04  0.423901E-04  0.315223E-04  0.000000E+00
  -638.300  0.152941E-02  0.291410E-03  0.685262E-04  0.391126E-04  0.290652E-04  0.000000E+00
  -638.200  0.139274E-02  0.263652E-03  0.616753E-04  0.351340E-04  0.260822E-04  0.000000E+00
  -638.100  0.124302E-02  0.233182E-03  0.541613E-04  0.307731E-04  0.000000E+00  0.000000E+00
  -638.000  0.108893E-02  0.201936E-03  0.464859E-04  0.263257E-04  0.000000E+00  0.000000E+00
  -637.900  0.937485E-03  0.171492E-03  0.390596E-04  0.000000E+00  0.000000E+00  0.000000E+00
  -637.800  0.793842E-03  0.142992E-03  0.321772E-04  0.000000E+00  0.000000E+00  0.000000E+00
  -637.700  0.661380E-03  0.117159E-03  0.260182E-04  0.000000E+00  0.000000E+00  0.000000E+00
  -637.600  0.542070E-03  0.943559E-04  0.000000E+00  0.000000E+00  0.000000E+00  0.000000E+00
  -637.500  0.436852E-03  0.746882E-04  0.000000E+00  0.000000E+00  0.000000E+00  0.000000E+00
  -637.400  0.345948E-03  0.580825E-04  0.000000E+00  0.000000E+00  0.000000E+00  0.000000E+00
  -637.300  0.269057E-03  0.443535E-04  0.000000E+00  0.000000E+00  0.000000E+00  0.000000E+00
  -637.200  0.205460E-03  0.332457E-04  0.000000E+00  0.000000E+00  0.000000E+00  0.000000E+00
  -637.100  0.154089E-03  0.244600E-04  0.000000E+00  0.000000E+00  0.000000E+00  0.000000E+00
  -637.000  0.113594E-03  0.000000E+00  0.000000E+00  0.000000E+00  0.000000E+00  0.000000E+00
  -636.900  0.824388E-04  0.000000E+00  0.000000E+00  0.000000E+00  0.000000E+00  0.000000E+00
  -636.800  0.590189E-04  0.000000E+00  0.000000E+00  0.000000E+00  0.000000E+00  0.000000E+00
  -636.700  0.417792E-04  0.000000E+00  0.000000E+00  0.000000E+00  0.000000E+00  0.000000E+00
  -636.600  0.293127E-04  0.000000E+00  0.000000E+00  0.000000E+00  0.000000E+00  0.000000E+00
  -636.500  0.000000E+00  0.000000E+00  0.000000E+00  0.000000E+00  0.000000E+00  0.000000E+00
  -636.400  0.000000E+00  0.000000E+00  0.000000E+00  0.000000E+00  0.000000E+00  0.000000E+00
  -636.300  0.000000E+00  0.000000E+00  0.000000E+00  0.000000E+00  0.000000E+00  0.000000E+00
  -636.200  0.000000E+00  0.000000E+00  0.000000E+00  0.000000E+00  0.000000E+00  0.000000E+00
  -636.100  0.000000E+00  0.000000E+00  0.000000E+00  0.000000E+00  0.000000E+00  0.000000E+00
  -636.000  0.000000E+00  0.000000E+00  0.000000E+00  0.000000E+00  0.000000E+00  0.000000E+00
  -635.900  0.000000E+00  0.000000E+00  0.000000E+00  0.000000E+00  0.000000E+00  0.000000E+00
  -635.800  0.000000E+00  0.000000E+00  0.000000E+00  0.000000E+00  0.000000E+00  0.000000E+00
  -635.700  0.000000E+00  0.000000E+00  0.000000E+00  0.000000E+00  0.000000E+00  0.000000E+00
  -635.600  0.000000E+00  0.000000E+00  0.000000E+00  0.000000E+00  0.000000E+00  0.000000E+00
  -635.500  0.000000E+00  0.000000E+00  0.000000E+00  0.000000E+00  0.000000E+00  0.000000E+00
  -635.400  0.000000E+00  0.000000E+00  0.000000E+00  0.000000E+00  0.000000E+00  0.000000E+00
  -635.300  0.000000E+00  0.000000E+00  0.000000E+00  0.000000E+00  0.000000E+00  0.000000E+00
  -635.200  0.000000E+00  0.000000E+00  0.000000E+00  0.000000E+00  0.000000E+00  0.000000E+00
  -635.100  0.000000E+00  0.000000E+00  0.000000E+00  0.000000E+00  0.000000E+00  0.000000E+00
  -635.000  0.000000E+00  0.000000E+00  0.000000E+00  0.000000E+00  0.000000E+00  0.000000E+00
  -634.900  0.000000E+00  0.000000E+00  0.000000E+00  0.000000E+00  0.000000E+00  0.000000E+00
  -634.800  0.000000E+00  0.000000E+00  0.000000E+00  0.000000E+00  0.000000E+00  0.000000E+00
  -634.700  0.000000E+00  0.000000E+00  0.000000E+00  0.000000E+00  0.000000E+00  0.000000E+00
  -634.600  0.000000E+00  0.000000E+00  0.000000E+00  0.000000E+00  0.000000E+00  0.000000E+00
  -634.500  0.000000E+00  0.000000E+00  0.000000E+00  0.000000E+00  0.000000E+00  0.000000E+00
  -634.400  0.000000E+00  0.000000E+00  0.000000E+00  0.000000E+00  0.000000E+00  0.000000E+00
  -634.300  0.000000E+00  0.000000E+00  0.000000E+00  0.000000E+00  0.000000E+00  0.000000E+00
  -634.200  0.000000E+00  0.000000E+00  0.000000E+00  0.000000E+00  0.000000E+00  0.000000E+00
  -634.100  0.000000E+00  0.000000E+00  0.000000E+00  0.000000E+00  0.000000E+00  0.000000E+00
  -634.000  0.000000E+00  0.000000E+00  0.000000E+00  0.000000E+00  0.000000E+00  0.000000E+00
  -633.900  0.000000E+00  0.000000E+00  0.000000E+00  0.000000E+00  0.000000E+00  0.000000E+00
  -633.800  0.000000E+00  0.000000E+00  0.000000E+00  0.000000E+00  0.000000E+00  0.000000E+00
  -633.700  0.000000E+00  0.000000E+00  0.000000E+00  0.000000E+00  0.000000E+00  0.000000E+00
  -633.600  0.000000E+00  0.000000E+00  0.000000E+00  0.000000E+00  0.000000E+00  0.000000E+00
  -633.500  0.000000E+00  0.000000E+00  0.000000E+00  0.000000E+00  0.000000E+00  0.000000E+00
  -633.400  0.000000E+00  0.000000E+00  0.000000E+00  0.000000E+00  0.000000E+00  0.000000E+00
  -633.300  0.000000E+00  0.000000E+00  0.000000E+00  0.000000E+00  0.000000E+00  0.000000E+00
  -633.200  0.000000E+00  0.000000E+00  0.000000E+00  0.000000E+00  0.000000E+00  0.000000E+00
  -633.100  0.000000E+00  0.000000E+00  0.000000E+00  0.000000E+00  0.000000E+00  0.000000E+00
  -633.000  0.000000E+00  0.000000E+00  0.000000E+00  0.000000E+00  0.000000E+00  0.000000E+00
  -632.900  0.000000E+00  0.000000E+00  0.000000E+00  0.000000E+00  0.000000E+00  0.000000E+00
  -632.800  0.000000E+00  0.000000E+00  0.000000E+00  0.000000E+00  0.000000E+00  0.000000E+00
  -632.700  0.000000E+00  0.000000E+00  0.000000E+00  0.000000E+00  0.000000E+00  0.000000E+00
  -632.600  0.000000E+00  0.000000E+00  0.000000E+00  0.000000E+00  0.000000E+00  0.000000E+00
  -632.500  0.000000E+00  0.000000E+00  0.000000E+00  0.000000E+00  0.000000E+00  0.000000E+00
  -632.400  0.000000E+00  0.000000E+00  0.000000E+00  0.000000E+00  0.000000E+00  0.000000E+00
  -632.300  0.000000E+00  0.000000E+00  0.000000E+00  0.000000E+00  0.000000E+00  0.000000E+00
  -632.200  0.000000E+00  0.000000E+00  0.000000E+00  0.000000E+00  0.000000E+00  0.000000E+00
  -632.100  0.000000E+00  0.000000E+00  0.000000E+00  0.000000E+00  0.000000E+00  0.000000E+00
  -632.000  0.000000E+00  0.000000E+00  0.000000E+00  0.000000E+00  0.000000E+00  0.000000E+00
  -631.900  0.000000E+00  0.000000E+00  0.000000E+00  0.000000E+00  0.000000E+00  0.000000E+00
  -631.800  0.000000E+00  0.000000E+00  0.000000E+00  0.000000E+00  0.000000E+00  0.000000E+00
  -631.700  0.000000E+00  0.000000E+00  0.000000E+00  0.000000E+00  0.000000E+00  0.000000E+00
  -631.600  0.000000E+00  0.000000E+00  0.000000E+00  0.000000E+00  0.000000E+00  0.000000E+00
  -631.500  0.000000E+00  0.000000E+00  0.000000E+00  0.000000E+00  0.000000E+00  0.000000E+00
  -631.400  0.000000E+00  0.000000E+00  0.000000E+00  0.000000E+00  0.000000E+00  0.000000E+00
  -631.300  0.000000E+00  0.000000E+00  0.000000E+00  0.000000E+00  0.000000E+00  0.000000E+00
  -631.200  0.000000E+00  0.000000E+00  0.000000E+00  0.000000E+00  0.000000E+00  0.000000E+00
  -631.100  0.000000E+00  0.000000E+00  0.000000E+00  0.000000E+00  0.000000E+00  0.000000E+00
  -631.000  0.000000E+00  0.000000E+00  0.000000E+00  0.000000E+00  0.000000E+00  0.000000E+00
  -630.900  0.000000E+00  0.000000E+00  0.000000E+00  0.000000E+00  0.000000E+00  0.000000E+00
  -630.800  0.000000E+00  0.000000E+00  0.000000E+00  0.000000E+00  0.000000E+00  0.000000E+00
  -630.700  0.000000E+00  0.000000E+00  0.000000E+00  0.000000E+00  0.000000E+00  0.000000E+00
  -630.600  0.000000E+00  0.000000E+00  0.000000E+00  0.000000E+00  0.000000E+00  0.000000E+00
  -630.500  0.000000E+00  0.000000E+00  0.000000E+00  0.000000E+00  0.000000E+00  0.000000E+00
  -630.400  0.000000E+00  0.000000E+00  0.000000E+00  0.000000E+00  0.000000E+00  0.000000E+00
  -630.300  0.000000E+00  0.000000E+00  0.000000E+00  0.000000E+00  0.000000E+00  0.000000E+00
  -630.200  0.000000E+00  0.000000E+00  0.000000E+00  0.000000E+00  0.000000E+00  0.000000E+00
  -630.100  0.000000E+00  0.000000E+00  0.000000E+00  0.000000E+00  0.000000E+00  0.000000E+00
  -630.000  0.000000E+00  0.000000E+00  0.000000E+00  0.000000E+00  0.000000E+00  0.000000E+00
  -629.900  0.000000E+00  0.000000E+00  0.000000E+00  0.000000E+00  0.000000E+00  0.000000E+00
  -629.800  0.000000E+00  0.000000E+00  0.000000E+00  0.000000E+00  0.000000E+00  0.000000E+00
  -629.700  0.000000E+00  0.000000E+00  0.000000E+00  0.000000E+00  0.000000E+00  0.000000E+00
  -629.600  0.000000E+00  0.000000E+00  0.000000E+00  0.000000E+00  0.000000E+00  0.000000E+00
  -629.500  0.000000E+00  0.000000E+00  0.000000E+00  0.000000E+00  0.000000E+00  0.000000E+00
  -629.400  0.000000E+00  0.000000E+00  0.000000E+00  0.000000E+00  0.000000E+00  0.000000E+00
  -629.300  0.000000E+00  0.000000E+00  0.000000E+00  0.000000E+00  0.000000E+00  0.000000E+00
  -629.200  0.000000E+00  0.000000E+00  0.000000E+00  0.000000E+00  0.000000E+00  0.000000E+00
  -629.100  0.000000E+00  0.000000E+00  0.000000E+00  0.000000E+00  0.000000E+00  0.000000E+00
  -629.000  0.000000E+00  0.000000E+00  0.000000E+00  0.000000E+00  0.000000E+00  0.000000E+00
  -628.900  0.000000E+00  0.000000E+00  0.000000E+00  0.000000E+00  0.000000E+00  0.000000E+00
  -628.800  0.000000E+00  0.000000E+00  0.000000E+00  0.000000E+00  0.000000E+00  0.000000E+00
  -628.700  0.000000E+00  0.000000E+00  0.000000E+00  0.000000E+00  0.000000E+00  0.000000E+00
  -628.600  0.000000E+00  0.000000E+00  0.000000E+00  0.000000E+00  0.000000E+00  0.000000E+00
  -628.500  0.000000E+00  0.000000E+00  0.000000E+00  0.000000E+00  0.000000E+00  0.000000E+00
  -628.400  0.000000E+00  0.000000E+00  0.000000E+00  0.000000E+00  0.000000E+00  0.000000E+00
  -628.300  0.000000E+00  0.000000E+00  0.000000E+00  0.000000E+00  0.000000E+00  0.000000E+00
  -628.200  0.000000E+00  0.000000E+00  0.000000E+00  0.000000E+00  0.000000E+00  0.000000E+00
  -628.100  0.000000E+00  0.000000E+00  0.000000E+00  0.000000E+00  0.000000E+00  0.000000E+00
  -628.000  0.000000E+00  0.000000E+00  0.000000E+00  0.000000E+00  0.000000E+00  0.000000E+00
  -627.900  0.000000E+00  0.000000E+00  0.000000E+00  0.000000E+00  0.000000E+00  0.000000E+00
  -627.800  0.000000E+00  0.000000E+00  0.000000E+00  0.000000E+00  0.000000E+00  0.000000E+00
  -627.700  0.000000E+00  0.000000E+00  0.000000E+00  0.000000E+00  0.000000E+00  0.000000E+00
  -627.600  0.000000E+00  0.000000E+00  0.000000E+00  0.000000E+00  0.000000E+00  0.000000E+00
  -627.500  0.000000E+00  0.000000E+00  0.000000E+00  0.000000E+00  0.000000E+00  0.000000E+00
  -627.400  0.000000E+00  0.000000E+00  0.000000E+00  0.000000E+00  0.000000E+00  0.000000E+00
  -627.300  0.000000E+00  0.000000E+00  0.000000E+00  0.000000E+00  0.000000E+00  0.000000E+00
  -627.200  0.000000E+00  0.000000E+00  0.000000E+00  0.000000E+00  0.000000E+00  0.000000E+00
  -627.100  0.000000E+00  0.000000E+00  0.000000E+00  0.000000E+00  0.000000E+00  0.000000E+00
  -627.000  0.000000E+00  0.000000E+00  0.000000E+00  0.000000E+00  0.000000E+00  0.000000E+00
  -626.900  0.000000E+00  0.000000E+00  0.000000E+00  0.000000E+00  0.000000E+00  0.000000E+00
  -626.800  0.000000E+00  0.000000E+00  0.000000E+00  0.000000E+00  0.000000E+00  0.000000E+00
  -626.700  0.000000E+00  0.000000E+00  0.000000E+00  0.000000E+00  0.000000E+00  0.000000E+00
  -626.600  0.000000E+00  0.000000E+00  0.000000E+00  0.000000E+00  0.000000E+00  0.000000E+00
  -626.500  0.000000E+00  0.000000E+00  0.000000E+00  0.000000E+00  0.000000E+00  0.000000E+00
  -626.400  0.000000E+00  0.000000E+00  0.000000E+00  0.000000E+00  0.000000E+00  0.000000E+00
  -626.300  0.000000E+00  0.000000E+00  0.000000E+00  0.000000E+00  0.000000E+00  0.000000E+00
  -626.200  0.000000E+00  0.000000E+00  0.000000E+00  0.000000E+00  0.000000E+00  0.000000E+00
  -626.100  0.000000E+00  0.000000E+00  0.000000E+00  0.000000E+00  0.000000E+00  0.000000E+00
  -626.000  0.000000E+00  0.000000E+00  0.000000E+00  0.000000E+00  0.000000E+00  0.000000E+00
  -625.900  0.000000E+00  0.000000E+00  0.000000E+00  0.000000E+00  0.000000E+00  0.000000E+00
  -625.800  0.000000E+00  0.000000E+00  0.000000E+00  0.000000E+00  0.000000E+00  0.000000E+00
  -625.700  0.000000E+00  0.000000E+00  0.000000E+00  0.000000E+00  0.000000E+00  0.000000E+00
  -625.600  0.000000E+00  0.000000E+00  0.000000E+00  0.000000E+00  0.000000E+00  0.000000E+00
  -625.500  0.000000E+00  0.000000E+00  0.000000E+00  0.000000E+00  0.000000E+00  0.000000E+00
  -625.400  0.000000E+00  0.000000E+00  0.000000E+00  0.000000E+00  0.000000E+00  0.000000E+00
  -625.300  0.000000E+00  0.000000E+00  0.000000E+00  0.000000E+00  0.000000E+00  0.000000E+00
  -625.200  0.000000E+00  0.000000E+00  0.000000E+00  0.000000E+00  0.000000E+00  0.000000E+00
  -625.100  0.000000E+00  0.000000E+00  0.000000E+00  0.000000E+00  0.000000E+00  0.000000E+00
  -625.000  0.000000E+00  0.000000E+00  0.000000E+00  0.000000E+00  0.000000E+00  0.000000E+00
  -624.900  0.000000E+00  0.000000E+00  0.000000E+00  0.000000E+00  0.000000E+00  0.000000E+00
  -624.800  0.000000E+00  0.000000E+00  0.000000E+00  0.000000E+00  0.000000E+00  0.000000E+00
  -624.700  0.000000E+00  0.000000E+00  0.000000E+00  0.000000E+00  0.000000E+00  0.000000E+00
  -624.600  0.000000E+00  0.000000E+00  0.000000E+00  0.000000E+00  0.000000E+00  0.000000E+00
  -624.500  0.000000E+00  0.000000E+00  0.000000E+00  0.000000E+00  0.000000E+00  0.000000E+00
  -624.400  0.000000E+00  0.000000E+00  0.000000E+00  0.000000E+00  0.000000E+00  0.000000E+00
  -624.300  0.000000E+00  0.000000E+00  0.000000E+00  0.000000E+00  0.000000E+00  0.000000E+00
  -624.200  0.000000E+00  0.000000E+00  0.000000E+00  0.000000E+00  0.000000E+00  0.000000E+00
  -624.100  0.000000E+00  0.000000E+00  0.000000E+00  0.000000E+00  0.000000E+00  0.000000E+00
  -624.000  0.000000E+00  0.000000E+00  0.000000E+00  0.000000E+00  0.000000E+00  0.000000E+00
  -623.900  0.000000E+00  0.000000E+00  0.000000E+00  0.000000E+00  0.000000E+00  0.000000E+00
  -623.800  0.000000E+00  0.000000E+00  0.000000E+00  0.000000E+00  0.000000E+00  0.000000E+00
  -623.700  0.000000E+00  0.000000E+00  0.000000E+00  0.000000E+00  0.000000E+00  0.000000E+00
  -623.600  0.000000E+00  0.000000E+00  0.000000E+00  0.000000E+00  0.000000E+00  0.000000E+00
  -623.500  0.000000E+00  0.000000E+00  0.000000E+00  0.000000E+00  0.000000E+00  0.000000E+00
  -623.400  0.000000E+00  0.000000E+00  0.000000E+00  0.000000E+00  0.000000E+00  0.000000E+00
  -623.300  0.000000E+00  0.000000E+00  0.000000E+00  0.000000E+00  0.000000E+00  0.000000E+00
  -623.200  0.000000E+00  0.000000E+00  0.000000E+00  0.000000E+00  0.000000E+00  0.000000E+00
  -623.100  0.000000E+00  0.000000E+00  0.000000E+00  0.000000E+00  0.000000E+00  0.000000E+00
  -623.000  0.000000E+00  0.000000E+00  0.000000E+00  0.000000E+00  0.000000E+00  0.000000E+00
  -622.900  0.000000E+00  0.000000E+00  0.000000E+00  0.000000E+00  0.000000E+00  0.000000E+00
  -622.800  0.000000E+00  0.000000E+00  0.000000E+00  0.000000E+00  0.000000E+00  0.000000E+00
  -622.700  0.000000E+00  0.000000E+00  0.000000E+00  0.000000E+00  0.000000E+00  0.000000E+00
  -622.600  0.000000E+00  0.000000E+00  0.000000E+00  0.000000E+00  0.000000E+00  0.000000E+00
  -622.500  0.000000E+00  0.000000E+00  0.000000E+00  0.000000E+00  0.000000E+00  0.000000E+00
  -622.400  0.000000E+00  0.000000E+00  0.000000E+00  0.000000E+00  0.000000E+00  0.000000E+00
  -622.300  0.000000E+00  0.000000E+00  0.000000E+00  0.000000E+00  0.000000E+00  0.000000E+00
  -622.200  0.000000E+00  0.000000E+00  0.000000E+00  0.000000E+00  0.000000E+00  0.000000E+00
  -622.100  0.000000E+00  0.000000E+00  0.000000E+00  0.000000E+00  0.000000E+00  0.000000E+00
  -622.000  0.000000E+00  0.000000E+00  0.000000E+00  0.000000E+00  0.000000E+00  0.000000E+00
  -621.900  0.000000E+00  0.000000E+00  0.000000E+00  0.000000E+00  0.000000E+00  0.000000E+00
  -621.800  0.000000E+00  0.000000E+00  0.000000E+00  0.000000E+00  0.000000E+00  0.000000E+00
  -621.700  0.000000E+00  0.000000E+00  0.000000E+00  0.000000E+00  0.000000E+00  0.000000E+00
  -621.600  0.000000E+00  0.000000E+00  0.000000E+00  0.000000E+00  0.000000E+00  0.000000E+00
  -621.500  0.000000E+00  0.000000E+00  0.000000E+00  0.000000E+00  0.000000E+00  0.000000E+00
  -621.400  0.000000E+00  0.000000E+00  0.000000E+00  0.000000E+00  0.000000E+00  0.000000E+00
  -621.300  0.000000E+00  0.000000E+00  0.000000E+00  0.000000E+00  0.000000E+00  0.000000E+00
  -621.200  0.000000E+00  0.000000E+00  0.000000E+00  0.000000E+00  0.000000E+00  0.000000E+00
  -621.100  0.000000E+00  0.000000E+00  0.000000E+00  0.000000E+00  0.000000E+00  0.000000E+00
  -621.000  0.000000E+00  0.000000E+00  0.000000E+00  0.000000E+00  0.000000E+00  0.000000E+00
  -620.900  0.000000E+00  0.000000E+00  0.000000E+00  0.000000E+00  0.000000E+00  0.000000E+00
  -620.800  0.000000E+00  0.000000E+00  0.000000E+00  0.000000E+00  0.000000E+00  0.000000E+00
  -620.700  0.000000E+00  0.000000E+00  0.000000E+00  0.000000E+00  0.000000E+00  0.000000E+00
  -620.600  0.000000E+00  0.000000E+00  0.000000E+00  0.000000E+00  0.000000E+00  0.000000E+00
  -620.500  0.000000E+00  0.000000E+00  0.000000E+00  0.000000E+00  0.000000E+00  0.000000E+00
  -620.400  0.000000E+00  0.000000E+00  0.000000E+00  0.000000E+00  0.000000E+00  0.000000E+00
  -620.300  0.000000E+00  0.000000E+00  0.000000E+00  0.000000E+00  0.000000E+00  0.000000E+00
  -620.200  0.000000E+00  0.000000E+00  0.000000E+00  0.000000E+00  0.000000E+00  0.000000E+00
  -620.100  0.000000E+00  0.000000E+00  0.000000E+00  0.000000E+00  0.000000E+00  0.000000E+00
  -620.000  0.000000E+00  0.000000E+00  0.000000E+00  0.000000E+00  0.000000E+00  0.000000E+00
