  x           300.0          873.0         1273.0         1673.0      Infinity
  -680.000  0.000000E+00  0.000000E+00  0.000000E+00  0.000000E+00  0.000000E+00
  -679.900  0.000000E+00  0.000000E+00  0.000000E+00  0.000000E+00  0.000000E+00
  -679.800  0.000000E+00  0.000000E+00  0.000000E+00  0.000000E+00  0.000000E+00
  -679.700  0.000000E+00  0.000000E+00  0.000000E+00  0.000000E+00  0.000000E+00
  -679.600  0.000000E+00  0.000000E+00  0.000000E+00  0.000000E+00  0.000000E+00
  -679.500  0.000000E+00  0.000000E+00  0.000000E+00  0.000000E+00  0.000000E+00
  -679.400  0.000000E+00  0.000000E+00  0.000000E+00  0.000000E+00  0.000000E+00
  -679.300  0.000000E+00  0.000000E+00  0.000000E+00  0.000000E+00  0.000000E+00
  -679.200  0.000000E+00  0.000000E+00  0.000000E+00  0.000000E+00  0.000000E+00
  -679.100  0.000000E+00  0.000000E+00  0.000000E+00  0.000000E+00  0.000000E+00
  -679.000  0.000000E+00  0.000000E+00  0.000000E+00  0.000000E+00  0.000000E+00
  -678.900  0.000000E+00  0.000000E+00  0.000000E+00  0.000000E+00  0.000000E+00
  -678.800  0.000000E+00  0.000000E+00  0.000000E+00  0.000000E+00  0.000000E+00
  -678.700  0.000000E+00  0.000000E+00  0.000000E+00  0.000000E+00  0.000000E+00
  -678.600  0.000000E+00  0.000000E+00  0.000000E+00  0.000000E+00  0.000000E+00
  -678.500  0.000000E+00  0.000000E+00  0.000000E+00  0.000000E+00  0.000000E+00
  -678.400  0.000000E+00  0.000000E+00  0.000000E+00  0.000000E+00  0.000000E+00
  -678.300  0.000000E+00  0.000000E+00  0.000000E+00  0.000000E+00  0.000000E+00
  -678.200  0.000000E+00  0.000000E+00  0.000000E+00  0.000000E+00  0.000000E+00
  -678.100  0.000000E+00  0.000000E+00  0.000000E+00  0.000000E+00  0.000000E+00
  -678.000  0.000000E+00  0.000000E+00  0.000000E+00  0.000000E+00  0.000000E+00
  -677.900  0.000000E+00  0.000000E+00  0.000000E+00  0.000000E+00  0.000000E+00
  -677.800  0.000000E+00  0.000000E+00  0.000000E+00  0.000000E+00  0.000000E+00
  -677.700  0.000000E+00  0.000000E+00  0.000000E+00  0.000000E+00  0.000000E+00
  -677.600  0.000000E+00  0.000000E+00  0.000000E+00  0.000000E+00  0.000000E+00
  -677.500  0.000000E+00  0.000000E+00  0.000000E+00  0.000000E+00  0.000000E+00
  -677.400  0.000000E+00  0.000000E+00  0.000000E+00  0.000000E+00  0.000000E+00
  -677.300  0.000000E+00  0.000000E+00  0.000000E+00  0.000000E+00  0.000000E+00
  -677.200  0.000000E+00  0.000000E+00  0.000000E+00  0.000000E+00  0.000000E+00
  -677.100  0.000000E+00  0.000000E+00  0.000000E+00  0.000000E+00  0.000000E+00
  -677.000  0.000000E+00  0.000000E+00  0.000000E+00  0.000000E+00  0.000000E+00
  -676.900  0.000000E+00  0.000000E+00  0.000000E+00  0.000000E+00  0.000000E+00
  -676.800  0.000000E+00  0.000000E+00  0.000000E+00  0.000000E+00  0.000000E+00
  -676.700  0.000000E+00  0.000000E+00  0.000000E+00  0.000000E+00  0.000000E+00
  -676.600  0.000000E+00  0.000000E+00  0.000000E+00  0.000000E+00  0.000000E+00
  -676.500  0.000000E+00  0.000000E+00  0.000000E+00  0.000000E+00  0.000000E+00
  -676.400  0.000000E+00  0.000000E+00  0.000000E+00  0.000000E+00  0.000000E+00
  -676.300  0.000000E+00  0.000000E+00  0.000000E+00  0.000000E+00  0.000000E+00
  -676.200  0.000000E+00  0.000000E+00  0.000000E+00  0.000000E+00  0.000000E+00
  -676.100  0.000000E+00  0.000000E+00  0.000000E+00  0.000000E+00  0.000000E+00
  -676.000  0.000000E+00  0.000000E+00  0.000000E+00  0.000000E+00  0.000000E+00
  -675.900  0.000000E+00  0.000000E+00  0.000000E+00  0.000000E+00  0.000000E+00
  -675.800  0.000000E+00  0.000000E+00  0.000000E+00  0.000000E+00  0.000000E+00
  -675.700  0.000000E+00  0.000000E+00  0.000000E+00  0.000000E+00  0.000000E+00
  -675.600  0.000000E+00  0.000000E+00  0.000000E+00  0.000000E+00  0.000000E+00
  -675.500  0.000000E+00  0.000000E+00  0.000000E+00  0.000000E+00  0.000000E+00
  -675.400  0.000000E+00  0.000000E+00  0.000000E+00  0.000000E+00  0.000000E+00
  -675.300  0.000000E+00  0.000000E+00  0.000000E+00  0.000000E+00  0.000000E+00
  -675.200  0.000000E+00  0.000000E+00  0.000000E+00  0.000000E+00  0.000000E+00
  -675.100  0.000000E+00  0.000000E+00  0.000000E+00  0.000000E+00  0.000000E+00
  -675.000  0.000000E+00  0.000000E+00  0.000000E+00  0.000000E+00  0.000000E+00
  -674.900  0.000000E+00  0.000000E+00  0.000000E+00  0.000000E+00  0.000000E+00
  -674.800  0.000000E+00  0.000000E+00  0.000000E+00  0.000000E+00  0.000000E+00
  -674.700  0.000000E+00  0.000000E+00  0.000000E+00  0.000000E+00  0.000000E+00
  -674.600  0.000000E+00  0.000000E+00  0.000000E+00  0.000000E+00  0.000000E+00
  -674.500  0.000000E+00  0.000000E+00  0.000000E+00  0.000000E+00  0.000000E+00
  -674.400  0.000000E+00  0.000000E+00  0.000000E+00  0.000000E+00  0.000000E+00
  -674.300  0.000000E+00  0.000000E+00  0.000000E+00  0.000000E+00  0.000000E+00
  -674.200  0.000000E+00  0.000000E+00  0.000000E+00  0.000000E+00  0.000000E+00
  -674.100  0.000000E+00  0.000000E+00  0.000000E+00  0.000000E+00  0.000000E+00
  -674.000  0.000000E+00  0.000000E+00  0.000000E+00  0.000000E+00  0.000000E+00
  -673.900  0.000000E+00  0.000000E+00  0.000000E+00  0.000000E+00  0.000000E+00
  -673.800  0.000000E+00  0.000000E+00  0.000000E+00  0.000000E+00  0.000000E+00
  -673.700  0.000000E+00  0.000000E+00  0.000000E+00  0.000000E+00  0.000000E+00
  -673.600  0.000000E+00  0.000000E+00  0.000000E+00  0.000000E+00  0.000000E+00
  -673.500  0.000000E+00  0.000000E+00  0.000000E+00  0.000000E+00  0.000000E+00
  -673.400  0.000000E+00  0.000000E+00  0.000000E+00  0.000000E+00  0.000000E+00
  -673.300  0.000000E+00  0.000000E+00  0.000000E+00  0.000000E+00  0.000000E+00
  -673.200  0.000000E+00  0.000000E+00  0.000000E+00  0.000000E+00  0.000000E+00
  -673.100  0.000000E+00  0.000000E+00  0.000000E+00  0.000000E+00  0.000000E+00
  -673.000  0.000000E+00  0.000000E+00  0.000000E+00  0.000000E+00  0.000000E+00
  -672.900  0.000000E+00  0.000000E+00  0.000000E+00  0.000000E+00  0.000000E+00
  -672.800  0.000000E+00  0.000000E+00  0.000000E+00  0.000000E+00  0.000000E+00
  -672.700  0.000000E+00  0.000000E+00  0.000000E+00  0.000000E+00  0.000000E+00
  -672.600  0.000000E+00  0.000000E+00  0.000000E+00  0.000000E+00  0.000000E+00
  -672.500  0.000000E+00  0.000000E+00  0.000000E+00  0.000000E+00  0.000000E+00
  -672.400  0.000000E+00  0.000000E+00  0.000000E+00  0.000000E+00  0.000000E+00
  -672.300  0.000000E+00  0.000000E+00  0.000000E+00  0.000000E+00  0.000000E+00
  -672.200  0.000000E+00  0.000000E+00  0.000000E+00  0.000000E+00  0.000000E+00
  -672.100  0.000000E+00  0.000000E+00  0.000000E+00  0.000000E+00  0.000000E+00
  -672.000  0.000000E+00  0.000000E+00  0.000000E+00  0.000000E+00  0.000000E+00
  -671.900  0.000000E+00  0.000000E+00  0.000000E+00  0.000000E+00  0.000000E+00
  -671.800  0.000000E+00  0.000000E+00  0.000000E+00  0.000000E+00  0.000000E+00
  -671.700  0.000000E+00  0.000000E+00  0.000000E+00  0.000000E+00  0.000000E+00
  -671.600  0.000000E+00  0.000000E+00  0.000000E+00  0.000000E+00  0.000000E+00
  -671.500  0.000000E+00  0.000000E+00  0.000000E+00  0.000000E+00  0.000000E+00
  -671.400  0.000000E+00  0.000000E+00  0.000000E+00  0.000000E+00  0.000000E+00
  -671.300  0.000000E+00  0.000000E+00  0.000000E+00  0.000000E+00  0.000000E+00
  -671.200  0.000000E+00  0.000000E+00  0.000000E+00  0.000000E+00  0.000000E+00
  -671.100  0.000000E+00  0.000000E+00  0.000000E+00  0.000000E+00  0.000000E+00
  -671.000  0.000000E+00  0.000000E+00  0.000000E+00  0.000000E+00  0.000000E+00
  -670.900  0.000000E+00  0.000000E+00  0.000000E+00  0.000000E+00  0.000000E+00
  -670.800  0.000000E+00  0.000000E+00  0.000000E+00  0.000000E+00  0.000000E+00
  -670.700  0.000000E+00  0.000000E+00  0.000000E+00  0.000000E+00  0.000000E+00
  -670.600  0.000000E+00  0.000000E+00  0.000000E+00  0.000000E+00  0.000000E+00
  -670.500  0.000000E+00  0.000000E+00  0.000000E+00  0.000000E+00  0.000000E+00
  -670.400  0.000000E+00  0.000000E+00  0.000000E+00  0.000000E+00  0.000000E+00
  -670.300  0.000000E+00  0.000000E+00  0.000000E+00  0.000000E+00  0.000000E+00
  -670.200  0.000000E+00  0.000000E+00  0.000000E+00  0.000000E+00  0.000000E+00
  -670.100  0.000000E+00  0.000000E+00  0.000000E+00  0.000000E+00  0.000000E+00
  -670.000  0.000000E+00  0.000000E+00  0.000000E+00  0.000000E+00  0.000000E+00
  -669.900  0.000000E+00  0.000000E+00  0.000000E+00  0.000000E+00  0.000000E+00
  -669.800  0.000000E+00  0.000000E+00  0.000000E+00  0.000000E+00  0.000000E+00
  -669.700  0.000000E+00  0.000000E+00  0.000000E+00  0.000000E+00  0.000000E+00
  -669.600  0.000000E+00  0.000000E+00  0.000000E+00  0.000000E+00  0.000000E+00
  -669.500  0.000000E+00  0.000000E+00  0.000000E+00  0.000000E+00  0.000000E+00
  -669.400  0.000000E+00  0.000000E+00  0.000000E+00  0.000000E+00  0.000000E+00
  -669.300  0.000000E+00  0.000000E+00  0.000000E+00  0.000000E+00  0.000000E+00
  -669.200  0.000000E+00  0.000000E+00  0.000000E+00  0.000000E+00  0.000000E+00
  -669.100  0.000000E+00  0.000000E+00  0.000000E+00  0.000000E+00  0.000000E+00
  -669.000  0.000000E+00  0.000000E+00  0.000000E+00  0.000000E+00  0.000000E+00
  -668.900  0.000000E+00  0.000000E+00  0.000000E+00  0.000000E+00  0.000000E+00
  -668.800  0.000000E+00  0.000000E+00  0.000000E+00  0.000000E+00  0.000000E+00
  -668.700  0.000000E+00  0.000000E+00  0.000000E+00  0.000000E+00  0.000000E+00
  -668.600  0.000000E+00  0.000000E+00  0.000000E+00  0.000000E+00  0.000000E+00
  -668.500  0.000000E+00  0.000000E+00  0.000000E+00  0.000000E+00  0.000000E+00
  -668.400  0.000000E+00  0.000000E+00  0.000000E+00  0.000000E+00  0.000000E+00
  -668.300  0.000000E+00  0.000000E+00  0.000000E+00  0.000000E+00  0.000000E+00
  -668.200  0.000000E+00  0.000000E+00  0.000000E+00  0.000000E+00  0.000000E+00
  -668.100  0.000000E+00  0.000000E+00  0.000000E+00  0.000000E+00  0.000000E+00
  -668.000  0.000000E+00  0.000000E+00  0.000000E+00  0.000000E+00  0.000000E+00
  -667.900  0.000000E+00  0.000000E+00  0.000000E+00  0.000000E+00  0.000000E+00
  -667.800  0.000000E+00  0.000000E+00  0.000000E+00  0.000000E+00  0.000000E+00
  -667.700  0.000000E+00  0.000000E+00  0.000000E+00  0.000000E+00  0.000000E+00
  -667.600  0.000000E+00  0.000000E+00  0.000000E+00  0.000000E+00  0.000000E+00
  -667.500  0.000000E+00  0.000000E+00  0.000000E+00  0.000000E+00  0.000000E+00
  -667.400  0.000000E+00  0.000000E+00  0.000000E+00  0.000000E+00  0.000000E+00
  -667.300  0.000000E+00  0.000000E+00  0.000000E+00  0.000000E+00  0.000000E+00
  -667.200  0.000000E+00  0.000000E+00  0.000000E+00  0.000000E+00  0.000000E+00
  -667.100  0.000000E+00  0.195501E-04  0.201896E-04  0.204810E-04  0.212128E-04
  -667.000  0.211021E-04  0.297751E-04  0.307239E-04  0.311551E-04  0.322320E-04
  -666.900  0.320530E-04  0.449006E-04  0.462915E-04  0.469216E-04  0.484859E-04
  -666.800  0.482312E-04  0.670570E-04  0.690719E-04  0.699815E-04  0.722246E-04
  -666.700  0.719075E-04  0.992018E-04  0.102087E-03  0.103384E-03  0.106560E-03
  -666.600  0.106234E-03  0.145398E-03  0.149483E-03  0.151312E-03  0.155750E-03
  -666.500  0.155537E-03  0.211171E-03  0.216890E-03  0.219438E-03  0.225565E-03
  -666.400  0.225692E-03  0.303949E-03  0.311869E-03  0.315379E-03  0.323736E-03
  -666.300  0.324580E-03  0.433612E-03  0.444467E-03  0.449251E-03  0.460511E-03
  -666.200  0.462646E-03  0.613148E-03  0.627874E-03  0.634325E-03  0.649321E-03
  -666.100  0.653555E-03  0.859422E-03  0.879206E-03  0.887816E-03  0.907564E-03
  -666.000  0.914943E-03  0.119406E-02  0.122039E-02  0.123177E-02  0.125749E-02
  -665.900  0.126925E-02  0.164440E-02  0.167913E-02  0.169403E-02  0.172720E-02
  -665.800  0.174460E-02  0.224456E-02  0.228997E-02  0.230931E-02  0.235166E-02
  -665.700  0.237570E-02  0.303643E-02  0.309531E-02  0.312021E-02  0.317380E-02
  -665.600  0.320463E-02  0.407064E-02  0.414641E-02  0.417821E-02  0.424547E-02
  -665.500  0.428156E-02  0.540737E-02  0.550416E-02  0.554448E-02  0.562829E-02
  -665.400  0.566515E-02  0.711687E-02  0.723963E-02  0.729042E-02  0.739422E-02
  -665.300  0.742263E-02  0.927953E-02  0.943422E-02  0.949782E-02  0.962573E-02
  -665.200  0.962938E-02  0.119855E-01  0.121793E-01  0.122585E-01  0.124155E-01
  -665.100  0.123680E-01  0.153337E-01  0.155749E-01  0.156731E-01  0.158653E-01
  -665.000  0.157266E-01  0.194300E-01  0.197286E-01  0.198497E-01  0.200847E-01
  -664.900  0.197965E-01  0.243844E-01  0.247522E-01  0.249010E-01  0.251882E-01
  -664.800  0.246694E-01  0.303083E-01  0.307591E-01  0.309413E-01  0.312925E-01
  -664.700  0.304333E-01  0.373101E-01  0.378601E-01  0.380825E-01  0.385123E-01
  -664.600  0.371692E-01  0.454913E-01  0.461591E-01  0.464299E-01  0.469566E-01
  -664.500  0.449460E-01  0.549412E-01  0.557486E-01  0.560773E-01  0.567237E-01
  -664.400  0.538167E-01  0.657330E-01  0.667051E-01  0.671030E-01  0.678970E-01
  -664.300  0.638145E-01  0.779192E-01  0.790849E-01  0.795652E-01  0.805409E-01
  -664.200  0.749489E-01  0.915285E-01  0.929205E-01  0.934987E-01  0.946974E-01
  -664.100  0.872037E-01  0.106563E+00  0.108218E+00  0.108912E+00  0.110383E+00
  -664.000  0.100535E+00  0.122995E+00  0.124957E+00  0.125787E+00  0.127587E+00
  -663.900  0.114872E+00  0.140772E+00  0.143086E+00  0.144075E+00  0.146273E+00
  -663.800  0.130116E+00  0.159809E+00  0.162528E+00  0.163702E+00  0.166374E+00
  -663.700  0.146143E+00  0.179999E+00  0.183180E+00  0.184568E+00  0.187801E+00
  -663.600  0.162808E+00  0.201209E+00  0.204913E+00  0.206548E+00  0.210438E+00
  -663.500  0.179947E+00  0.223284E+00  0.227579E+00  0.229494E+00  0.234147E+00
  -663.400  0.197380E+00  0.246053E+00  0.251009E+00  0.253241E+00  0.258770E+00
  -663.300  0.214918E+00  0.269328E+00  0.275018E+00  0.277605E+00  0.284129E+00
  -663.200  0.232364E+00  0.292905E+00  0.299404E+00  0.302385E+00  0.310029E+00
  -663.100  0.249519E+00  0.316571E+00  0.323954E+00  0.327368E+00  0.336257E+00
  -663.000  0.266188E+00  0.340102E+00  0.348441E+00  0.352328E+00  0.362585E+00
  -662.900  0.282178E+00  0.363267E+00  0.372630E+00  0.377025E+00  0.388770E+00
  -662.800  0.297310E+00  0.385828E+00  0.396276E+00  0.401213E+00  0.414556E+00
  -662.700  0.311417E+00  0.407547E+00  0.419132E+00  0.424638E+00  0.439676E+00
  -662.600  0.324354E+00  0.428189E+00  0.440949E+00  0.447047E+00  0.463860E+00
  -662.500  0.335999E+00  0.447528E+00  0.461486E+00  0.468192E+00  0.486836E+00
  -662.400  0.346262E+00  0.465356E+00  0.480518E+00  0.487836E+00  0.508343E+00
  -662.300  0.355089E+00  0.481490E+00  0.497840E+00  0.505766E+00  0.528137E+00
  -662.200  0.362468E+00  0.495782E+00  0.513282E+00  0.521799E+00  0.546000E+00
  -662.100  0.368432E+00  0.508125E+00  0.526714E+00  0.535794E+00  0.561753E+00
  -662.000  0.373060E+00  0.518466E+00  0.538056E+00  0.547658E+00  0.575264E+00
  -661.900  0.376485E+00  0.526806E+00  0.547287E+00  0.557356E+00  0.586454E+00
  -661.800  0.378883E+00  0.533210E+00  0.554444E+00  0.564913E+00  0.595307E+00
  -661.700  0.380474E+00  0.537798E+00  0.559626E+00  0.570415E+00  0.601867E+00
  -661.600  0.381517E+00  0.540753E+00  0.562995E+00  0.574011E+00  0.606241E+00
  -661.500  0.382293E+00  0.542304E+00  0.564760E+00  0.575902E+00  0.608597E+00
  -661.400  0.383099E+00  0.542721E+00  0.565180E+00  0.576336E+00  0.609149E+00
  -661.300  0.384233E+00  0.542304E+00  0.564541E+00  0.575594E+00  0.608154E+00
  -661.200  0.385977E+00  0.541362E+00  0.563150E+00  0.573979E+00  0.605898E+00
  -661.100  0.388583E+00  0.540203E+00  0.561315E+00  0.571798E+00  0.602679E+00
  -661.000  0.392262E+00  0.539117E+00  0.559329E+00  0.569348E+00  0.598796E+00
  -660.900  0.397167E+00  0.538357E+00  0.557461E+00  0.566899E+00  0.594532E+00
  -660.800  0.403388E+00  0.538133E+00  0.555935E+00  0.564687E+00  0.590144E+00
  -660.700  0.410945E+00  0.538597E+00  0.554926E+00  0.562896E+00  0.585851E+00
  -660.600  0.419787E+00  0.539840E+00  0.554550E+00  0.561657E+00  0.581825E+00
  -660.500  0.429796E+00  0.541887E+00  0.554864E+00  0.561042E+00  0.578188E+00
  -660.400  0.440797E+00  0.544706E+00  0.555867E+00  0.561066E+00  0.575010E+00
  -660.300  0.452567E+00  0.548208E+00  0.557502E+00  0.561692E+00  0.572312E+00
  -660.200  0.464854E+00  0.552262E+00  0.559671E+00  0.562838E+00  0.570074E+00
  -660.100  0.477394E+00  0.556709E+00  0.562245E+00  0.564393E+00  0.568243E+00
  -660.000  0.489935E+00  0.561375E+00  0.565079E+00  0.566228E+00  0.566744E+00
  -659.900  0.502248E+00  0.566093E+00  0.568028E+00  0.568211E+00  0.565496E+00
  -659.800  0.514152E+00  0.570716E+00  0.570965E+00  0.570227E+00  0.564423E+00
  -659.700  0.525524E+00  0.575132E+00  0.573793E+00  0.572186E+00  0.563470E+00
  -659.600  0.536305E+00  0.579280E+00  0.576458E+00  0.574042E+00  0.562612E+00
  -659.500  0.546508E+00  0.583152E+00  0.578958E+00  0.575793E+00  0.561864E+00
  -659.400  0.556215E+00  0.586803E+00  0.581345E+00  0.577496E+00  0.561286E+00
  -659.300  0.565564E+00  0.590344E+00  0.583731E+00  0.579259E+00  0.560988E+00
  -659.200  0.574739E+00  0.593943E+00  0.586276E+00  0.581241E+00  0.561122E+00
  -659.100  0.583956E+00  0.597811E+00  0.589189E+00  0.583648E+00  0.561885E+00
  -659.000  0.593442E+00  0.602196E+00  0.592711E+00  0.586718E+00  0.563508E+00
  -658.900  0.603418E+00  0.607365E+00  0.597110E+00  0.590718E+00  0.566248E+00
  -658.800  0.614086E+00  0.613594E+00  0.602663E+00  0.595924E+00  0.570380E+00
  -658.700  0.625609E+00  0.621156E+00  0.609647E+00  0.602617E+00  0.576183E+00
  -658.600  0.638110E+00  0.630307E+00  0.618329E+00  0.611066E+00  0.583937E+00
  -658.500  0.651660E+00  0.641278E+00  0.628954E+00  0.621522E+00  0.593904E+00
  -658.400  0.666284E+00  0.654267E+00  0.641737E+00  0.634208E+00  0.606328E+00
  -658.300  0.681954E+00  0.669431E+00  0.656856E+00  0.649313E+00  0.621422E+00
  -658.200  0.698601E+00  0.686882E+00  0.674446E+00  0.666981E+00  0.639359E+00
  -658.100  0.716114E+00  0.706679E+00  0.694588E+00  0.687303E+00  0.660261E+00
  -658.000  0.734347E+00  0.728823E+00  0.717305E+00  0.710315E+00  0.684192E+00
  -657.900  0.753121E+00  0.753252E+00  0.742554E+00  0.735983E+00  0.711148E+00
  -657.800  0.772227E+00  0.779835E+00  0.770219E+00  0.764197E+00  0.741043E+00
  -657.700  0.791425E+00  0.808362E+00  0.800101E+00  0.794766E+00  0.773702E+00
  -657.600  0.810444E+00  0.838545E+00  0.831916E+00  0.827407E+00  0.808851E+00
  -657.500  0.828983E+00  0.870012E+00  0.865289E+00  0.861744E+00  0.846114E+00
  -657.400  0.846712E+00  0.902307E+00  0.899754E+00  0.897307E+00  0.885010E+00
  -657.300  0.863274E+00  0.934896E+00  0.934760E+00  0.933537E+00  0.924958E+00
  -657.200  0.878295E+00  0.967180E+00  0.969679E+00  0.969794E+00  0.965285E+00
  -657.100  0.891392E+00  0.998500E+00  0.100382E+01  0.100537E+01  0.100524E+01
  -657.000  0.902190E+00  0.102817E+01  0.103646E+01  0.103952E+01  0.104402E+01
  -656.900  0.910340E+00  0.105549E+01  0.106685E+01  0.107148E+01  0.108079E+01
  -656.800  0.915534E+00  0.107977E+01  0.109425E+01  0.110048E+01  0.111472E+01
  -656.700  0.917534E+00  0.110038E+01  0.111797E+01  0.112580E+01  0.114500E+01
  -656.600  0.916183E+00  0.111676E+01  0.113739E+01  0.114680E+01  0.117089E+01
  -656.500  0.911430E+00  0.112845E+01  0.115200E+01  0.116291E+01  0.119176E+01
  -656.400  0.903334E+00  0.113511E+01  0.116138E+01  0.117372E+01  0.120707E+01
  -656.300  0.892077E+00  0.113656E+01  0.116529E+01  0.117893E+01  0.121646E+01
  -656.200  0.877961E+00  0.113275E+01  0.116363E+01  0.117843E+01  0.121970E+01
  -656.100  0.861404E+00  0.112381E+01  0.115649E+01  0.117225E+01  0.121675E+01
  -656.000  0.842923E+00  0.111003E+01  0.114408E+01  0.116061E+01  0.120774E+01
  -655.900  0.823117E+00  0.109183E+01  0.112681E+01  0.114388E+01  0.119297E+01
  -655.800  0.802640E+00  0.106978E+01  0.110520E+01  0.112257E+01  0.117290E+01
  -655.700  0.782174E+00  0.104455E+01  0.107991E+01  0.109732E+01  0.114813E+01
  -655.600  0.762395E+00  0.101688E+01  0.105167E+01  0.106888E+01  0.111937E+01
  -655.500  0.743947E+00  0.987584E+00  0.102130E+01  0.103804E+01  0.108741E+01
  -655.400  0.727405E+00  0.957466E+00  0.989634E+00  0.100564E+01  0.105311E+01
  -655.300  0.713256E+00  0.927329E+00  0.957493E+00  0.972544E+00  0.101735E+01
  -655.200  0.701875E+00  0.897924E+00  0.925676E+00  0.939549E+00  0.980996E+00
  -655.100  0.693508E+00  0.869928E+00  0.894913E+00  0.907417E+00  0.944869E+00
  -655.000  0.688269E+00  0.843920E+00  0.865844E+00  0.876819E+00  0.909731E+00
  -654.900  0.686134E+00  0.820363E+00  0.839003E+00  0.848320E+00  0.876249E+00
  -654.800  0.686955E+00  0.799592E+00  0.814797E+00  0.822367E+00  0.844980E+00
  -654.700  0.690462E+00  0.781812E+00  0.793507E+00  0.799278E+00  0.816357E+00
  -654.600  0.696292E+00  0.767097E+00  0.775280E+00  0.779239E+00  0.790686E+00
  -654.500  0.703999E+00  0.755398E+00  0.760137E+00  0.762305E+00  0.768140E+00
  -654.400  0.713082E+00  0.746549E+00  0.747977E+00  0.748412E+00  0.748763E+00
  -654.300  0.723008E+00  0.740286E+00  0.738593E+00  0.737383E+00  0.732479E+00
  -654.200  0.733226E+00  0.736259E+00  0.731683E+00  0.728943E+00  0.719103E+00
  -654.100  0.743191E+00  0.734051E+00  0.726869E+00  0.722734E+00  0.708353E+00
  -654.000  0.752378E+00  0.733193E+00  0.723711E+00  0.718333E+00  0.699865E+00
  -653.900  0.760294E+00  0.733183E+00  0.721726E+00  0.715271E+00  0.693215E+00
  -653.800  0.766486E+00  0.733504E+00  0.720406E+00  0.713045E+00  0.687931E+00
  -653.700  0.770554E+00  0.733639E+00  0.719237E+00  0.711144E+00  0.683517E+00
  -653.600  0.772151E+00  0.733089E+00  0.717712E+00  0.709061E+00  0.679471E+00
  -653.500  0.770996E+00  0.731389E+00  0.715356E+00  0.706315E+00  0.675304E+00
  -653.400  0.766875E+00  0.728123E+00  0.711735E+00  0.702466E+00  0.670563E+00
  -653.300  0.759650E+00  0.722943E+00  0.706481E+00  0.697136E+00  0.664844E+00
  -653.200  0.749261E+00  0.715579E+00  0.699301E+00  0.690022E+00  0.657815E+00
  -653.100  0.735737E+00  0.705854E+00  0.689992E+00  0.680908E+00  0.649229E+00
  -653.000  0.719192E+00  0.693691E+00  0.678453E+00  0.669681E+00  0.638934E+00
  -652.900  0.699834E+00  0.679123E+00  0.664690E+00  0.656334E+00  0.626883E+00
  -652.800  0.677961E+00  0.662291E+00  0.648818E+00  0.640967E+00  0.613139E+00
  -652.700  0.653953E+00  0.643443E+00  0.631058E+00  0.623791E+00  0.597869E+00
  -652.600  0.628271E+00  0.622922E+00  0.611731E+00  0.605112E+00  0.581337E+00
  -652.500  0.601439E+00  0.601160E+00  0.591244E+00  0.585324E+00  0.563896E+00
  -652.400  0.574030E+00  0.578653E+00  0.570070E+00  0.564889E+00  0.545964E+00
  -652.300  0.546647E+00  0.555941E+00  0.548729E+00  0.544313E+00  0.528009E+00
  -652.200  0.519903E+00  0.533585E+00  0.527760E+00  0.524125E+00  0.510520E+00
  -652.100  0.494397E+00  0.512139E+00  0.507700E+00  0.504849E+00  0.493981E+00
  -652.000  0.470691E+00  0.492125E+00  0.489050E+00  0.486979E+00  0.478848E+00
  -651.900  0.449291E+00  0.474006E+00  0.472259E+00  0.470951E+00  0.465526E+00
  -651.800  0.430627E+00  0.458168E+00  0.457694E+00  0.457124E+00  0.454340E+00
  -651.700  0.415035E+00  0.444899E+00  0.445630E+00  0.445766E+00  0.445527E+00
  -651.600  0.402749E+00  0.434378E+00  0.436232E+00  0.437033E+00  0.439220E+00
  -651.500  0.393889E+00  0.426671E+00  0.429555E+00  0.430973E+00  0.435444E+00
  -651.400  0.388466E+00  0.421728E+00  0.425537E+00  0.427519E+00  0.434114E+00
  -651.300  0.386376E+00  0.419390E+00  0.424012E+00  0.426502E+00  0.435045E+00
  -651.200  0.387414E+00  0.419402E+00  0.424718E+00  0.427655E+00  0.437962E+00
  -651.100  0.391284E+00  0.421427E+00  0.427312E+00  0.430633E+00  0.442513E+00
  -651.000  0.397607E+00  0.425062E+00  0.431392E+00  0.435034E+00  0.448291E+00
  -650.900  0.405945E+00  0.429864E+00  0.436513E+00  0.440411E+00  0.454851E+00
  -650.800  0.415811E+00  0.435365E+00  0.442209E+00  0.446301E+00  0.461730E+00
  -650.700  0.426690E+00  0.441092E+00  0.448013E+00  0.452237E+00  0.468466E+00
  -650.600  0.438054E+00  0.446587E+00  0.453470E+00  0.457769E+00  0.474613E+00
  -650.500  0.449380E+00  0.451420E+00  0.458159E+00  0.462476E+00  0.479756E+00
  -650.400  0.460159E+00  0.455199E+00  0.461696E+00  0.465979E+00  0.483522E+00
  -650.300  0.469917E+00  0.457583E+00  0.463750E+00  0.467949E+00  0.485588E+00
  -650.200  0.478221E+00  0.458286E+00  0.464045E+00  0.468115E+00  0.485687E+00
  -650.100  0.484690E+00  0.457082E+00  0.462364E+00  0.466264E+00  0.483613E+00
  -650.000  0.489009E+00  0.453807E+00  0.458555E+00  0.462247E+00  0.479224E+00
  -649.900  0.490934E+00  0.448361E+00  0.452527E+00  0.455978E+00  0.472439E+00
  -649.800  0.490297E+00  0.440708E+00  0.444254E+00  0.447434E+00  0.463243E+00
  -649.700  0.487014E+00  0.430872E+00  0.433770E+00  0.436654E+00  0.451686E+00
  -649.600  0.481083E+00  0.418939E+00  0.421169E+00  0.423734E+00  0.437873E+00
  -649.500  0.472585E+00  0.405050E+00  0.406599E+00  0.408829E+00  0.421971E+00
  -649.400  0.461682E+00  0.389395E+00  0.390260E+00  0.392140E+00  0.404194E+00
  -649.300  0.448603E+00  0.372211E+00  0.372392E+00  0.373912E+00  0.384802E+00
  -649.200  0.433636E+00  0.353767E+00  0.353270E+00  0.354424E+00  0.364089E+00
  -649.100  0.417115E+00  0.334357E+00  0.333194E+00  0.333979E+00  0.342374E+00
  -649.000  0.399401E+00  0.314292E+00  0.312478E+00  0.312894E+00  0.319989E+00
  -648.900  0.380865E+00  0.293883E+00  0.291437E+00  0.291488E+00  0.297272E+00
  -648.800  0.361869E+00  0.273433E+00  0.270378E+00  0.270071E+00  0.274546E+00
  -648.700  0.342752E+00  0.253225E+00  0.249587E+00  0.248933E+00  0.252118E+00
  -648.600  0.323813E+00  0.233514E+00  0.229323E+00  0.228336E+00  0.230264E+00
  -648.500  0.305301E+00  0.214516E+00  0.209809E+00  0.208505E+00  0.209225E+00
  -648.400  0.287410E+00  0.196408E+00  0.191224E+00  0.189623E+00  0.189198E+00
  -648.300  0.270271E+00  0.179321E+00  0.173705E+00  0.171832E+00  0.170335E+00
  -648.200  0.253960E+00  0.163341E+00  0.157345E+00  0.155226E+00  0.152743E+00
  -648.100  0.238500E+00  0.148515E+00  0.142194E+00  0.139859E+00  0.136486E+00
  -648.000  0.223867E+00  0.134847E+00  0.128263E+00  0.125744E+00  0.121587E+00
  -647.900  0.210006E+00  0.122314E+00  0.115532E+00  0.112863E+00  0.108032E+00
  -647.800  0.196839E+00  0.110865E+00  0.103952E+00  0.101170E+00  0.957803E-01
  -647.700  0.184277E+00  0.100429E+00  0.934560E-01  0.905969E-01  0.847667E-01
  -647.600  0.172232E+00  0.909261E-01  0.839630E-01  0.810634E-01  0.749099E-01
  -647.500  0.160625E+00  0.822709E-01  0.753855E-01  0.724809E-01  0.661183E-01
  -647.400  0.149393E+00  0.743779E-01  0.676347E-01  0.647589E-01  0.582955E-01
  -647.300  0.138497E+00  0.671667E-01  0.606248E-01  0.578088E-01  0.513451E-01
  -647.200  0.127918E+00  0.605653E-01  0.542768E-01  0.515483E-01  0.451746E-01
  -647.100  0.117664E+00  0.545120E-01  0.485204E-01  0.459030E-01  0.396980E-01
  -647.000  0.107767E+00  0.489563E-01  0.432960E-01  0.408085E-01  0.348376E-01
  -646.900  0.982780E-01  0.438595E-01  0.385544E-01  0.362108E-01  0.305251E-01
  -646.800  0.892678E-01  0.391941E-01  0.342571E-01  0.320663E-01  0.267022E-01
  -646.700  0.808220E-01  0.349429E-01  0.303759E-01  0.283413E-01  0.233201E-01
  -646.600  0.730387E-01  0.310981E-01  0.268915E-01  0.250111E-01  0.203389E-01
  -646.500  0.660264E-01  0.276599E-01  0.237928E-01  0.220593E-01  0.177272E-01
  -646.400  0.599016E-01  0.246357E-01  0.210760E-01  0.194767E-01  0.154610E-01
  -646.300  0.547885E-01  0.220390E-01  0.187432E-01  0.172603E-01  0.135230E-01
  -646.200  0.508174E-01  0.198886E-01  0.168023E-01  0.154127E-01  0.119014E-01
  -646.100  0.481246E-01  0.182080E-01  0.152657E-01  0.139411E-01  0.105897E-01
  -646.000  0.468504E-01  0.170247E-01  0.141498E-01  0.128570E-01  0.958541E-02
  -645.900  0.471379E-01  0.163691E-01  0.134743E-01  0.121750E-01  0.888990E-02
  -645.800  0.491296E-01  0.162742E-01  0.132614E-01  0.119124E-01  0.850728E-02
  -645.700  0.529626E-01  0.167734E-01  0.135345E-01  0.120878E-01  0.844377E-02
  -645.600  0.587626E-01  0.178994E-01  0.143167E-01  0.127202E-01  0.870668E-02
  -645.500  0.666356E-01  0.196817E-01  0.156294E-01  0.138269E-01  0.930327E-02
  -645.400  0.766587E-01  0.221438E-01  0.174897E-01  0.154222E-01  0.102394E-01
  -645.300  0.888690E-01  0.253002E-01  0.199081E-01  0.175145E-01  0.115181E-01
  -645.200  0.103253E+00  0.291527E-01  0.228855E-01  0.201042E-01  0.131377E-01
  -645.100  0.119736E+00  0.336873E-01  0.264109E-01  0.231814E-01  0.150902E-01
  -645.000  0.138173E+00  0.388709E-01  0.304582E-01  0.267231E-01  0.173599E-01
  -644.900  0.158341E+00  0.446481E-01  0.349844E-01  0.306915E-01  0.199215E-01
  -644.800  0.179937E+00  0.509401E-01  0.399279E-01  0.350325E-01  0.227394E-01
  -644.700  0.202581E+00  0.576435E-01  0.452077E-01  0.396750E-01  0.257670E-01
  -644.600  0.225819E+00  0.646311E-01  0.507241E-01  0.445313E-01  0.289466E-01
  -644.500  0.249136E+00  0.717548E-01  0.563601E-01  0.494986E-01  0.322109E-01
  -644.400  0.271972E+00  0.788489E-01  0.619849E-01  0.544615E-01  0.354836E-01
  -644.300  0.293747E+00  0.857360E-01  0.674580E-01  0.592959E-01  0.386827E-01
  -644.200  0.313880E+00  0.922340E-01  0.726344E-01  0.638739E-01  0.417231E-01
  -644.100  0.331816E+00  0.981636E-01  0.773710E-01  0.680685E-01  0.445199E-01
  -644.000  0.347057E+00  0.103357E+00  0.815330E-01  0.717601E-01  0.469928E-01
  -643.900  0.359181E+00  0.107665E+00  0.850003E-01  0.748418E-01  0.490693E-01
  -643.800  0.367865E+00  0.110966E+00  0.876736E-01  0.772249E-01  0.506887E-01
  -643.700  0.372898E+00  0.113169E+00  0.894788E-01  0.788430E-01  0.518048E-01
  -643.600  0.374193E+00  0.114221E+00  0.903712E-01  0.796552E-01  0.523884E-01
  -643.500  0.371787E+00  0.114108E+00  0.903366E-01  0.796481E-01  0.524282E-01
  -643.400  0.365835E+00  0.112855E+00  0.893920E-01  0.788355E-01  0.519313E-01
  -643.300  0.356599E+00  0.110521E+00  0.875833E-01  0.772572E-01  0.509224E-01
  -643.200  0.344430E+00  0.107199E+00  0.849827E-01  0.749760E-01  0.494418E-01
  -643.100  0.329746E+00  0.103008E+00  0.816832E-01  0.720740E-01  0.475430E-01
  -643.000  0.313008E+00  0.980850E-01  0.777938E-01  0.686472E-01  0.452894E-01
  -642.900  0.294699E+00  0.925799E-01  0.734333E-01  0.648004E-01  0.427505E-01
  -642.800  0.275298E+00  0.866459E-01  0.687240E-01  0.606422E-01  0.399989E-01
  -642.700  0.255262E+00  0.804333E-01  0.637865E-01  0.562797E-01  0.371065E-01
  -642.600  0.235008E+00  0.740837E-01  0.587349E-01  0.518139E-01  0.341415E-01
  -642.500  0.214906E+00  0.677255E-01  0.536725E-01  0.473371E-01  0.311664E-01
  -642.400  0.195266E+00  0.614701E-01  0.486895E-01  0.429296E-01  0.282358E-01
  -642.300  0.176341E+00  0.554104E-01  0.438612E-01  0.386585E-01  0.253955E-01
  -642.200  0.158325E+00  0.496203E-01  0.392475E-01  0.345774E-01  0.226823E-01
  -642.100  0.141357E+00  0.441549E-01  0.348936E-01  0.307266E-01  0.201236E-01
  -642.000  0.125530E+00  0.390523E-01  0.308305E-01  0.271339E-01  0.177386E-01
  -641.900  0.110894E+00  0.343357E-01  0.270769E-01  0.238161E-01  0.155388E-01
  -641.800  0.974682E-01  0.300150E-01  0.236412E-01  0.207807E-01  0.135293E-01
  -641.700  0.852436E-01  0.260903E-01  0.205232E-01  0.180274E-01  0.117098E-01
  -641.600  0.741933E-01  0.225530E-01  0.177161E-01  0.155500E-01  0.100758E-01
  -641.500  0.642760E-01  0.193889E-01  0.152079E-01  0.133378E-01  0.861993E-02
  -641.400  0.554415E-01  0.165794E-01  0.129834E-01  0.113772E-01  0.733240E-02
  -641.300  0.476335E-01  0.141032E-01  0.110250E-01  0.965212E-02  0.620211E-02
  -641.200  0.407928E-01  0.119373E-01  0.931377E-02  0.814572E-02  0.521719E-02
  -641.100  0.348586E-01  0.100580E-01  0.783030E-02  0.684048E-02  0.436543E-02
  -641.000  0.297702E-01  0.844164E-02  0.655511E-02  0.571894E-02  0.363470E-02
  -640.900  0.254677E-01  0.706496E-02  0.546915E-02  0.476400E-02  0.301317E-02
  -640.800  0.218924E-01  0.590545E-02  0.455406E-02  0.395922E-02  0.248951E-02
  -640.700  0.189874E-01  0.494162E-02  0.379234E-02  0.328898E-02  0.205301E-02
  -640.600  0.166977E-01  0.415315E-02  0.316752E-02  0.273857E-02  0.169365E-02
  -640.500  0.149699E-01  0.352100E-02  0.266422E-02  0.229430E-02  0.140214E-02
  -640.400  0.137526E-01  0.302742E-02  0.226816E-02  0.194348E-02  0.116996E-02
  -640.300  0.129958E-01  0.265595E-02  0.196621E-02  0.167448E-02  0.989338E-03
  -640.200  0.126507E-01  0.239139E-02  0.174627E-02  0.147661E-02  0.853211E-03
  -640.100  0.126693E-01  0.221968E-02  0.159727E-02  0.134015E-02  0.755211E-03
  -640.000  0.130040E-01  0.212779E-02  0.150905E-02  0.125619E-02  0.689597E-03
  -639.900  0.136073E-01  0.210364E-02  0.147228E-02  0.121659E-02  0.651195E-03
  -639.800  0.144315E-01  0.213590E-02  0.147830E-02  0.121387E-02  0.635336E-03
  -639.700  0.154287E-01  0.221392E-02  0.151908E-02  0.124112E-02  0.637785E-03
  -639.600  0.165507E-01  0.232761E-02  0.158710E-02  0.129190E-02  0.654686E-03
  -639.500  0.177493E-01  0.246736E-02  0.167529E-02  0.136022E-02  0.682506E-03
  -639.400  0.189771E-01  0.262406E-02  0.177700E-02  0.144043E-02  0.718003E-03
  -639.300  0.201880E-01  0.278903E-02  0.188596E-02  0.152729E-02  0.758194E-03
  -639.200  0.213380E-01  0.295417E-02  0.199633E-02  0.161589E-02  0.800346E-03
  -639.100  0.223864E-01  0.311194E-02  0.210274E-02  0.170175E-02  0.841981E-03
  -639.000  0.232968E-01  0.325557E-02  0.220035E-02  0.178083E-02  0.880883E-03
  -638.900  0.240377E-01  0.337908E-02  0.228489E-02  0.184959E-02  0.915124E-03
  -638.800  0.245839E-01  0.347748E-02  0.235281E-02  0.190505E-02  0.943078E-03
  -638.700  0.249167E-01  0.354682E-02  0.240126E-02  0.194485E-02  0.963453E-03
  -638.600  0.250245E-01  0.358430E-02  0.242821E-02  0.196726E-02  0.975299E-03
  -638.500  0.249032E-01  0.358827E-02  0.243245E-02  0.197127E-02  0.978023E-03
  -638.400  0.245554E-01  0.355829E-02  0.241356E-02  0.195649E-02  0.971383E-03
  -638.300  0.239907E-01  0.349504E-02  0.237194E-02  0.192324E-02  0.955478E-03
  -638.200  0.232245E-01  0.340024E-02  0.230872E-02  0.187239E-02  0.930721E-03
  -638.100  0.222775E-01  0.327654E-02  0.222566E-02  0.180536E-02  0.897800E-03
  -638.000  0.211744E-01  0.312734E-02  0.212507E-02  0.172402E-02  0.857637E-03
  -637.900  0.199429E-01  0.295664E-02  0.200965E-02  0.163058E-02  0.811333E-03
  -637.800  0.186125E-01  0.276883E-02  0.188241E-02  0.152746E-02  0.760112E-03
  -637.700  0.172132E-01  0.256849E-02  0.174649E-02  0.141724E-02  0.705263E-03
  -637.600  0.157747E-01  0.236024E-02  0.160504E-02  0.130247E-02  0.648085E-03
  -637.500  0.143253E-01  0.214853E-02  0.146111E-02  0.118566E-02  0.589839E-03
  -637.400  0.128910E-01  0.193748E-02  0.131756E-02  0.106912E-02  0.531700E-03
  -637.300  0.114950E-01  0.173084E-02  0.117694E-02  0.954943E-03  0.474727E-03
  -637.200  0.101568E-01  0.153181E-02  0.104147E-02  0.844937E-03  0.419833E-03
  -637.100  0.889271E-02  0.134304E-02  0.912970E-03  0.740586E-03  0.367769E-03
  -637.000  0.771491E-02  0.116659E-02  0.792849E-03  0.643045E-03  0.319118E-03
  -636.900  0.663200E-02  0.100393E-02  0.682118E-03  0.553137E-03  0.274294E-03
  -636.800  0.564902E-02  0.855953E-03  0.581402E-03  0.471369E-03  0.233552E-03
  -636.700  0.476780E-02  0.723063E-03  0.490969E-03  0.397961E-03  0.197000E-03
  -636.600  0.398733E-02  0.605194E-03  0.410779E-03  0.332880E-03  0.164620E-03
  -636.500  0.330426E-02  0.501909E-03  0.340533E-03  0.275881E-03  0.136286E-03
  -636.400  0.271335E-02  0.412465E-03  0.279722E-03  0.226550E-03  0.111787E-03
  -636.300  0.220796E-02  0.335897E-03  0.227686E-03  0.184348E-03  0.908514E-04
  -636.200  0.178053E-02  0.271087E-03  0.183661E-03  0.148653E-03  0.731635E-04
  -636.100  0.142300E-02  0.216833E-03  0.146823E-03  0.118795E-03  0.583863E-04
  -636.000  0.112716E-02  0.171905E-03  0.116334E-03  0.940910E-04  0.461757E-04
  -635.900  0.884941E-03  0.135093E-03  0.913661E-04  0.738677E-04  0.361940E-04
  -635.800  0.688694E-03  0.105242E-03  0.711320E-04  0.574849E-04  0.281200E-04
  -635.700  0.531313E-03  0.812827E-04  0.549012E-04  0.443488E-04  0.216563E-04
  -635.600  0.406366E-03  0.622427E-04  0.420117E-04  0.339213E-04  0.165342E-04
  -635.500  0.308144E-03  0.472600E-04  0.318759E-04  0.257253E-04  0.000000E+00
  -635.400  0.231680E-03  0.355828E-04  0.239821E-04  0.193452E-04  0.000000E+00
  -635.300  0.172718E-03  0.265675E-04  0.178924E-04  0.144257E-04  0.000000E+00
  -635.200  0.127679E-03  0.196717E-04  0.000000E+00  0.000000E+00  0.000000E+00
  -635.100  0.935923E-04  0.144453E-04  0.000000E+00  0.000000E+00  0.000000E+00
  -635.000  0.680301E-04  0.000000E+00  0.000000E+00  0.000000E+00  0.000000E+00
  -634.900  0.490337E-04  0.000000E+00  0.000000E+00  0.000000E+00  0.000000E+00
  -634.800  0.350433E-04  0.000000E+00  0.000000E+00  0.000000E+00  0.000000E+00
  -634.700  0.248316E-04  0.000000E+00  0.000000E+00  0.000000E+00  0.000000E+00
  -634.600  0.174446E-04  0.000000E+00  0.000000E+00  0.000000E+00  0.000000E+00
  -634.500  0.000000E+00  0.000000E+00  0.000000E+00  0.000000E+00  0.000000E+00
  -634.400  0.000000E+00  0.000000E+00  0.000000E+00  0.000000E+00  0.000000E+00
  -634.300  0.000000E+00  0.000000E+00  0.000000E+00  0.000000E+00  0.000000E+00
  -634.200  0.000000E+00  0.000000E+00  0.000000E+00  0.000000E+00  0.000000E+00
  -634.100  0.000000E+00  0.000000E+00  0.000000E+00  0.000000E+00  0.000000E+00
  -634.000  0.000000E+00  0.000000E+00  0.000000E+00  0.000000E+00  0.000000E+00
  -633.900  0.000000E+00  0.000000E+00  0.000000E+00  0.000000E+00  0.000000E+00
  -633.800  0.000000E+00  0.000000E+00  0.000000E+00  0.000000E+00  0.000000E+00
  -633.700  0.000000E+00  0.000000E+00  0.000000E+00  0.000000E+00  0.000000E+00
  -633.600  0.000000E+00  0.000000E+00  0.000000E+00  0.000000E+00  0.000000E+00
  -633.500  0.000000E+00  0.000000E+00  0.000000E+00  0.000000E+00  0.000000E+00
  -633.400  0.000000E+00  0.000000E+00  0.000000E+00  0.000000E+00  0.000000E+00
  -633.300  0.000000E+00  0.000000E+00  0.000000E+00  0.000000E+00  0.000000E+00
  -633.200  0.000000E+00  0.000000E+00  0.000000E+00  0.000000E+00  0.000000E+00
  -633.100  0.000000E+00  0.000000E+00  0.000000E+00  0.000000E+00  0.000000E+00
  -633.000  0.000000E+00  0.000000E+00  0.000000E+00  0.000000E+00  0.000000E+00
  -632.900  0.000000E+00  0.000000E+00  0.000000E+00  0.000000E+00  0.000000E+00
  -632.800  0.000000E+00  0.000000E+00  0.000000E+00  0.000000E+00  0.000000E+00
  -632.700  0.000000E+00  0.000000E+00  0.000000E+00  0.000000E+00  0.000000E+00
  -632.600  0.000000E+00  0.000000E+00  0.000000E+00  0.000000E+00  0.000000E+00
  -632.500  0.000000E+00  0.000000E+00  0.000000E+00  0.000000E+00  0.000000E+00
  -632.400  0.000000E+00  0.000000E+00  0.000000E+00  0.000000E+00  0.000000E+00
  -632.300  0.000000E+00  0.000000E+00  0.000000E+00  0.000000E+00  0.000000E+00
  -632.200  0.000000E+00  0.000000E+00  0.000000E+00  0.000000E+00  0.000000E+00
  -632.100  0.000000E+00  0.000000E+00  0.000000E+00  0.000000E+00  0.000000E+00
  -632.000  0.000000E+00  0.000000E+00  0.000000E+00  0.000000E+00  0.000000E+00
  -631.900  0.000000E+00  0.000000E+00  0.000000E+00  0.000000E+00  0.000000E+00
  -631.800  0.000000E+00  0.000000E+00  0.000000E+00  0.000000E+00  0.000000E+00
  -631.700  0.000000E+00  0.000000E+00  0.000000E+00  0.000000E+00  0.000000E+00
  -631.600  0.000000E+00  0.000000E+00  0.000000E+00  0.000000E+00  0.000000E+00
  -631.500  0.000000E+00  0.000000E+00  0.000000E+00  0.000000E+00  0.000000E+00
  -631.400  0.000000E+00  0.000000E+00  0.000000E+00  0.000000E+00  0.000000E+00
  -631.300  0.000000E+00  0.000000E+00  0.000000E+00  0.000000E+00  0.000000E+00
  -631.200  0.000000E+00  0.000000E+00  0.000000E+00  0.000000E+00  0.000000E+00
  -631.100  0.000000E+00  0.000000E+00  0.000000E+00  0.000000E+00  0.000000E+00
  -631.000  0.000000E+00  0.000000E+00  0.000000E+00  0.000000E+00  0.000000E+00
  -630.900  0.000000E+00  0.000000E+00  0.000000E+00  0.000000E+00  0.000000E+00
  -630.800  0.000000E+00  0.000000E+00  0.000000E+00  0.000000E+00  0.000000E+00
  -630.700  0.000000E+00  0.000000E+00  0.000000E+00  0.000000E+00  0.000000E+00
  -630.600  0.000000E+00  0.000000E+00  0.000000E+00  0.000000E+00  0.000000E+00
  -630.500  0.000000E+00  0.000000E+00  0.000000E+00  0.000000E+00  0.000000E+00
  -630.400  0.000000E+00  0.000000E+00  0.000000E+00  0.000000E+00  0.000000E+00
  -630.300  0.000000E+00  0.000000E+00  0.000000E+00  0.000000E+00  0.000000E+00
  -630.200  0.000000E+00  0.000000E+00  0.000000E+00  0.000000E+00  0.000000E+00
  -630.100  0.000000E+00  0.000000E+00  0.000000E+00  0.000000E+00  0.000000E+00
  -630.000  0.000000E+00  0.000000E+00  0.000000E+00  0.000000E+00  0.000000E+00
  -629.900  0.000000E+00  0.000000E+00  0.000000E+00  0.000000E+00  0.000000E+00
  -629.800  0.000000E+00  0.000000E+00  0.000000E+00  0.000000E+00  0.000000E+00
  -629.700  0.000000E+00  0.000000E+00  0.000000E+00  0.000000E+00  0.000000E+00
  -629.600  0.000000E+00  0.000000E+00  0.000000E+00  0.000000E+00  0.000000E+00
  -629.500  0.000000E+00  0.000000E+00  0.000000E+00  0.000000E+00  0.000000E+00
  -629.400  0.000000E+00  0.000000E+00  0.000000E+00  0.000000E+00  0.000000E+00
  -629.300  0.000000E+00  0.000000E+00  0.000000E+00  0.000000E+00  0.000000E+00
  -629.200  0.000000E+00  0.000000E+00  0.000000E+00  0.000000E+00  0.000000E+00
  -629.100  0.000000E+00  0.000000E+00  0.000000E+00  0.000000E+00  0.000000E+00
  -629.000  0.000000E+00  0.000000E+00  0.000000E+00  0.000000E+00  0.000000E+00
  -628.900  0.000000E+00  0.000000E+00  0.000000E+00  0.000000E+00  0.000000E+00
  -628.800  0.000000E+00  0.000000E+00  0.000000E+00  0.000000E+00  0.000000E+00
  -628.700  0.000000E+00  0.000000E+00  0.000000E+00  0.000000E+00  0.000000E+00
  -628.600  0.000000E+00  0.000000E+00  0.000000E+00  0.000000E+00  0.000000E+00
  -628.500  0.000000E+00  0.000000E+00  0.000000E+00  0.000000E+00  0.000000E+00
  -628.400  0.000000E+00  0.000000E+00  0.000000E+00  0.000000E+00  0.000000E+00
  -628.300  0.000000E+00  0.000000E+00  0.000000E+00  0.000000E+00  0.000000E+00
  -628.200  0.000000E+00  0.000000E+00  0.000000E+00  0.000000E+00  0.000000E+00
  -628.100  0.000000E+00  0.000000E+00  0.000000E+00  0.000000E+00  0.000000E+00
  -628.000  0.000000E+00  0.000000E+00  0.000000E+00  0.000000E+00  0.000000E+00
  -627.900  0.000000E+00  0.000000E+00  0.000000E+00  0.000000E+00  0.000000E+00
  -627.800  0.000000E+00  0.000000E+00  0.000000E+00  0.000000E+00  0.000000E+00
  -627.700  0.000000E+00  0.000000E+00  0.000000E+00  0.000000E+00  0.000000E+00
  -627.600  0.000000E+00  0.000000E+00  0.000000E+00  0.000000E+00  0.000000E+00
  -627.500  0.000000E+00  0.000000E+00  0.000000E+00  0.000000E+00  0.000000E+00
  -627.400  0.000000E+00  0.000000E+00  0.000000E+00  0.000000E+00  0.000000E+00
  -627.300  0.000000E+00  0.000000E+00  0.000000E+00  0.000000E+00  0.000000E+00
  -627.200  0.000000E+00  0.000000E+00  0.000000E+00  0.000000E+00  0.000000E+00
  -627.100  0.000000E+00  0.000000E+00  0.000000E+00  0.000000E+00  0.000000E+00
  -627.000  0.000000E+00  0.000000E+00  0.000000E+00  0.000000E+00  0.000000E+00
  -626.900  0.000000E+00  0.000000E+00  0.000000E+00  0.000000E+00  0.000000E+00
  -626.800  0.000000E+00  0.000000E+00  0.000000E+00  0.000000E+00  0.000000E+00
  -626.700  0.000000E+00  0.000000E+00  0.000000E+00  0.000000E+00  0.000000E+00
  -626.600  0.000000E+00  0.000000E+00  0.000000E+00  0.000000E+00  0.000000E+00
  -626.500  0.000000E+00  0.000000E+00  0.000000E+00  0.000000E+00  0.000000E+00
  -626.400  0.000000E+00  0.000000E+00  0.000000E+00  0.000000E+00  0.000000E+00
  -626.300  0.000000E+00  0.000000E+00  0.000000E+00  0.000000E+00  0.000000E+00
  -626.200  0.000000E+00  0.000000E+00  0.000000E+00  0.000000E+00  0.000000E+00
  -626.100  0.000000E+00  0.000000E+00  0.000000E+00  0.000000E+00  0.000000E+00
  -626.000  0.000000E+00  0.000000E+00  0.000000E+00  0.000000E+00  0.000000E+00
  -625.900  0.000000E+00  0.000000E+00  0.000000E+00  0.000000E+00  0.000000E+00
  -625.800  0.000000E+00  0.000000E+00  0.000000E+00  0.000000E+00  0.000000E+00
  -625.700  0.000000E+00  0.000000E+00  0.000000E+00  0.000000E+00  0.000000E+00
  -625.600  0.000000E+00  0.000000E+00  0.000000E+00  0.000000E+00  0.000000E+00
  -625.500  0.000000E+00  0.000000E+00  0.000000E+00  0.000000E+00  0.000000E+00
  -625.400  0.000000E+00  0.000000E+00  0.000000E+00  0.000000E+00  0.000000E+00
  -625.300  0.000000E+00  0.000000E+00  0.000000E+00  0.000000E+00  0.000000E+00
  -625.200  0.000000E+00  0.000000E+00  0.000000E+00  0.000000E+00  0.000000E+00
  -625.100  0.000000E+00  0.000000E+00  0.000000E+00  0.000000E+00  0.000000E+00
  -625.000  0.000000E+00  0.000000E+00  0.000000E+00  0.000000E+00  0.000000E+00
  -624.900  0.000000E+00  0.000000E+00  0.000000E+00  0.000000E+00  0.000000E+00
  -624.800  0.000000E+00  0.000000E+00  0.000000E+00  0.000000E+00  0.000000E+00
  -624.700  0.000000E+00  0.000000E+00  0.000000E+00  0.000000E+00  0.000000E+00
  -624.600  0.000000E+00  0.000000E+00  0.000000E+00  0.000000E+00  0.000000E+00
  -624.500  0.000000E+00  0.000000E+00  0.000000E+00  0.000000E+00  0.000000E+00
  -624.400  0.000000E+00  0.000000E+00  0.000000E+00  0.000000E+00  0.000000E+00
  -624.300  0.000000E+00  0.000000E+00  0.000000E+00  0.000000E+00  0.000000E+00
  -624.200  0.000000E+00  0.000000E+00  0.000000E+00  0.000000E+00  0.000000E+00
  -624.100  0.000000E+00  0.000000E+00  0.000000E+00  0.000000E+00  0.000000E+00
  -624.000  0.000000E+00  0.000000E+00  0.000000E+00  0.000000E+00  0.000000E+00
  -623.900  0.000000E+00  0.000000E+00  0.000000E+00  0.000000E+00  0.000000E+00
  -623.800  0.000000E+00  0.000000E+00  0.000000E+00  0.000000E+00  0.000000E+00
  -623.700  0.000000E+00  0.000000E+00  0.000000E+00  0.000000E+00  0.000000E+00
  -623.600  0.000000E+00  0.000000E+00  0.000000E+00  0.000000E+00  0.000000E+00
  -623.500  0.000000E+00  0.000000E+00  0.000000E+00  0.000000E+00  0.000000E+00
  -623.400  0.000000E+00  0.000000E+00  0.000000E+00  0.000000E+00  0.000000E+00
  -623.300  0.000000E+00  0.000000E+00  0.000000E+00  0.000000E+00  0.000000E+00
  -623.200  0.000000E+00  0.000000E+00  0.000000E+00  0.000000E+00  0.000000E+00
  -623.100  0.000000E+00  0.000000E+00  0.000000E+00  0.000000E+00  0.000000E+00
  -623.000  0.000000E+00  0.000000E+00  0.000000E+00  0.000000E+00  0.000000E+00
  -622.900  0.000000E+00  0.000000E+00  0.000000E+00  0.000000E+00  0.000000E+00
  -622.800  0.000000E+00  0.000000E+00  0.000000E+00  0.000000E+00  0.000000E+00
  -622.700  0.000000E+00  0.000000E+00  0.000000E+00  0.000000E+00  0.000000E+00
  -622.600  0.000000E+00  0.000000E+00  0.000000E+00  0.000000E+00  0.000000E+00
  -622.500  0.000000E+00  0.000000E+00  0.000000E+00  0.000000E+00  0.000000E+00
  -622.400  0.000000E+00  0.000000E+00  0.000000E+00  0.000000E+00  0.000000E+00
  -622.300  0.000000E+00  0.000000E+00  0.000000E+00  0.000000E+00  0.000000E+00
  -622.200  0.000000E+00  0.000000E+00  0.000000E+00  0.000000E+00  0.000000E+00
  -622.100  0.000000E+00  0.000000E+00  0.000000E+00  0.000000E+00  0.000000E+00
  -622.000  0.000000E+00  0.000000E+00  0.000000E+00  0.000000E+00  0.000000E+00
  -621.900  0.000000E+00  0.000000E+00  0.000000E+00  0.000000E+00  0.000000E+00
  -621.800  0.000000E+00  0.000000E+00  0.000000E+00  0.000000E+00  0.000000E+00
  -621.700  0.000000E+00  0.000000E+00  0.000000E+00  0.000000E+00  0.000000E+00
  -621.600  0.000000E+00  0.000000E+00  0.000000E+00  0.000000E+00  0.000000E+00
  -621.500  0.000000E+00  0.000000E+00  0.000000E+00  0.000000E+00  0.000000E+00
  -621.400  0.000000E+00  0.000000E+00  0.000000E+00  0.000000E+00  0.000000E+00
  -621.300  0.000000E+00  0.000000E+00  0.000000E+00  0.000000E+00  0.000000E+00
  -621.200  0.000000E+00  0.000000E+00  0.000000E+00  0.000000E+00  0.000000E+00
  -621.100  0.000000E+00  0.000000E+00  0.000000E+00  0.000000E+00  0.000000E+00
  -621.000  0.000000E+00  0.000000E+00  0.000000E+00  0.000000E+00  0.000000E+00
  -620.900  0.000000E+00  0.000000E+00  0.000000E+00  0.000000E+00  0.000000E+00
  -620.800  0.000000E+00  0.000000E+00  0.000000E+00  0.000000E+00  0.000000E+00
  -620.700  0.000000E+00  0.000000E+00  0.000000E+00  0.000000E+00  0.000000E+00
  -620.600  0.000000E+00  0.000000E+00  0.000000E+00  0.000000E+00  0.000000E+00
  -620.500  0.000000E+00  0.000000E+00  0.000000E+00  0.000000E+00  0.000000E+00
  -620.400  0.000000E+00  0.000000E+00  0.000000E+00  0.000000E+00  0.000000E+00
  -620.300  0.000000E+00  0.000000E+00  0.000000E+00  0.000000E+00  0.000000E+00
  -620.200  0.000000E+00  0.000000E+00  0.000000E+00  0.000000E+00  0.000000E+00
  -620.100  0.000000E+00  0.000000E+00  0.000000E+00  0.000000E+00  0.000000E+00
  -620.000  0.000000E+00  0.000000E+00  0.000000E+00  0.000000E+00  0.000000E+00
