-656.5658473015114 -657.778199679111 -657.778199679111 -657.778199679111 -657.778199679111 -656.5658473015114 -657.778199679111 -657.778199679111 -656.5658473015114
-657.6762680711003 -657.814284531037 -657.7364500340532 -657.3953357297621 -656.8102111546613 -657.7189958637807 -658.2986964049072 -657.8159216063243 -657.7269851452121
-657.9541481366681 -659.3836940756851 -657.6927867459932 -656.7364204319114 -658.4652601870029 -656.9305064862936 -658.9510393728368 -656.886011772008 -657.6879561257931
-658.540551540329 -660.264488833218 -658.527107515115 -658.925017290781 -656.510651236479 -658.616729267091 -657.901559070053 -659.245043571285 -660.045830352269
-657.3655340090721 -656.747331522837 -657.5137240011202 -657.4117221343662 -659.4259248101421 -658.4654254668941 -657.805428819892 -657.7337548184743 -659.4028031494895
-656.9621400543964 -656.2586493322221 -657.1557129905301 -657.6715953707178 -656.8562902723704 -657.0997470650026 -656.8882424410305 -656.6532915888866 -655.186536140007
-657.6474853067917 -657.7503021301773 -656.999746310174 -651.3793348146176 -657.3402821077661 -658.0994517881932 -655.9018636901428 -656.7829594474173 -656.9880389097608
-657.8259725352581 -656.0032843353448 -656.9427759296318 -657.7896251391794 -657.5200213955726 -658.5660445102297 -658.1375765761395 -657.6733492236215 -654.0787969890514
-655.4948379360077 -655.9154290378839 -655.2897709185785 -657.8183951195855 -655.415824686948 -657.4162533189585 -656.6714622025353 -657.3364606749163 -650.5674155076924
-651.2244575101323 -656.994979828332 -657.6080529084509 -651.3358095336596 -656.6893726108397 -653.0124221380298 -657.5718022677669 -657.3892511307085 -653.0357409033636
-659.394124905815 -658.064329782787 -658.458099275379 -658.080316946089 -659.207305472242 -656.459501217597 -659.707764477507 -650.932242130502 -658.234450816938
-658.101114487326 -658.104025873221 -658.114763456269 -659.29778567399 -658.235104527249 -658.112279609202 -659.297848338964 -658.240729045109 -659.339241252889
-655.9942343155083 -656.0082977967812 -656.9221540036687 -657.9223557674284 -658.3274097717367 -657.9341335755945 -656.5345366644932 -658.3607625797662 -655.6872575718179
-656.7428383216813 -657.2561286984662 -653.0182728865499 -654.8635691031532 -657.5118565739504 -658.5669443566555 -655.0384181248407 -656.6989111601305 -657.822318164913
-657.0849961117949 -657.1794932330282 -656.5610263905805 -658.0696872364043 -656.5610263905805 -658.0318408154214 -656.8437113946387 -657.6312079795275 -654.754461208366
-651.0960184060566 -651.0960184060566 -653.5332307301212 -650.8514546896916 -650.8514546896916 -653.5332307301212 -657.0468776059001 -656.8692588014623 -657.0468776059001
-655.4962442916582 -656.8622104069456 -659.0164591679597 -658.5693316859883 -658.5215025363217 -658.8108005106155 -658.9407327532276 -658.6587707668997 -658.875299799365
-658.6764356160743 -658.6088709227441 -658.7000551257987 -658.3336395924713 -658.3254870875359 -656.4921302422472 -658.5191209816053 -658.6444049732318 -656.9202102621747
-656.9959964489535 -656.9959964489535 -657.736527719059 -651.9207354026798 -651.9207354026798 -657.4465160144122 -657.7922098484468 -656.4270644676058 -657.4465160144122
-657.6187371050587 -656.3031204634918 -659.4584384221288 -658.5130201081173 -655.9641069555162 -659.3868531886798 -657.2381178462879 -656.3793330527994 -658.6992184703217
-657.6066487296447 -657.4033977598476 -656.0051418253612 -656.0802321381045 -655.6703756758305 -655.8841570363525 -656.6993470507218 -655.472103664345 -657.0377986115259
-656.9732758522822 -656.6158329218749 -658.0255359181097 -657.007534868861 -651.0312214188458 -658.3359787622925 -657.5506220564752 -659.2419057362981 -657.4100533561319
-656.4699796291447 -656.7690291731689 -659.1605933038295 -657.2534856759237 -659.3544789475251 -658.4898793980511 -657.7546860162142 -658.2893656567892 -656.3622596613543
-658.225627752244 -657.752171040867 -653.27877059322 -657.41136134731 -660.44841156157 -656.359538558151 -661.402701284262 -657.216541977852 -658.539445639498
-658.3313438129198 -658.3313438129198 -658.077952221955 -658.4021837554902 -658.4400870619547 -658.4400870619547 -658.4021837554902 -656.5455457154471 -656.3539581857498
-655.886073851282 -655.886715101205 -645.816360343362 -659.32968158105 -659.329495216283 -659.330227059859 -659.329740870454 -657.634865332026 -657.635796814363
-657.7200686882512 -657.5300510055226 -654.8348888418735 -658.3250299441743 -657.0336348071219 -658.2897043097565 -657.5615222901426 -658.812802048541 -654.0863016339998
-647.283325312415 -648.54569959972 -647.656411935802 -658.540100302498 -658.322634982801 -660.151322612517 -651.652651100412 -661.219010890026 -642.57550735456
-650.5255057225369 -653.6999647875615 -652.2837053076856 -652.7128410181481 -649.6772891855067 -651.8696131307584 -656.5097211871699 -656.9563647045698 -645.6188380460865
-650.067167656497 -650.067167656497 -649.6013447964003 -658.2229689902597 -652.2922234579687 -657.5017607699775 -657.5017607699775 -658.2229689902597 -647.8422024624988
-656.3398180463378 -651.5153921902792 -650.0901344412779 -654.699958874035 -649.6321038902146 -657.4105022396508 -655.5280968745209 -657.9668643318972 -645.9403859689595
-657.5334551796145 -652.1173664602843 -654.9267361734165 -652.3514700742937 -657.0800804300867 -653.1810728321593 -657.4155608976669 -655.0324670314996 -652.4104583088035
-656.308906467478 -657.713624393884 -658.128236864554 -655.964045056398 -652.445156138571 -657.958801825074 -661.043367704309 -650.955074326711 -658.309605357137
-657.373719314512 -654.9355175660914 -657.4466824886936 -655.1071603555637 -655.639882234465 -658.9306746166691 -659.0693863722471 -655.8743209877142 -655.9642460513129
-657.120554729193 -657.119217576547 -659.09322928772 -658.143579203901 -660.416334577425 -659.094967760461 -660.416367344711 -658.143999769585 -651.017275860591
-657.2972453703302 -655.9065524571121 -656.6828026312147 -658.5262677638291 -650.5595074144488 -653.5860729255993 -655.3890666516512 -656.5507051790805 -654.8380537825062
-657.3528475141588 -657.3528475141588 -657.5856201985819 -655.922773048241 -654.2607578107397 -659.3213160266038 -657.5856201985819 -659.3213160266038 -655.922773048241
-649.0191714674338 -649.8267524708143 -657.4658482622534 -648.0796676014462 -654.2953146408178 -656.2554281531472 -652.9597094720639 -657.4428774347698 -648.4878301580013
-658.2733445677791 -650.3552651372806 -657.1449362474419 -655.526014726483 -657.7771108859773 -656.590675917429 -657.9721162744207 -657.3638372918509 -654.6717345663111
-657.6986780910885 -657.6986780910885 -657.5267908831805 -647.2999807738357 -655.9826608448589 -657.6635063504459 -657.5267908831805 -657.6635063504459 -657.7677105325109
-647.240522050917 -647.838735852783 -659.738624827951 -651.205016968358 -658.60110775403 -652.18424566147 -660.661910806044 -658.885071084336 -642.222738221823
-656.565933299402 -656.565933299402 -652.5999288254784 -652.4802426615252 -658.5642694702278 -649.9436829700436 -652.5999288254784 -649.9436829700436 -658.5642694702278
-646.304417680282 -646.304420153355 -652.624909921851 -642.750428981324 -656.265266900183 -660.419540143968 -652.624521540359 -656.26516358525 -650.287469156225
-655.0210546882844 -657.9810218307925 -657.840876587677 -657.9750187559746 -658.1049836609996 -657.2607105410921 -657.2273577330627 -654.1631886953934 -655.6149059287219
-658.2227496852571 -656.9152079394619 -656.1520261087908 -658.7675610820992 -658.3603576461562 -657.5736873901898 -655.0333112435395 -657.2086691386269 -657.0245553241396
-657.348520658892 -658.377528370775 -658.827742002418 -657.971619338892 -658.499567956007 -656.956432859547 -652.846201593981 -660.56025448011 -658.529995357273
-657.8535804882767 -658.0930116756007 -657.7334551417606 -656.4000622350825 -649.7110612254376 -658.103675660535 -648.3182027489906 -657.731788696095 -656.4024217335268
-657.3022020572747 -656.9765392915018 -653.5389060430974 -651.6116849728452 -649.1346511487014 -654.8447824145302 -657.7224425006275 -656.9961074625446 -651.5011261099929
-657.9308984830933 -656.1508717306497 -654.9183845212416 -655.4728320602451 -657.0032508262001 -657.3919248587807 -657.1143180399159 -655.3864992673228 -658.263937675605
-649.733243120189 -648.355116029728 -659.59267713063 -648.171797835124 -657.303308389293 -658.958382604567 -651.797525003581 -653.840085297761 -649.139480208895
-656.5454625092572 -650.8294276777771 -658.0377819440199 -656.4551056300219 -658.250296509043 -657.933420878224 -656.1815330338447 -657.1036400011259 -650.9409516409473
-646.679552573906 -650.8377398421355 -654.9342762377167 -650.2411866128353 -657.3240464990402 -658.8206914322765 -657.7600439759095 -658.280976151166 -650.0782228300554
-649.23060094735 -642.34800813606 -656.80784111904 -648.14243071381 -652.252667997303 -657.731032632131 -659.731510710153 -651.411218404944 -647.256321537097
-656.8937052669581 -656.299585233089 -656.747136115241 -653.9699303592383 -656.5114810639913 -656.5114810639913 -656.22355722556 -656.747136115241 -656.299585233089
-655.2494634260021 -655.6483595443249 -656.6987106838682 -651.9609641826426 -658.8289534695675 -657.5445543453228 -656.436350500483 -658.2936002897636 -650.5446516724106
-650.9431642732792 -652.6104550546319 -656.5208380040463 -648.6460612228599 -657.9724895083347 -651.787664258392 -658.3123031879767 -658.0843984883645 -650.9051738927357
-650.7481750220201 -644.9900030673997 -657.9604241533033 -651.9771188613782 -657.2102140709383 -652.0136462259701 -658.4344019957488 -654.1980057945703 -649.8330367331237
-655.5473117659109 -658.8236823782483 -657.1526583437279 -657.7313709193545 -658.5985632506336 -656.7126604393156 -657.5763450457504 -656.6930163630734 -657.7210909227359
-652.3480272525312 -649.5615316925066 -656.5221902892404 -645.0790569819858 -651.5949118890487 -645.7576287289419 -656.5039684559505 -657.054558744273 -649.6043937828704
-651.0728985993861 -645.4686844745146 -654.4819618289614 -652.7675171198291 -647.8067259691667 -650.2342704636684 -655.8953257454873 -656.4449932371961 -653.5684394333367
-648.6063811876357 -650.7621171841902 -654.4108084142997 -644.6540014041236 -657.8204501036136 -650.9134946896305 -657.4036066441091 -658.3118847924147 -649.4290184903653
-658.5972436154519 -658.2911708021383 -658.5892154926682 -658.1537488766428 -657.9898146899636 -657.9274174453739 -658.3068966640578 -657.9240953644588 -658.0295355221836
-652.0128633947717 -650.2612888674428 -650.7424300490693 -646.0053259073646 -649.9518458080862 -646.8448786415645 -651.5688542154236 -656.48609051498 -649.0450686952815
-658.0083816523412 -657.5706212712649 -656.9556761823485 -656.4335957477223 -657.0185818931757 -658.4967769257769 -658.1881415948753 -656.1660503957512 -657.3682541643553
-658.1501050161975 -657.3656111094656 -658.1126139776784 -656.9507597061394 -658.0658532320762 -657.2032593492585 -657.3852593699812 -657.9986812335317 -659.0311578282822
-657.206395254722 -651.5123042052423 -658.3114930360248 -658.0746181136893 -654.1738062334899 -655.3467179938724 -658.1694570708271 -658.2092869198979 -656.8853099379538
-655.7389720432687 -650.5056024601639 -657.2722426913124 -654.2057654985367 -649.2059931723275 -658.4154662524279 -657.2522385235128 -658.285936364696 -652.7948340102892
-650.7388126244982 -653.8607532909625 -658.9376231007355 -657.0374879499545 -649.5186934770073 -657.55012885814 -653.194878002255 -657.797208865952 -651.650770058175
-652.2536195784355 -651.2586155606957 -651.2718811960532 -651.2851468314105 -649.6485824429852 -644.9047833219934 -657.5100880791533 -656.4816153386583 -644.9047833219934
-654.3970424194679 -645.9286497428953 -652.2082730900723 -650.6797521675591 -652.4435069005506 -656.8743069938574 -649.6906820846277 -657.2458126626129 -645.4315412186321
-647.0996268873944 -650.878073923529 -643.8526765542986 -649.5677591494524 -643.9973198391531 -654.8594795425679 -645.6102215525023 -654.9493897609057 -644.0759986923524
-649.092536436079 -645.425311097516 -642.782734613181 -648.8704186194409 -648.6830750712193 -658.4280501061181 -658.5693002987239 -649.0786659824232 -649.5271726652923
-658.296471044559 -658.296752634115 -658.296843176336 -658.296856000445 -660.19993555355 -660.199897177369 -660.199917161342 -660.200314521625 -657.45666645636
-656.0167587451133 -657.8768808729133 -657.899428527732 -656.0276923524336 -658.3940333502647 -656.2372444481273 -657.2965171670061 -659.529771857143 -657.2808328019828
-648.362175949966 -659.563318887924 -658.300350642408 -641.435888200798 -658.247301936275 -647.945006714533 -653.928553057943 -659.498516597571 -648.062913160807
-644.7711087154989 -654.4031136876165 -657.2415730424043 -648.6230471547599 -650.8256507677972 -646.9246340167238 -657.3769874500056 -657.1354302415447 -649.1138183099467
-646.8250969971463 -658.1661016370176 -656.5093311424107 -648.2328120072805 -648.9660686724491 -649.9330447394148 -657.1844638960657 -658.1099098120767 -648.6512852401711
-648.773160833157 -654.5218807290935 -648.773160833157 -651.2231985804248 -649.6487126131715 -649.6487126131715 -657.7978685011288 -658.6910883706747 -647.4931460704124
-651.7196836761055 -642.5459194880553 -642.5459194880553 -651.7196836761055 -650.0912482785819 -647.2666910980117 -659.1060721136412 -659.1060721136412 -648.5497632724102
-658.097920153506 -658.2558394294737 -658.2558394294737 -658.097920153506 -658.0936817237506 -658.1303568806854 -658.0936817237506 -658.1303568806854 -658.1104198543111
-649.663226804648 -649.924485895067 -649.663821208697 -649.924275169623 -647.532943173733 -647.533694417474 -650.370229802158 -652.422264425766 -650.371257898039
-649.0357598435877 -657.1173285024674 -649.0357598435877 -657.1173285024674 -649.9970702180892 -649.9970702180892 -649.3038333699254 -657.1895771254724 -649.3038333699254
