-656.4485490840676 -656.891151317279 -657.780409089221 -658.7998869883303 -658.1124669889579 -655.977933916903 -655.6721726216524
-657.4985600237583 -654.3794202566046 -657.4985600237583 -654.7003068656579 -654.7003068656579 -654.3794202566046 -655.8049512647871
-659.2719101559446 -656.6813013066305 -656.6813013066305 -659.2719101559446 -658.7335551920482 -655.7666576838706 -658.7335551920482
-657.8236580806567 -659.1796729470683 -659.1796729470683 -658.0546243037945 -660.0151775406666 -660.0533256852588 -658.5096029854205
-655.8331493711089 -659.5115217976028 -659.5115217976028 -655.8331493711089 -659.5115217976028 -659.5115217976028 -648.4477444701928
-657.3734291654498 -657.1043444821387 -657.1043444821387 -654.3314638629574 -656.289220308869 -656.1888589594677 -654.3314638629574
-655.1982263522448 -657.4969201035036 -657.0381194188578 -654.7040143221124 -657.0627290650709 -655.9238018877029 -654.6926778053878
-659.322398756804 -660.129245187453 -658.203695344233 -659.027695205231 -654.458780350156 -654.291936890385 -654.203511769876
-655.2605234310024 -657.6331826834285 -656.1886181626229 -657.5083858544122 -648.711740290108 -657.5011905764896 -655.205459538514
-659.264934361497 -652.808427428948 -655.698136371634 -661.702170149355 -654.640958808593 -652.398411588477 -653.695936421874
-654.3430093286923 -656.9427438113054 -654.0442371453444 -655.2374892260682 -655.9527374802473 -658.029751290776 -658.615579386771
-654.6306985908042 -658.5769333327635 -655.8710975527922 -656.0010099456163 -657.5513869919439 -655.6600252745027 -657.3330988811578
-659.773869832002 -659.285759136344 -659.471596159778 -658.683706395752 -660.587677817329 -654.994752063528 -652.828154593608
-656.7643107231584 -656.7954422363542 -656.1135060642581 -657.4392677354999 -655.1283062860462 -655.1292071602047 -655.3062648544696
-658.145362180574 -654.5778879208734 -658.8290834800953 -653.8855217694792 -654.5785530796009 -656.7591655514341 -658.105734814906
-654.3544155511777 -655.5032196479956 -659.7646148330965 -657.4550326733796 -657.4550721844975 -655.4517059306403 -657.9488012454108
-657.1070715667437 -659.1704060249601 -655.8855303735753 -658.6713025187444 -657.9552324411244 -655.9107381442925 -657.381495961707
-656.8656089607226 -653.078247704993 -655.1478271099454 -656.7828150717542 -657.1435966471918 -654.7332491026465 -655.1198020506508
-658.8136372340213 -656.3630110829366 -656.3630110829366 -657.798645338384 -657.7986420293396 -658.7599092790043 -658.4200897194122
-657.757485493668 -662.002767259235 -662.003101768923 -659.971501107331 -659.970605300056 -659.632748431222 -659.633196464931
-659.0571331259958 -659.191486432784 -658.5826498537139 -657.2415695479663 -659.0347625655694 -659.3058928293467 -658.9725937070248
-655.0620693141215 -659.0631267405598 -657.1605933224207 -659.3682347893849 -657.3377480950371 -658.9661307214736 -655.2901729871094
-659.5730549185048 -659.4638015872531 -657.9696724203117 -659.2703056303543 -659.8371227106888 -658.6823509759047 -659.647481902899
-658.9662089864173 -659.7611570763496 -659.308282288703 -659.5349078018231 -658.7755525596714 -658.5915360122727 -659.037483909267
-657.4387467834599 -656.898995276351 -659.003850655044 -655.9272018986538 -657.700765169175 -659.6416228761564 -656.852503811556
-654.0988752032033 -658.0247695288256 -658.9623707913171 -658.4714108366819 -657.056644875661 -659.2412645961489 -658.8593439286534
-657.1343485017189 -655.7783537402828 -656.7898541412937 -655.9454013830359 -657.2321398659977 -658.1760068454246 -656.1581194060813
-658.9803665052439 -658.9158111582542 -656.6789128780359 -658.3829773107732 -657.9875053540277 -655.4535366680301 -657.7031465292534
-657.824501470773 -655.168357318586 -653.476830739389 -656.197202347115 -654.958044903547 -657.875682331854 -653.580859299947
-657.8333935218612 -659.0543595595974 -656.8196393692754 -656.2124611179615 -659.7680517811787 -658.4147602481162 -660.1931795756661
-657.1087205405926 -657.1599532632825 -655.5577892462222 -657.9077443717681 -657.0634724701009 -656.5422423953638 -657.0693986637036
-658.5691330678179 -656.5884790543168 -657.097325402106 -648.3634336422065 -658.0286332140213 -657.2206781737997 -659.1586629068074
-654.6370271087885 -657.1486525212457 -655.6109295484898 -657.4578391113812 -657.2466861722274 -656.218853702595 -658.0208555410426
-657.7215282547368 -648.8517794506981 -656.0121618557492 -657.0675627078964 -656.2771971086831 -657.4192269526392 -657.7142422711145
-655.4805459295887 -655.2969279329129 -656.0028364600792 -658.6068076032097 -654.1350941260393 -654.5921361000428 -659.0319964171446
-653.7023601901418 -655.4488138203445 -654.1664936609833 -655.8225686032226 -655.9499365401157 -655.7262995532765 -656.5706991834383
-655.8290607125059 -655.8051141832855 -657.1587392737488 -658.6298848580373 -655.9716842042691 -647.8547319738914 -657.3053121170201
-657.9649161177085 -657.6860890576535 -659.8648855253326 -658.5431832330218 -657.613455116856 -658.0257811934723 -659.9121185863249
-661.659746769322 -657.6828501089 -659.318117127448 -653.710492403534 -658.784672424951 -654.460896837269 -659.105665003024
-657.4643066386861 -658.5578712317912 -659.4970503802938 -659.5087109619333 -656.4018250557436 -658.5917553138737 -658.6136018336265
-658.736857199741 -658.410768210698 -658.3428842635143 -658.177229717106 -658.6852200571776 -655.1181243012718 -656.1343929512083
-657.8787611597152 -658.0749497029965 -659.0485162585045 -659.0485162585045 -658.5507379875345 -658.0063894397779 -657.8487526168396
-656.8095750153377 -655.5025594354785 -657.6859099658399 -658.370478633803 -648.4884009694676 -655.1223908119207 -657.6859099658399
-657.0798411159833 -657.0798411159833 -655.1983401375192 -655.1983401375192 -657.8372609553745 -656.2875440086068 -657.8372609553745
-656.7560938835651 -656.7560938835651 -652.5455566925856 -652.5455566925856 -657.1640829384238 -648.40113991511 -657.1640829384238
-657.2797304982142 -656.7016056395656 -657.3885794928589 -655.6696022936652 -655.5600508014976 -656.2084768819914 -659.517364527023
-656.9267692511477 -658.6732544036823 -659.3620321124793 -658.9319829839162 -658.8540699341033 -656.4505667879326 -657.8852977257345
-655.8796925402562 -658.7093945434781 -655.5874345409943 -649.4030566684662 -655.6958526024075 -655.8606041086854 -655.5969864957373
-656.6648593776104 -658.002128089584 -657.3187218239595 -658.6695721729724 -655.8110594396468 -657.2686995481791 -656.18718312547
-655.9288348801238 -659.2122901735421 -657.7275352549384 -659.7637248339322 -657.8783111151268 -658.705324001308 -654.6029888638919
-651.0770821573944 -651.0770821573944 -651.0770821573944 -656.2110182751766 -651.0770821573944 -656.1249966842628 -657.461846368369
-658.2001327475767 -658.2001327475767 -654.5478365996462 -655.5326988689364 -655.5326988689364 -654.5478365996462 -658.9774189856965
-659.8529998957353 -659.8529998957353 -661.2001708353539 -661.2001708353539 -659.8678551644982 -659.8874718812863 -661.2001708353539
-659.4994793833083 -659.0605350148402 -659.7381892835881 -657.799449920593 -659.0605350148402 -657.4039877363634 -659.4621812302299
-658.8383205374032 -658.2748498505131 -658.3148446632437 -658.2423617744176 -658.7688900933291 -658.8681894785652 -658.9060774943068
-653.954804250897 -658.5426478525 -654.167123674733 -658.635031872589 -654.983934713609 -660.650680216158 -659.072956525202
-648.5914406743245 -656.79071846416 -657.5821560281083 -658.1767597866274 -657.7736575567727 -656.69482702511 -656.2861521930307
-657.3177034592173 -653.8907972127918 -648.2328638567466 -657.6863192081212 -657.6863192081212 -659.2415746700452 -659.2415746700452
-659.5701199626898 -659.4285874144646 -648.4002624324859 -656.203188781983 -656.203188781983 -658.6148497743333 -655.9007607356663
-659.0553576945777 -654.8728399506118 -656.6443652399676 -657.9314868374661 -655.1068746108743 -656.9390062875614 -659.0747434275086
-651.750572455217 -658.291117876948 -647.812855623544 -658.290731102026 -662.000283103591 -651.750482144711 -658.012543901227
-654.3174790650158 -654.3174790650158 -649.8687691413107 -654.6389026203824 -655.8208861419253 -655.8208861419253 -654.6389026203824
-656.844709122886 -655.8126988836142 -655.8126988836142 -657.4763179959772 -657.0142556380664 -657.0397705006023 -646.1819284238458
-653.9470485061839 -658.993007220985 -654.1202207515324 -657.498538312783 -656.663865476859 -656.6418966013417 -650.6617481880534
-649.964618770068 -649.216695080804 -649.802299553354 -661.496708084447 -661.777034142504 -655.071618135755 -642.904620205021
-653.3874718656252 -646.0263848172875 -653.4801483585584 -652.2288995847065 -658.2633615276424 -659.4203099669858 -657.3953984634254
-653.9111337365516 -656.2789106629172 -658.9710211274753 -659.556754274667 -657.6739935654529 -659.0339058547552 -650.6115535701191
-654.0192652372932 -650.838715871398 -653.9340745875616 -655.9832689936582 -656.1976264194537 -655.9832689936582 -653.9885681629695
-643.43430424704 -643.434192112482 -648.030410904162 -655.676681253191 -653.065971004069 -653.065813020171 -650.520761096207
-656.7034710463334 -658.1196776776665 -654.9633972456056 -656.2075850404773 -656.840524784423 -656.6076158749694 -648.6870889053159
-659.0371709280248 -657.6079166764146 -650.4467203424383 -657.3441157277542 -655.4204158443483 -656.4427547222376 -645.2730645963535
-658.195425597335 -658.195425597335 -658.4494554209456 -656.8266887821609 -656.5111144128949 -656.5111144128949 -656.8266887821609
-653.7343550923873 -649.3046941577599 -652.8193905009621 -657.632525719468 -657.8068231750473 -657.7490146817395 -647.6063307706706
-657.201573461089 -658.9346586470696 -656.8855316789784 -659.1201645483259 -655.5675765897687 -656.5870231925277 -655.7153327753532
-651.5279727695503 -651.5279727695503 -647.7253065004478 -656.7123223891866 -645.6776511416388 -656.7123223891866 -648.1478092489378
-658.6883398438584 -659.3883240746736 -656.3805589997792 -659.3797272413907 -656.7690973592621 -654.9997614134086 -659.3822259947017
-655.9844666462119 -657.322714430186 -656.8783484263761 -655.8528739219379 -657.8042460408036 -653.9118098856945 -657.6051417251803
-658.8703545528532 -658.5152396919683 -658.8662954625345 -656.7042557260368 -658.7753455199556 -659.0525261806899 -658.851807623587
-658.3776099930698 -658.3776099930698 -655.7272522452714 -659.5629697321289 -655.7272522452714 -659.5629697321289 -655.7668079426018
-658.6996326947614 -658.8141855334636 -656.4131057285133 -658.6735089846202 -658.6643439796369 -655.6656988481816 -658.9486808121218
-657.6607403114715 -655.2426565303908 -656.5055608009139 -655.4126764378697 -656.9881953924706 -656.4618818512454 -655.2437603806425
-646.7960097574421 -645.7621798195141 -643.9233022734246 -643.9233022734246 -645.7621798195141 -645.238949523064 -645.2816432356587
