-647.3842263999966 -650.4458167861668 -655.8205221167836 -651.0048975339952 -650.8276364993211 -650.7209104428988 -653.8363552879214 -655.8732524128953 -650.7962219888921 -653.8580040548592 -651.9253897261901
-656.045622590811 -656.046083012659 -660.839077839805 -657.350825532048 -657.351198344079 -657.351562738218 -657.351024767777 -657.11521886989 -657.427417949105 -657.427248414002 -657.115142512738
-648.3977144673688 -648.3977144673688 -656.2936550882243 -653.5587640570391 -654.6451831669605 -653.4165581333829 -652.6658009953168 -656.2936550882243 -652.6658009953168 -654.6451831669605 -643.7021757458937
-652.0580963308871 -649.0876960217173 -652.000261019912 -649.3258704479845 -653.0271871643477 -652.372735678555 -650.1268794426461 -656.2688662140698 -656.297134145707 -657.7337173382123 -646.4799491203072
-657.6398736059696 -656.8356321538115 -654.5122626956178 -657.8665134817564 -653.1619247451044 -654.4704916864232 -657.8302374538553 -656.8432271067838 -658.3637172710913 -654.6929012038722 -652.1904225476379
-649.2282501315476 -647.8224550649568 -655.3634532177779 -657.3518571757103 -650.290071568871 -656.2641482243098 -651.6401516924202 -658.1849060411892 -651.9891270037191 -655.9206917743574 -648.2282648609155
-646.686274604868 -647.328845971707 -657.973615304412 -659.399775653808 -649.536019220871 -657.2722407581 -657.25182626398 -657.439534790181 -658.206838026126 -657.935500726908 -648.365736983916
-646.326579815864 -646.951966886301 -657.721363302801 -658.227079105757 -649.420683728691 -656.204174582743 -658.09549489655 -658.290909244508 -659.121715501038 -656.018449035854 -646.847915873881
-649.7963915161756 -653.0817702685001 -655.33013016671 -654.1420595826958 -649.581689614598 -652.615954852805 -651.0627444012931 -649.7802150740745 -656.2238823470932 -656.2193306652913 -648.8005514113199
-649.2796534908036 -648.6238641464477 -654.2653021020825 -656.3392606939226 -649.7187918791698 -649.4359534788324 -651.684300777394 -649.447438575889 -655.7751966138729 -653.9762800356433 -649.307873365292
-655.1935971418678 -654.0739696897463 -653.3288561168966 -650.8263727125418 -654.4210847031198 -655.3467742227726 -650.8293902190542 -649.2962998904756 -648.7965485779591 -653.3288561168966 -657.9628965622036
-646.7376628998096 -646.980976283158 -648.5394970139114 -648.4114447344106 -648.378892465175 -650.1598748915411 -650.2049254999566 -647.0272777225562 -655.943628775552 -655.4933035581265 -647.265867439972
-646.9905749274493 -645.073254787525 -648.0378334377193 -650.1462983425614 -647.7823120182381 -650.3640953335481 -654.650733549115 -644.3083196340241 -650.3558231029741 -657.1117881976769 -642.9855194224372
-646.0568586963035 -643.7639967711858 -650.2350179029621 -656.5967008640092 -650.9440657360808 -650.1155153504835 -655.7250593461825 -657.1591557369933 -648.8289706882738 -653.3452234245061 -643.0955884335476
-637.429839407961 -648.843012340077 -648.379852116702 -658.557199584363 -647.36562724985 -648.365845421543 -657.283789117562 -647.563920718401 -658.472356192211 -660.750568663855 -648.952886396863
-652.9571050479078 -658.047434037598 -657.8879390190787 -648.4901472435741 -652.842677360631 -648.5216860265957 -658.0871332195811 -656.8375127097223 -659.7549936974838 -657.8781862954842 -650.0793851033142
-649.9331175807708 -649.8139371780609 -649.5708745029474 -653.759151128849 -650.6998993065929 -651.006896566958 -653.6946531045659 -656.9990550652469 -657.5860135215273 -658.6805164370712 -642.4840642944747
-648.954668492757 -648.954365258596 -648.955113037725 -648.955061572817 -649.515763443123 -659.278777062751 -649.515917220565 -659.278274698273 -659.278957468543 -659.278688329438 -640.258047732405
-650.6883887370891 -653.1563308432598 -654.6088740873203 -647.9671615241524 -650.6884608752443 -652.474098571328 -648.9223307752026 -656.1095123121777 -657.4112005892262 -658.0235389827492 -642.9545634748206
-658.0862515100885 -653.2793858002756 -658.0862515100885 -653.350937380903 -653.004791798609 -653.2793858002756 -653.004791798609 -653.350937380903 -652.9590408369897 -658.0862515100885 -658.0862515100885
-652.4098371470272 -657.8532352994803 -657.1635541833432 -653.3893196811046 -657.1760191870673 -652.1369812477693 -657.876228527171 -657.4977930645323 -657.8532352994803 -648.4083850777464 -650.3771320249849
-657.1244039606519 -657.1244039606519 -657.1244039606519 -657.1244039606519 -656.0212072645819 -657.0870020000765 -657.0870020000765 -656.0212072645819 -657.0870020000765 -657.0870020000765 -656.4820752371547
-649.6876720776722 -657.8250563808735 -657.205849787748 -650.3743169883587 -657.8029809039166 -649.485887584245 -647.1682744659157 -657.4263708793634 -657.7683243836298 -649.7187251111081 -648.1601834151436
-647.849395479011 -649.101118474704 -647.849255155213 -649.101074200497 -658.637337162759 -651.046500857782 -651.046633420191 -661.023449315214 -659.505754219867 -659.505729708867 -637.950133506183
-651.7572297356986 -647.9347569442407 -647.9347569442407 -651.7572297356986 -656.7601162358368 -648.0871010713358 -646.6527440974983 -652.4379338213562 -656.7601162358368 -652.4379338213562 -648.5837694459001
-653.0448676945089 -647.0421921789269 -647.8309427187176 -650.4816902997359 -649.0974655979401 -650.2917911444723 -657.7268748952149 -645.1938053749346 -657.8986282848173 -656.0939154160499 -648.4794338129823
-648.8881172944207 -658.6661033692662 -647.5353530708267 -649.460982758621 -648.3029861318936 -648.6545362708983 -649.9448939187356 -649.8610397366019 -658.702567341293 -659.0109407710469 -645.3080956528897
-649.239018890976 -647.787496126611 -649.239211863696 -647.787795211706 -659.326895334923 -647.551029959579 -647.551305600291 -659.327185540114 -648.007174809128 -650.684033650176 -648.007391893591
-648.0181312383776 -648.0500583460387 -648.0181312383776 -648.0500583460387 -648.5779852245358 -649.1863048044196 -649.1863048044196 -648.5779852245358 -646.1735257266356 -655.6125832202493 -646.1735257266356
-648.4038571320419 -649.8803917308123 -644.6489774580691 -658.4007216368213 -647.894034946066 -650.6513257110736 -658.3019767354953 -647.9653899395512 -649.8577058265331 -659.1907282147273 -658.3641522707939
-643.0368041693444 -648.9928458890225 -643.0368041693444 -648.9928458890225 -649.0530917513421 -647.1760152034809 -647.1760152034809 -648.8823374778467 -643.206819220812 -645.0039778200749 -648.8823374778467
-645.7733839167721 -648.7375250083596 -643.9226831127204 -653.2924368907933 -646.2896577956218 -651.0657876407647 -648.9292878521971 -657.1232947939519 -649.5513403994918 -648.3266890949784 -648.7391258368086
-648.0032278310499 -655.1331980682872 -645.517885910025 -647.8911944331903 -642.6125828801659 -648.1303003211017 -642.4708736130034 -652.2772676351354 -648.1964319157101 -647.7677842897681 -646.0130941254889
-648.432421464267 -645.7345119956177 -647.3201155286124 -642.6284863664042 -657.5883318647693 -648.0310320227914 -642.4811234603604 -648.7439043738545 -644.5732330480085 -657.391983272147 -644.5930610725136
-649.3637992394723 -649.8556534810276 -658.3628240763815 -648.6580786548991 -643.4716836873303 -648.6580786548991 -658.3628240763815 -649.3637992394723 -658.3033366307764 -658.3033366307764 -641.0030574369881
