x 300 873 1273 1673  Infinity
  -680.000  0.000000E+00  0.000000E+00  0.000000E+00  0.000000E+00  0.000000E+00
  -679.900  0.000000E+00  0.000000E+00  0.000000E+00  0.000000E+00  0.000000E+00
  -679.800  0.000000E+00  0.000000E+00  0.000000E+00  0.000000E+00  0.000000E+00
  -679.700  0.000000E+00  0.000000E+00  0.000000E+00  0.000000E+00  0.000000E+00
  -679.600  0.000000E+00  0.000000E+00  0.000000E+00  0.000000E+00  0.000000E+00
  -679.500  0.000000E+00  0.000000E+00  0.000000E+00  0.000000E+00  0.000000E+00
  -679.400  0.000000E+00  0.000000E+00  0.000000E+00  0.000000E+00  0.000000E+00
  -679.300  0.000000E+00  0.000000E+00  0.000000E+00  0.000000E+00  0.000000E+00
  -679.200  0.000000E+00  0.000000E+00  0.000000E+00  0.000000E+00  0.000000E+00
  -679.100  0.000000E+00  0.000000E+00  0.000000E+00  0.000000E+00  0.000000E+00
  -679.000  0.000000E+00  0.000000E+00  0.000000E+00  0.000000E+00  0.000000E+00
  -678.900  0.000000E+00  0.000000E+00  0.000000E+00  0.000000E+00  0.000000E+00
  -678.800  0.000000E+00  0.000000E+00  0.000000E+00  0.000000E+00  0.000000E+00
  -678.700  0.000000E+00  0.000000E+00  0.000000E+00  0.000000E+00  0.000000E+00
  -678.600  0.000000E+00  0.000000E+00  0.000000E+00  0.000000E+00  0.000000E+00
  -678.500  0.000000E+00  0.000000E+00  0.000000E+00  0.000000E+00  0.000000E+00
  -678.400  0.000000E+00  0.000000E+00  0.000000E+00  0.000000E+00  0.000000E+00
  -678.300  0.000000E+00  0.000000E+00  0.000000E+00  0.000000E+00  0.000000E+00
  -678.200  0.000000E+00  0.000000E+00  0.000000E+00  0.000000E+00  0.000000E+00
  -678.100  0.000000E+00  0.000000E+00  0.000000E+00  0.000000E+00  0.000000E+00
  -678.000  0.000000E+00  0.000000E+00  0.000000E+00  0.000000E+00  0.000000E+00
  -677.900  0.000000E+00  0.000000E+00  0.000000E+00  0.000000E+00  0.000000E+00
  -677.800  0.000000E+00  0.000000E+00  0.000000E+00  0.000000E+00  0.000000E+00
  -677.700  0.000000E+00  0.000000E+00  0.000000E+00  0.000000E+00  0.000000E+00
  -677.600  0.000000E+00  0.000000E+00  0.000000E+00  0.000000E+00  0.000000E+00
  -677.500  0.000000E+00  0.000000E+00  0.000000E+00  0.000000E+00  0.000000E+00
  -677.400  0.000000E+00  0.000000E+00  0.000000E+00  0.000000E+00  0.000000E+00
  -677.300  0.000000E+00  0.000000E+00  0.000000E+00  0.000000E+00  0.000000E+00
  -677.200  0.000000E+00  0.000000E+00  0.000000E+00  0.000000E+00  0.000000E+00
  -677.100  0.000000E+00  0.000000E+00  0.000000E+00  0.000000E+00  0.000000E+00
  -677.000  0.000000E+00  0.000000E+00  0.000000E+00  0.000000E+00  0.000000E+00
  -676.900  0.000000E+00  0.000000E+00  0.000000E+00  0.000000E+00  0.000000E+00
  -676.800  0.000000E+00  0.000000E+00  0.000000E+00  0.000000E+00  0.000000E+00
  -676.700  0.000000E+00  0.000000E+00  0.000000E+00  0.000000E+00  0.000000E+00
  -676.600  0.000000E+00  0.000000E+00  0.000000E+00  0.000000E+00  0.000000E+00
  -676.500  0.000000E+00  0.000000E+00  0.000000E+00  0.000000E+00  0.000000E+00
  -676.400  0.000000E+00  0.000000E+00  0.000000E+00  0.000000E+00  0.000000E+00
  -676.300  0.000000E+00  0.000000E+00  0.000000E+00  0.000000E+00  0.000000E+00
  -676.200  0.000000E+00  0.000000E+00  0.000000E+00  0.000000E+00  0.000000E+00
  -676.100  0.000000E+00  0.000000E+00  0.000000E+00  0.000000E+00  0.000000E+00
  -676.000  0.000000E+00  0.000000E+00  0.000000E+00  0.000000E+00  0.000000E+00
  -675.900  0.000000E+00  0.000000E+00  0.000000E+00  0.000000E+00  0.000000E+00
  -675.800  0.000000E+00  0.000000E+00  0.000000E+00  0.000000E+00  0.000000E+00
  -675.700  0.000000E+00  0.000000E+00  0.000000E+00  0.000000E+00  0.000000E+00
  -675.600  0.000000E+00  0.000000E+00  0.000000E+00  0.000000E+00  0.000000E+00
  -675.500  0.000000E+00  0.000000E+00  0.000000E+00  0.000000E+00  0.000000E+00
  -675.400  0.000000E+00  0.000000E+00  0.000000E+00  0.000000E+00  0.000000E+00
  -675.300  0.000000E+00  0.000000E+00  0.000000E+00  0.000000E+00  0.000000E+00
  -675.200  0.000000E+00  0.000000E+00  0.000000E+00  0.000000E+00  0.000000E+00
  -675.100  0.000000E+00  0.000000E+00  0.000000E+00  0.000000E+00  0.000000E+00
  -675.000  0.000000E+00  0.000000E+00  0.000000E+00  0.000000E+00  0.000000E+00
  -674.900  0.000000E+00  0.000000E+00  0.000000E+00  0.000000E+00  0.000000E+00
  -674.800  0.000000E+00  0.000000E+00  0.000000E+00  0.000000E+00  0.000000E+00
  -674.700  0.000000E+00  0.000000E+00  0.000000E+00  0.000000E+00  0.000000E+00
  -674.600  0.000000E+00  0.000000E+00  0.000000E+00  0.000000E+00  0.000000E+00
  -674.500  0.000000E+00  0.000000E+00  0.000000E+00  0.000000E+00  0.000000E+00
  -674.400  0.000000E+00  0.000000E+00  0.000000E+00  0.000000E+00  0.000000E+00
  -674.300  0.000000E+00  0.000000E+00  0.000000E+00  0.000000E+00  0.000000E+00
  -674.200  0.000000E+00  0.000000E+00  0.000000E+00  0.000000E+00  0.000000E+00
  -674.100  0.000000E+00  0.000000E+00  0.000000E+00  0.000000E+00  0.000000E+00
  -674.000  0.000000E+00  0.000000E+00  0.000000E+00  0.000000E+00  0.000000E+00
  -673.900  0.000000E+00  0.000000E+00  0.000000E+00  0.000000E+00  0.000000E+00
  -673.800  0.000000E+00  0.000000E+00  0.000000E+00  0.000000E+00  0.000000E+00
  -673.700  0.000000E+00  0.000000E+00  0.000000E+00  0.000000E+00  0.000000E+00
  -673.600  0.000000E+00  0.000000E+00  0.000000E+00  0.000000E+00  0.000000E+00
  -673.500  0.000000E+00  0.000000E+00  0.000000E+00  0.000000E+00  0.000000E+00
  -673.400  0.000000E+00  0.000000E+00  0.000000E+00  0.000000E+00  0.000000E+00
  -673.300  0.000000E+00  0.000000E+00  0.000000E+00  0.000000E+00  0.000000E+00
  -673.200  0.000000E+00  0.000000E+00  0.000000E+00  0.000000E+00  0.000000E+00
  -673.100  0.000000E+00  0.000000E+00  0.000000E+00  0.000000E+00  0.000000E+00
  -673.000  0.000000E+00  0.000000E+00  0.000000E+00  0.000000E+00  0.000000E+00
  -672.900  0.000000E+00  0.000000E+00  0.000000E+00  0.000000E+00  0.000000E+00
  -672.800  0.000000E+00  0.000000E+00  0.000000E+00  0.000000E+00  0.000000E+00
  -672.700  0.000000E+00  0.000000E+00  0.000000E+00  0.000000E+00  0.000000E+00
  -672.600  0.000000E+00  0.000000E+00  0.000000E+00  0.000000E+00  0.000000E+00
  -672.500  0.000000E+00  0.000000E+00  0.000000E+00  0.000000E+00  0.000000E+00
  -672.400  0.000000E+00  0.000000E+00  0.000000E+00  0.000000E+00  0.000000E+00
  -672.300  0.000000E+00  0.000000E+00  0.000000E+00  0.000000E+00  0.000000E+00
  -672.200  0.000000E+00  0.000000E+00  0.000000E+00  0.000000E+00  0.000000E+00
  -672.100  0.000000E+00  0.000000E+00  0.000000E+00  0.000000E+00  0.000000E+00
  -672.000  0.000000E+00  0.000000E+00  0.000000E+00  0.000000E+00  0.000000E+00
  -671.900  0.000000E+00  0.000000E+00  0.000000E+00  0.000000E+00  0.000000E+00
  -671.800  0.000000E+00  0.000000E+00  0.000000E+00  0.000000E+00  0.000000E+00
  -671.700  0.000000E+00  0.000000E+00  0.000000E+00  0.000000E+00  0.000000E+00
  -671.600  0.000000E+00  0.000000E+00  0.000000E+00  0.000000E+00  0.000000E+00
  -671.500  0.000000E+00  0.000000E+00  0.000000E+00  0.000000E+00  0.000000E+00
  -671.400  0.000000E+00  0.000000E+00  0.000000E+00  0.000000E+00  0.000000E+00
  -671.300  0.000000E+00  0.000000E+00  0.000000E+00  0.000000E+00  0.000000E+00
  -671.200  0.000000E+00  0.000000E+00  0.000000E+00  0.000000E+00  0.000000E+00
  -671.100  0.000000E+00  0.000000E+00  0.000000E+00  0.000000E+00  0.000000E+00
  -671.000  0.000000E+00  0.000000E+00  0.000000E+00  0.000000E+00  0.000000E+00
  -670.900  0.000000E+00  0.000000E+00  0.000000E+00  0.000000E+00  0.000000E+00
  -670.800  0.000000E+00  0.000000E+00  0.000000E+00  0.000000E+00  0.000000E+00
  -670.700  0.000000E+00  0.000000E+00  0.000000E+00  0.000000E+00  0.000000E+00
  -670.600  0.000000E+00  0.000000E+00  0.000000E+00  0.000000E+00  0.000000E+00
  -670.500  0.000000E+00  0.000000E+00  0.000000E+00  0.000000E+00  0.000000E+00
  -670.400  0.000000E+00  0.000000E+00  0.000000E+00  0.000000E+00  0.000000E+00
  -670.300  0.000000E+00  0.000000E+00  0.000000E+00  0.000000E+00  0.000000E+00
  -670.200  0.000000E+00  0.000000E+00  0.000000E+00  0.000000E+00  0.000000E+00
  -670.100  0.000000E+00  0.000000E+00  0.000000E+00  0.000000E+00  0.000000E+00
  -670.000  0.000000E+00  0.000000E+00  0.000000E+00  0.000000E+00  0.000000E+00
  -669.900  0.000000E+00  0.000000E+00  0.000000E+00  0.000000E+00  0.000000E+00
  -669.800  0.000000E+00  0.000000E+00  0.000000E+00  0.000000E+00  0.000000E+00
  -669.700  0.000000E+00  0.000000E+00  0.000000E+00  0.000000E+00  0.000000E+00
  -669.600  0.000000E+00  0.000000E+00  0.000000E+00  0.000000E+00  0.000000E+00
  -669.500  0.000000E+00  0.000000E+00  0.000000E+00  0.000000E+00  0.000000E+00
  -669.400  0.000000E+00  0.000000E+00  0.000000E+00  0.000000E+00  0.000000E+00
  -669.300  0.000000E+00  0.000000E+00  0.000000E+00  0.000000E+00  0.000000E+00
  -669.200  0.000000E+00  0.000000E+00  0.000000E+00  0.000000E+00  0.000000E+00
  -669.100  0.000000E+00  0.000000E+00  0.000000E+00  0.000000E+00  0.000000E+00
  -669.000  0.000000E+00  0.000000E+00  0.000000E+00  0.000000E+00  0.000000E+00
  -668.900  0.000000E+00  0.000000E+00  0.000000E+00  0.000000E+00  0.000000E+00
  -668.800  0.000000E+00  0.000000E+00  0.000000E+00  0.000000E+00  0.000000E+00
  -668.700  0.000000E+00  0.000000E+00  0.000000E+00  0.000000E+00  0.000000E+00
  -668.600  0.000000E+00  0.000000E+00  0.000000E+00  0.000000E+00  0.000000E+00
  -668.500  0.000000E+00  0.000000E+00  0.000000E+00  0.000000E+00  0.000000E+00
  -668.400  0.000000E+00  0.000000E+00  0.000000E+00  0.000000E+00  0.000000E+00
  -668.300  0.000000E+00  0.000000E+00  0.000000E+00  0.000000E+00  0.000000E+00
  -668.200  0.000000E+00  0.000000E+00  0.000000E+00  0.000000E+00  0.000000E+00
  -668.100  0.000000E+00  0.000000E+00  0.000000E+00  0.000000E+00  0.000000E+00
  -668.000  0.000000E+00  0.000000E+00  0.000000E+00  0.000000E+00  0.000000E+00
  -667.900  0.000000E+00  0.000000E+00  0.000000E+00  0.000000E+00  0.000000E+00
  -667.800  0.000000E+00  0.000000E+00  0.000000E+00  0.000000E+00  0.000000E+00
  -667.700  0.000000E+00  0.000000E+00  0.000000E+00  0.000000E+00  0.000000E+00
  -667.600  0.000000E+00  0.000000E+00  0.000000E+00  0.000000E+00  0.000000E+00
  -667.500  0.000000E+00  0.000000E+00  0.000000E+00  0.000000E+00  0.000000E+00
  -667.400  0.000000E+00  0.000000E+00  0.000000E+00  0.000000E+00  0.000000E+00
  -667.300  0.000000E+00  0.000000E+00  0.000000E+00  0.000000E+00  0.000000E+00
  -667.200  0.000000E+00  0.000000E+00  0.000000E+00  0.000000E+00  0.000000E+00
  -667.100  0.000000E+00  0.000000E+00  0.000000E+00  0.000000E+00  0.000000E+00
  -667.000  0.000000E+00  0.000000E+00  0.000000E+00  0.000000E+00  0.000000E+00
  -666.900  0.000000E+00  0.000000E+00  0.000000E+00  0.000000E+00  0.000000E+00
  -666.800  0.000000E+00  0.000000E+00  0.000000E+00  0.000000E+00  0.000000E+00
  -666.700  0.000000E+00  0.000000E+00  0.000000E+00  0.000000E+00  0.000000E+00
  -666.600  0.000000E+00  0.000000E+00  0.000000E+00  0.000000E+00  0.000000E+00
  -666.500  0.106557E-04  0.110020E-04  0.107346E-04  0.105663E-04  0.991907E-05
  -666.400  0.175309E-04  0.181561E-04  0.177176E-04  0.174406E-04  0.163714E-04
  -666.300  0.262290E-04  0.273282E-04  0.266847E-04  0.262747E-04  0.246808E-04
  -666.200  0.383067E-04  0.398877E-04  0.389552E-04  0.383612E-04  0.360522E-04
  -666.100  0.567204E-04  0.592915E-04  0.579423E-04  0.570763E-04  0.536858E-04
  -666.000  0.818772E-04  0.863940E-04  0.845578E-04  0.833616E-04  0.786184E-04
  -665.900  0.120026E-03  0.126411E-03  0.123679E-03  0.121905E-03  0.114885E-03
  -665.800  0.167233E-03  0.177016E-03  0.173320E-03  0.170898E-03  0.161246E-03
  -665.700  0.234585E-03  0.249307E-03  0.244228E-03  0.240876E-03  0.227426E-03
  -665.600  0.323176E-03  0.345672E-03  0.338979E-03  0.334504E-03  0.316355E-03
  -665.500  0.440677E-03  0.472842E-03  0.463895E-03  0.457872E-03  0.433315E-03
  -665.400  0.592092E-03  0.638322E-03  0.626704E-03  0.618799E-03  0.586295E-03
  -665.300  0.786035E-03  0.850701E-03  0.835738E-03  0.825461E-03  0.782877E-03
  -665.200  0.102881E-02  0.111813E-02  0.109920E-02  0.108607E-02  0.103119E-02
  -665.100  0.133095E-02  0.145205E-02  0.142834E-02  0.141171E-02  0.134166E-02
  -665.000  0.169975E-02  0.186200E-02  0.183294E-02  0.181230E-02  0.172457E-02
  -664.900  0.214793E-02  0.236128E-02  0.232596E-02  0.230058E-02  0.219172E-02
  -664.800  0.268000E-02  0.295649E-02  0.291419E-02  0.288340E-02  0.275016E-02
  -664.700  0.330261E-02  0.365721E-02  0.360766E-02  0.357102E-02  0.341076E-02
  -664.600  0.402563E-02  0.447347E-02  0.441634E-02  0.437340E-02  0.418346E-02
  -664.500  0.484915E-02  0.540696E-02  0.534214E-02  0.529252E-02  0.507034E-02
  -664.400  0.577469E-02  0.646013E-02  0.638807E-02  0.633174E-02  0.607614E-02
  -664.300  0.680316E-02  0.763608E-02  0.755779E-02  0.749503E-02  0.720580E-02
  -664.200  0.792710E-02  0.892811E-02  0.884525E-02  0.877672E-02  0.845507E-02
  -664.100  0.914220E-02  0.103322E-01  0.102471E-01  0.101739E-01  0.982280E-02
  -664.000  0.104342E-01  0.118354E-01  0.117516E-01  0.116755E-01  0.113003E-01
  -663.900  0.117938E-01  0.134293E-01  0.133512E-01  0.132745E-01  0.128826E-01
  -663.800  0.132052E-01  0.151020E-01  0.150356E-01  0.149617E-01  0.145641E-01
  -663.700  0.146495E-01  0.168359E-01  0.167885E-01  0.167213E-01  0.163316E-01
  -663.600  0.161089E-01  0.186169E-01  0.185974E-01  0.185419E-01  0.181773E-01
  -663.500  0.175708E-01  0.204380E-01  0.204570E-01  0.204192E-01  0.201002E-01
  -663.400  0.190121E-01  0.222857E-01  0.223560E-01  0.223429E-01  0.220941E-01
  -663.300  0.204229E-01  0.241556E-01  0.242916E-01  0.243114E-01  0.241604E-01
  -663.200  0.217900E-01  0.260494E-01  0.262683E-01  0.263305E-01  0.263096E-01
  -663.100  0.231060E-01  0.279683E-01  0.282888E-01  0.284036E-01  0.285473E-01
  -663.000  0.243660E-01  0.299248E-01  0.303683E-01  0.305473E-01  0.308946E-01
  -662.900  0.255716E-01  0.319336E-01  0.325231E-01  0.327789E-01  0.333709E-01
  -662.800  0.267328E-01  0.340238E-01  0.347850E-01  0.351312E-01  0.360127E-01
  -662.700  0.278557E-01  0.362151E-01  0.371752E-01  0.376264E-01  0.388447E-01
  -662.600  0.289667E-01  0.385498E-01  0.397378E-01  0.403089E-01  0.419122E-01
  -662.500  0.300874E-01  0.410654E-01  0.425119E-01  0.432192E-01  0.452589E-01
  -662.400  0.312504E-01  0.438101E-01  0.455475E-01  0.464079E-01  0.489372E-01
  -662.300  0.324962E-01  0.468319E-01  0.488931E-01  0.499235E-01  0.529958E-01
  -662.200  0.338601E-01  0.501789E-01  0.525984E-01  0.538166E-01  0.574880E-01
  -662.100  0.354017E-01  0.539238E-01  0.567375E-01  0.581620E-01  0.624902E-01
  -662.000  0.371720E-01  0.581207E-01  0.613650E-01  0.630145E-01  0.680580E-01
  -661.900  0.392335E-01  0.628442E-01  0.665568E-01  0.684508E-01  0.742705E-01
  -661.800  0.416539E-01  0.681647E-01  0.723839E-01  0.745421E-01  0.811997E-01
  -661.700  0.444934E-01  0.741582E-01  0.789245E-01  0.813678E-01  0.889283E-01
  -661.600  0.478322E-01  0.809075E-01  0.862617E-01  0.890112E-01  0.975406E-01
  -661.500  0.517366E-01  0.884863E-01  0.944706E-01  0.975479E-01  0.107113E+00
  -661.400  0.562788E-01  0.969848E-01  0.103643E+00  0.107071E+00  0.117743E+00
  -661.300  0.615323E-01  0.106477E+00  0.113854E+00  0.117655E+00  0.129503E+00
  -661.200  0.675574E-01  0.117041E+00  0.125183E+00  0.129380E+00  0.142476E+00
  -661.100  0.744239E-01  0.128753E+00  0.137705E+00  0.142323E+00  0.156736E+00
  -661.000  0.821795E-01  0.141668E+00  0.151477E+00  0.156537E+00  0.172334E+00
  -660.900  0.908618E-01  0.155833E+00  0.166544E+00  0.172069E+00  0.189315E+00
  -660.800  0.100516E+00  0.171283E+00  0.182937E+00  0.188949E+00  0.207700E+00
  -660.700  0.111162E+00  0.188035E+00  0.200674E+00  0.207190E+00  0.227497E+00
  -660.600  0.122791E+00  0.206070E+00  0.219728E+00  0.226765E+00  0.248667E+00
  -660.500  0.135412E+00  0.225361E+00  0.240066E+00  0.247636E+00  0.271158E+00
  -660.400  0.148987E+00  0.245843E+00  0.261617E+00  0.269726E+00  0.294880E+00
  -660.300  0.163495E+00  0.267442E+00  0.284293E+00  0.292946E+00  0.319721E+00
  -660.200  0.178880E+00  0.290046E+00  0.307974E+00  0.317166E+00  0.345535E+00
  -660.100  0.195093E+00  0.313532E+00  0.332522E+00  0.342242E+00  0.372152E+00
  -660.000  0.212083E+00  0.337759E+00  0.357781E+00  0.368009E+00  0.399383E+00
  -659.900  0.229783E+00  0.362574E+00  0.383582E+00  0.394291E+00  0.427025E+00
  -659.800  0.248139E+00  0.387818E+00  0.409749E+00  0.420903E+00  0.454864E+00
  -659.700  0.267102E+00  0.413340E+00  0.436113E+00  0.447665E+00  0.482697E+00
  -659.600  0.286628E+00  0.438981E+00  0.462497E+00  0.474394E+00  0.510310E+00
  -659.500  0.306681E+00  0.464606E+00  0.488749E+00  0.500928E+00  0.537520E+00
  -659.400  0.327220E+00  0.490087E+00  0.514729E+00  0.527121E+00  0.564159E+00
  -659.300  0.348241E+00  0.515330E+00  0.540329E+00  0.552857E+00  0.590095E+00
  -659.200  0.369715E+00  0.540245E+00  0.565449E+00  0.578034E+00  0.615215E+00
  -659.100  0.391631E+00  0.564779E+00  0.590031E+00  0.602590E+00  0.639450E+00
  -659.000  0.413969E+00  0.588895E+00  0.614036E+00  0.626486E+00  0.662764E+00
  -658.900  0.436691E+00  0.612569E+00  0.637445E+00  0.649705E+00  0.685149E+00
  -658.800  0.459762E+00  0.635805E+00  0.660268E+00  0.672260E+00  0.706634E+00
  -658.700  0.483107E+00  0.658598E+00  0.682514E+00  0.694170E+00  0.727262E+00
  -658.600  0.506649E+00  0.680958E+00  0.704207E+00  0.715467E+00  0.747094E+00
  -658.500  0.530268E+00  0.702886E+00  0.725373E+00  0.736187E+00  0.766205E+00
  -658.400  0.553807E+00  0.724361E+00  0.746013E+00  0.756346E+00  0.784650E+00
  -658.300  0.577104E+00  0.745358E+00  0.766129E+00  0.775958E+00  0.802490E+00
  -658.200  0.599949E+00  0.765822E+00  0.785694E+00  0.795011E+00  0.819759E+00
  -658.100  0.622114E+00  0.785669E+00  0.804651E+00  0.813464E+00  0.836461E+00
  -658.000  0.643337E+00  0.804781E+00  0.822911E+00  0.831241E+00  0.852568E+00
  -657.900  0.663361E+00  0.823021E+00  0.840363E+00  0.848244E+00  0.868025E+00
  -657.800  0.681904E+00  0.840209E+00  0.856849E+00  0.864330E+00  0.882725E+00
  -657.700  0.698697E+00  0.856161E+00  0.872205E+00  0.879343E+00  0.896548E+00
  -657.600  0.713479E+00  0.870661E+00  0.886231E+00  0.893092E+00  0.909327E+00
  -657.500  0.726017E+00  0.883503E+00  0.898731E+00  0.905388E+00  0.920893E+00
  -657.400  0.736099E+00  0.894473E+00  0.909500E+00  0.916030E+00  0.931059E+00
  -657.300  0.743568E+00  0.903373E+00  0.918340E+00  0.924820E+00  0.939630E+00
  -657.200  0.748313E+00  0.910032E+00  0.925079E+00  0.931584E+00  0.946429E+00
  -657.100  0.750287E+00  0.914314E+00  0.929571E+00  0.936175E+00  0.951298E+00
  -657.000  0.749492E+00  0.916107E+00  0.931692E+00  0.938461E+00  0.954086E+00
  -656.900  0.745994E+00  0.915350E+00  0.931366E+00  0.938358E+00  0.954685E+00
  -656.800  0.739947E+00  0.912045E+00  0.928571E+00  0.935833E+00  0.953027E+00
  -656.700  0.731512E+00  0.906202E+00  0.923295E+00  0.930862E+00  0.949054E+00
  -656.600  0.720957E+00  0.897904E+00  0.915591E+00  0.923483E+00  0.942756E+00
  -656.500  0.708533E+00  0.887253E+00  0.905533E+00  0.913755E+00  0.934150E+00
  -656.400  0.694552E+00  0.874386E+00  0.893225E+00  0.901767E+00  0.923271E+00
  -656.300  0.679331E+00  0.859466E+00  0.878799E+00  0.887632E+00  0.910183E+00
  -656.200  0.663171E+00  0.842659E+00  0.862389E+00  0.871471E+00  0.894955E+00
  -656.100  0.646408E+00  0.824166E+00  0.844167E+00  0.853436E+00  0.877688E+00
  -656.000  0.629286E+00  0.804158E+00  0.824278E+00  0.833660E+00  0.858472E+00
  -655.900  0.612074E+00  0.782832E+00  0.802895E+00  0.812305E+00  0.837428E+00
  -655.800  0.594971E+00  0.760367E+00  0.780180E+00  0.789522E+00  0.814673E+00
  -655.700  0.578152E+00  0.736950E+00  0.756312E+00  0.765482E+00  0.790357E+00
  -655.600  0.561737E+00  0.712750E+00  0.731451E+00  0.740344E+00  0.764622E+00
  -655.500  0.545828E+00  0.687952E+00  0.705787E+00  0.714297E+00  0.737652E+00
  -655.400  0.530451E+00  0.662709E+00  0.679481E+00  0.687505E+00  0.709620E+00
  -655.300  0.515626E+00  0.637186E+00  0.652714E+00  0.660156E+00  0.680731E+00
  -655.200  0.501352E+00  0.611552E+00  0.625675E+00  0.632450E+00  0.651210E+00
  -655.100  0.487585E+00  0.585955E+00  0.598538E+00  0.604574E+00  0.621280E+00
  -655.000  0.474277E+00  0.560543E+00  0.571482E+00  0.576719E+00  0.591174E+00
  -654.900  0.461386E+00  0.535464E+00  0.544684E+00  0.549080E+00  0.561132E+00
  -654.800  0.448853E+00  0.510849E+00  0.518309E+00  0.521835E+00  0.531381E+00
  -654.700  0.436615E+00  0.486814E+00  0.492504E+00  0.495152E+00  0.502138E+00
  -654.600  0.424651E+00  0.463491E+00  0.467431E+00  0.469206E+00  0.473626E+00
  -654.500  0.412905E+00  0.440957E+00  0.443196E+00  0.444117E+00  0.446011E+00
  -654.400  0.401362E+00  0.419308E+00  0.419918E+00  0.420018E+00  0.419467E+00
  -654.300  0.390014E+00  0.398610E+00  0.397685E+00  0.397007E+00  0.394125E+00
  -654.200  0.378837E+00  0.378908E+00  0.376555E+00  0.375153E+00  0.370086E+00
  -654.100  0.367863E+00  0.360260E+00  0.356601E+00  0.354533E+00  0.347449E+00
  -654.000  0.357091E+00  0.342672E+00  0.337835E+00  0.335165E+00  0.326248E+00
  -653.900  0.346529E+00  0.326156E+00  0.320274E+00  0.317068E+00  0.306514E+00
  -653.800  0.336213E+00  0.310717E+00  0.303925E+00  0.300250E+00  0.288257E+00
  -653.700  0.326143E+00  0.296328E+00  0.288758E+00  0.284681E+00  0.271452E+00
  -653.600  0.316332E+00  0.282961E+00  0.274740E+00  0.270327E+00  0.256055E+00
  -653.500  0.306788E+00  0.270576E+00  0.261827E+00  0.257140E+00  0.242017E+00
  -653.400  0.297521E+00  0.259128E+00  0.249965E+00  0.245062E+00  0.229265E+00
  -653.300  0.288529E+00  0.248567E+00  0.239095E+00  0.234031E+00  0.217725E+00
  -653.200  0.279818E+00  0.238830E+00  0.229144E+00  0.223966E+00  0.207302E+00
  -653.100  0.271393E+00  0.229861E+00  0.220045E+00  0.214799E+00  0.197909E+00
  -653.000  0.263250E+00  0.221597E+00  0.211725E+00  0.206446E+00  0.189448E+00
  -652.900  0.255410E+00  0.213984E+00  0.204115E+00  0.198836E+00  0.181826E+00
  -652.800  0.247886E+00  0.206965E+00  0.197148E+00  0.191894E+00  0.174951E+00
  -652.700  0.240722E+00  0.200506E+00  0.190776E+00  0.185565E+00  0.168750E+00
  -652.600  0.233942E+00  0.194558E+00  0.184939E+00  0.179784E+00  0.163136E+00
  -652.500  0.227597E+00  0.189096E+00  0.179599E+00  0.174505E+00  0.158048E+00
  -652.400  0.221753E+00  0.184104E+00  0.174727E+00  0.169696E+00  0.153435E+00
  -652.300  0.216463E+00  0.179561E+00  0.170293E+00  0.165319E+00  0.149244E+00
  -652.200  0.211789E+00  0.175471E+00  0.166292E+00  0.161366E+00  0.145455E+00
  -652.100  0.207803E+00  0.171828E+00  0.162708E+00  0.157816E+00  0.142034E+00
  -652.000  0.204541E+00  0.168628E+00  0.159532E+00  0.154659E+00  0.138963E+00
  -651.900  0.202055E+00  0.165879E+00  0.156769E+00  0.151896E+00  0.136239E+00
  -651.800  0.200376E+00  0.163578E+00  0.154412E+00  0.149519E+00  0.133850E+00
  -651.700  0.199503E+00  0.161709E+00  0.152446E+00  0.147515E+00  0.131785E+00
  -651.600  0.199428E+00  0.160263E+00  0.150865E+00  0.145877E+00  0.130039E+00
  -651.500  0.200127E+00  0.159226E+00  0.149657E+00  0.144598E+00  0.128613E+00
  -651.400  0.201553E+00  0.158567E+00  0.148799E+00  0.143655E+00  0.127492E+00
  -651.300  0.203620E+00  0.158239E+00  0.148249E+00  0.143012E+00  0.126652E+00
  -651.200  0.206275E+00  0.158214E+00  0.147988E+00  0.142653E+00  0.126086E+00
  -651.100  0.209428E+00  0.158443E+00  0.147975E+00  0.142540E+00  0.125771E+00
  -651.000  0.212988E+00  0.158885E+00  0.148178E+00  0.142646E+00  0.125691E+00
  -650.900  0.216875E+00  0.159495E+00  0.148557E+00  0.142936E+00  0.125821E+00
  -650.800  0.221020E+00  0.160240E+00  0.149087E+00  0.143386E+00  0.126147E+00
  -650.700  0.225358E+00  0.161086E+00  0.149737E+00  0.143969E+00  0.126648E+00
  -650.600  0.229832E+00  0.162003E+00  0.150484E+00  0.144662E+00  0.127308E+00
  -650.500  0.234424E+00  0.162991E+00  0.151325E+00  0.145464E+00  0.128127E+00
  -650.400  0.239103E+00  0.164032E+00  0.152244E+00  0.146358E+00  0.129086E+00
  -650.300  0.243856E+00  0.165121E+00  0.153235E+00  0.147337E+00  0.130177E+00
  -650.200  0.248699E+00  0.166275E+00  0.154309E+00  0.148411E+00  0.131400E+00
  -650.100  0.253616E+00  0.167488E+00  0.155457E+00  0.149568E+00  0.132740E+00
  -650.000  0.258615E+00  0.168769E+00  0.156687E+00  0.150813E+00  0.134191E+00
  -649.900  0.263684E+00  0.170116E+00  0.157987E+00  0.152133E+00  0.135732E+00
  -649.800  0.268807E+00  0.171525E+00  0.159351E+00  0.153518E+00  0.137343E+00
  -649.700  0.273949E+00  0.172982E+00  0.160762E+00  0.154948E+00  0.138996E+00
  -649.600  0.279052E+00  0.174458E+00  0.162187E+00  0.156390E+00  0.140651E+00
  -649.500  0.284062E+00  0.175929E+00  0.163600E+00  0.157815E+00  0.142273E+00
  -649.400  0.288888E+00  0.177346E+00  0.164952E+00  0.159174E+00  0.143808E+00
  -649.300  0.293431E+00  0.178659E+00  0.166193E+00  0.160415E+00  0.145201E+00
  -649.200  0.297594E+00  0.179818E+00  0.167274E+00  0.161492E+00  0.146403E+00
  -649.100  0.301250E+00  0.180755E+00  0.168129E+00  0.162338E+00  0.147350E+00
  -649.000  0.304276E+00  0.181403E+00  0.168696E+00  0.162891E+00  0.147981E+00
  -648.900  0.306565E+00  0.181707E+00  0.168921E+00  0.163101E+00  0.148246E+00
  -648.800  0.307992E+00  0.181605E+00  0.168749E+00  0.162913E+00  0.148098E+00
  -648.700  0.308456E+00  0.181046E+00  0.168132E+00  0.162281E+00  0.147494E+00
  -648.600  0.307858E+00  0.179980E+00  0.167028E+00  0.161168E+00  0.146402E+00
  -648.500  0.306124E+00  0.178376E+00  0.165409E+00  0.159546E+00  0.144804E+00
  -648.400  0.303189E+00  0.176205E+00  0.163253E+00  0.157397E+00  0.142688E+00
  -648.300  0.299030E+00  0.173465E+00  0.160563E+00  0.154727E+00  0.140067E+00
  -648.200  0.293624E+00  0.170144E+00  0.157335E+00  0.151533E+00  0.136950E+00
  -648.100  0.287002E+00  0.166269E+00  0.153595E+00  0.147846E+00  0.133369E+00
  -648.000  0.279197E+00  0.161860E+00  0.149370E+00  0.143694E+00  0.129365E+00
  -647.900  0.270297E+00  0.156955E+00  0.144699E+00  0.139116E+00  0.124982E+00
  -647.800  0.260409E+00  0.151615E+00  0.139644E+00  0.134175E+00  0.120283E+00
  -647.700  0.249659E+00  0.145889E+00  0.134251E+00  0.128919E+00  0.115322E+00
  -647.600  0.238213E+00  0.139855E+00  0.128594E+00  0.123419E+00  0.110166E+00
  -647.500  0.226237E+00  0.133573E+00  0.122730E+00  0.117729E+00  0.104869E+00
  -647.400  0.213924E+00  0.127129E+00  0.116736E+00  0.111926E+00  0.995005E-01
  -647.300  0.201457E+00  0.120591E+00  0.110672E+00  0.106065E+00  0.941104E-01
  -647.200  0.189038E+00  0.114039E+00  0.104608E+00  0.100212E+00  0.887547E-01
  -647.100  0.176843E+00  0.107539E+00  0.986002E-01  0.944192E-01  0.834750E-01
  -647.000  0.165032E+00  0.101152E+00  0.927007E-01  0.887343E-01  0.783094E-01
  -646.900  0.153760E+00  0.949405E-01  0.869621E-01  0.832057E-01  0.732949E-01
  -646.800  0.143146E+00  0.889524E-01  0.814232E-01  0.778679E-01  0.684559E-01
  -646.700  0.133286E+00  0.832274E-01  0.761164E-01  0.727500E-01  0.638117E-01
  -646.600  0.124240E+00  0.777988E-01  0.710704E-01  0.678783E-01  0.593828E-01
  -646.500  0.116058E+00  0.726941E-01  0.663078E-01  0.632731E-01  0.551823E-01
  -646.400  0.108752E+00  0.679310E-01  0.618440E-01  0.589485E-01  0.512202E-01
  -646.300  0.102316E+00  0.635195E-01  0.576880E-01  0.549128E-01  0.475020E-01
  -646.200  0.967362E-01  0.594734E-01  0.538546E-01  0.511808E-01  0.440425E-01
  -646.100  0.919638E-01  0.557845E-01  0.503370E-01  0.477465E-01  0.408356E-01
  -646.000  0.879660E-01  0.524572E-01  0.471412E-01  0.446160E-01  0.378878E-01
  -645.900  0.846980E-01  0.494875E-01  0.442661E-01  0.417894E-01  0.352013E-01
  -645.800  0.820969E-01  0.468615E-01  0.417008E-01  0.392573E-01  0.327693E-01
  -645.700  0.801228E-01  0.445725E-01  0.394411E-01  0.370162E-01  0.305900E-01
  -645.600  0.787205E-01  0.426065E-01  0.374766E-01  0.350573E-01  0.286581E-01
  -645.500  0.778467E-01  0.409494E-01  0.357952E-01  0.333694E-01  0.269645E-01
  -645.400  0.774521E-01  0.395764E-01  0.343743E-01  0.319308E-01  0.254894E-01
  -645.300  0.774972E-01  0.384776E-01  0.332070E-01  0.307359E-01  0.242304E-01
  -645.200  0.779304E-01  0.376222E-01  0.322646E-01  0.297569E-01  0.231625E-01
  -645.100  0.787144E-01  0.369908E-01  0.315296E-01  0.289772E-01  0.222711E-01
  -645.000  0.797986E-01  0.365560E-01  0.309772E-01  0.283735E-01  0.215365E-01
  -644.900  0.811403E-01  0.362944E-01  0.305868E-01  0.279262E-01  0.209427E-01
  -644.800  0.826842E-01  0.361762E-01  0.303310E-01  0.276093E-01  0.204670E-01
  -644.700  0.843917E-01  0.361806E-01  0.301918E-01  0.274059E-01  0.200964E-01
  -644.600  0.862018E-01  0.362751E-01  0.301399E-01  0.272885E-01  0.198077E-01
  -644.500  0.880659E-01  0.364366E-01  0.301554E-01  0.272387E-01  0.195866E-01
  -644.400  0.899452E-01  0.366466E-01  0.302223E-01  0.272413E-01  0.194214E-01
  -644.300  0.917847E-01  0.368765E-01  0.303151E-01  0.272729E-01  0.192929E-01
  -644.200  0.935500E-01  0.371136E-01  0.304237E-01  0.273242E-01  0.191949E-01
  -644.100  0.951997E-01  0.373361E-01  0.305288E-01  0.273771E-01  0.191127E-01
  -644.000  0.967044E-01  0.375327E-01  0.306211E-01  0.274233E-01  0.190403E-01
  -643.900  0.980429E-01  0.376912E-01  0.306898E-01  0.274526E-01  0.189694E-01
  -643.800  0.991915E-01  0.378019E-01  0.307265E-01  0.274574E-01  0.188938E-01
  -643.700  0.100144E+00  0.378582E-01  0.307254E-01  0.274319E-01  0.188085E-01
  -643.600  0.100888E+00  0.378529E-01  0.306797E-01  0.273698E-01  0.187080E-01
  -643.500  0.101425E+00  0.377840E-01  0.305877E-01  0.272694E-01  0.185906E-01
  -643.400  0.101761E+00  0.376483E-01  0.304452E-01  0.271261E-01  0.184508E-01
  -643.300  0.101893E+00  0.374413E-01  0.302482E-01  0.269360E-01  0.182851E-01
  -643.200  0.101841E+00  0.371666E-01  0.299985E-01  0.267003E-01  0.180928E-01
  -643.100  0.101607E+00  0.368186E-01  0.296905E-01  0.264133E-01  0.178684E-01
  -643.000  0.101206E+00  0.364008E-01  0.293260E-01  0.260761E-01  0.176110E-01
  -642.900  0.100647E+00  0.359109E-01  0.289021E-01  0.256855E-01  0.173171E-01
  -642.800  0.999438E-01  0.353522E-01  0.284206E-01  0.252428E-01  0.169866E-01
  -642.700  0.991022E-01  0.347248E-01  0.278811E-01  0.247473E-01  0.166179E-01
  -642.600  0.981296E-01  0.340312E-01  0.272848E-01  0.241997E-01  0.162106E-01
  -642.500  0.970351E-01  0.332750E-01  0.266346E-01  0.236023E-01  0.157658E-01
  -642.400  0.958223E-01  0.324586E-01  0.259320E-01  0.229565E-01  0.152842E-01
  -642.300  0.945014E-01  0.315910E-01  0.251848E-01  0.222694E-01  0.147712E-01
  -642.200  0.930735E-01  0.306752E-01  0.243958E-01  0.215437E-01  0.142285E-01
  -642.100  0.915499E-01  0.297219E-01  0.235743E-01  0.207880E-01  0.136634E-01
  -642.000  0.899345E-01  0.287381E-01  0.227272E-01  0.200091E-01  0.130813E-01
  -641.900  0.882365E-01  0.277330E-01  0.218627E-01  0.192145E-01  0.124883E-01
  -641.800  0.864668E-01  0.267175E-01  0.209911E-01  0.184142E-01  0.118930E-01
  -641.700  0.846379E-01  0.257003E-01  0.201202E-01  0.176157E-01  0.113011E-01
  -641.600  0.827590E-01  0.246905E-01  0.192587E-01  0.168272E-01  0.107201E-01
  -641.500  0.808478E-01  0.236965E-01  0.184143E-01  0.160560E-01  0.101555E-01
  -641.400  0.789137E-01  0.227247E-01  0.175929E-01  0.153078E-01  0.961226E-02
  -641.300  0.769789E-01  0.217825E-01  0.168011E-01  0.145888E-01  0.909520E-02
  -641.200  0.750541E-01  0.208733E-01  0.160420E-01  0.139019E-01  0.860667E-02
  -641.100  0.731589E-01  0.200001E-01  0.153180E-01  0.132492E-01  0.814807E-02
  -641.000  0.713138E-01  0.191662E-01  0.146315E-01  0.126327E-01  0.772070E-02
  -640.900  0.695326E-01  0.183715E-01  0.139820E-01  0.120520E-01  0.732388E-02
  -640.800  0.678361E-01  0.176156E-01  0.133687E-01  0.115057E-01  0.695588E-02
  -640.700  0.662415E-01  0.168989E-01  0.127909E-01  0.109931E-01  0.661565E-02
  -640.600  0.647610E-01  0.162186E-01  0.122455E-01  0.105111E-01  0.629991E-02
  -640.500  0.634128E-01  0.155754E-01  0.117323E-01  0.100589E-01  0.600747E-02
  -640.400  0.621948E-01  0.149638E-01  0.112459E-01  0.963127E-02  0.573380E-02
  -640.300  0.611201E-01  0.143847E-01  0.107862E-01  0.922784E-02  0.547767E-02
  -640.200  0.601803E-01  0.138350E-01  0.103501E-01  0.884543E-02  0.523621E-02
  -640.100  0.593689E-01  0.133125E-01  0.993523E-02  0.848172E-02  0.500719E-02
  -640.000  0.586624E-01  0.128137E-01  0.953858E-02  0.813387E-02  0.478831E-02
  -639.900  0.580460E-01  0.123380E-01  0.915943E-02  0.780104E-02  0.457852E-02
  -639.800  0.574832E-01  0.118809E-01  0.879428E-02  0.748019E-02  0.437574E-02
  -639.700  0.569444E-01  0.114410E-01  0.844232E-02  0.717064E-02  0.417949E-02
  -639.600  0.563908E-01  0.110152E-01  0.810139E-02  0.687061E-02  0.398873E-02
  -639.500  0.557869E-01  0.106014E-01  0.777046E-02  0.657940E-02  0.380328E-02
  -639.400  0.550939E-01  0.101956E-01  0.744673E-02  0.629467E-02  0.362179E-02
  -639.300  0.542811E-01  0.979751E-02  0.713072E-02  0.601720E-02  0.344536E-02
  -639.200  0.533207E-01  0.940401E-02  0.682029E-02  0.574524E-02  0.327300E-02
  -639.100  0.521913E-01  0.901409E-02  0.651530E-02  0.547894E-02  0.310535E-02
  -639.000  0.508811E-01  0.862710E-02  0.621559E-02  0.521832E-02  0.294273E-02
  -638.900  0.493846E-01  0.824150E-02  0.592009E-02  0.496249E-02  0.278468E-02
  -638.800  0.477036E-01  0.785798E-02  0.562969E-02  0.471245E-02  0.263230E-02
  -638.700  0.458496E-01  0.747585E-02  0.534366E-02  0.446745E-02  0.248499E-02
  -638.600  0.438351E-01  0.709523E-02  0.506213E-02  0.422768E-02  0.234304E-02
  -638.500  0.416812E-01  0.671643E-02  0.478506E-02  0.399301E-02  0.220626E-02
  -638.400  0.394133E-01  0.634035E-02  0.451287E-02  0.376369E-02  0.207470E-02
  -638.300  0.370550E-01  0.596661E-02  0.424480E-02  0.353889E-02  0.194758E-02
  -638.200  0.346322E-01  0.559565E-02  0.398081E-02  0.331845E-02  0.182463E-02
  -638.100  0.321742E-01  0.522871E-02  0.372137E-02  0.310258E-02  0.170564E-02
  -638.000  0.297076E-01  0.486648E-02  0.346654E-02  0.289115E-02  0.159027E-02
  -637.900  0.272538E-01  0.450836E-02  0.321531E-02  0.268306E-02  0.147744E-02
  -637.800  0.248391E-01  0.415687E-02  0.296928E-02  0.247955E-02  0.136772E-02
  -637.700  0.224861E-01  0.381302E-02  0.272874E-02  0.228068E-02  0.126079E-02
  -637.600  0.202124E-01  0.347771E-02  0.249405E-02  0.208663E-02  0.115652E-02
  -637.500  0.180377E-01  0.315326E-02  0.226670E-02  0.189856E-02  0.105541E-02
  -637.400  0.159760E-01  0.284107E-02  0.204748E-02  0.171705E-02  0.957600E-03
  -637.300  0.140410E-01  0.254302E-02  0.183765E-02  0.154308E-02  0.863535E-03
  -637.200  0.122417E-01  0.226036E-02  0.163803E-02  0.137732E-02  0.773540E-03
  -637.100  0.105879E-01  0.199586E-02  0.145069E-02  0.122154E-02  0.688630E-03
  -637.000  0.908226E-02  0.174999E-02  0.127597E-02  0.107602E-02  0.608945E-03
  -636.900  0.772486E-02  0.152336E-02  0.111432E-02  0.941117E-03  0.534685E-03
  -636.800  0.651557E-02  0.131712E-02  0.966711E-03  0.817733E-03  0.466446E-03
  -636.700  0.545027E-02  0.113120E-02  0.833150E-03  0.705891E-03  0.404288E-03
  -636.600  0.452295E-02  0.965385E-03  0.713552E-03  0.605538E-03  0.348192E-03
  -636.500  0.372250E-02  0.818730E-03  0.607403E-03  0.516325E-03  0.298120E-03
  -636.400  0.303805E-02  0.689747E-03  0.513640E-03  0.437357E-03  0.253541E-03
  -636.300  0.246261E-02  0.578362E-03  0.432367E-03  0.368789E-03  0.214670E-03
  -636.200  0.198215E-02  0.482373E-03  0.362014E-03  0.309310E-03  0.180767E-03
  -636.100  0.158267E-02  0.399768E-03  0.301191E-03  0.257778E-03  0.151232E-03
  -636.000  0.125764E-02  0.330348E-03  0.249872E-03  0.214222E-03  0.126172E-03
  -635.900  0.992253E-03  0.271182E-03  0.205889E-03  0.176795E-03  0.104488E-03
  -635.800  0.779095E-03  0.221871E-03  0.169089E-03  0.145428E-03  0.862572E-04
  -635.700  0.609169E-03  0.180687E-03  0.138190E-03  0.119030E-03  0.708285E-04
  -635.600  0.473008E-03  0.146302E-03  0.112292E-03  0.968682E-04  0.578314E-04
  -635.500  0.366652E-03  0.117985E-03  0.908413E-04  0.784656E-04  0.469740E-04
  -635.400  0.282711E-03  0.945996E-04  0.730577E-04  0.631845E-04  0.379285E-04
  -635.300  0.217161E-03  0.754482E-04  0.584293E-04  0.505908E-04  0.304423E-04
  -635.200  0.165616E-03  0.595744E-04  0.462531E-04  0.400899E-04  0.241770E-04
  -635.100  0.126248E-03  0.469635E-04  0.365461E-04  0.317063E-04  0.191595E-04
  -635.000  0.957991E-04  0.367140E-04  0.286224E-04  0.248500E-04  0.150382E-04
  -634.900  0.717986E-04  0.282712E-04  0.220842E-04  0.191896E-04  0.116347E-04
  -634.800  0.534179E-04  0.216267E-04  0.169221E-04  0.147140E-04  0.893319E-05
  -634.700  0.406553E-04  0.166990E-04  0.130765E-04  0.113736E-04  0.000000E+00
  -634.600  0.295964E-04  0.123978E-04  0.972331E-05  0.846263E-05  0.000000E+00
  -634.500  0.213711E-04  0.915702E-05  0.000000E+00  0.000000E+00  0.000000E+00
  -634.400  0.158342E-04  0.000000E+00  0.000000E+00  0.000000E+00  0.000000E+00
  -634.300  0.119072E-04  0.000000E+00  0.000000E+00  0.000000E+00  0.000000E+00
  -634.200  0.768101E-05  0.000000E+00  0.000000E+00  0.000000E+00  0.000000E+00
  -634.100  0.000000E+00  0.000000E+00  0.000000E+00  0.000000E+00  0.000000E+00
  -634.000  0.000000E+00  0.000000E+00  0.000000E+00  0.000000E+00  0.000000E+00
  -633.900  0.000000E+00  0.000000E+00  0.000000E+00  0.000000E+00  0.000000E+00
  -633.800  0.000000E+00  0.000000E+00  0.000000E+00  0.000000E+00  0.000000E+00
  -633.700  0.000000E+00  0.000000E+00  0.000000E+00  0.000000E+00  0.000000E+00
  -633.600  0.000000E+00  0.000000E+00  0.000000E+00  0.000000E+00  0.000000E+00
  -633.500  0.000000E+00  0.000000E+00  0.000000E+00  0.000000E+00  0.000000E+00
  -633.400  0.000000E+00  0.000000E+00  0.000000E+00  0.000000E+00  0.000000E+00
  -633.300  0.000000E+00  0.000000E+00  0.000000E+00  0.000000E+00  0.000000E+00
  -633.200  0.000000E+00  0.000000E+00  0.000000E+00  0.000000E+00  0.000000E+00
  -633.100  0.000000E+00  0.000000E+00  0.000000E+00  0.000000E+00  0.000000E+00
  -633.000  0.000000E+00  0.000000E+00  0.000000E+00  0.000000E+00  0.000000E+00
  -632.900  0.000000E+00  0.000000E+00  0.000000E+00  0.000000E+00  0.000000E+00
  -632.800  0.000000E+00  0.000000E+00  0.000000E+00  0.000000E+00  0.000000E+00
  -632.700  0.000000E+00  0.000000E+00  0.000000E+00  0.000000E+00  0.000000E+00
  -632.600  0.000000E+00  0.000000E+00  0.000000E+00  0.000000E+00  0.000000E+00
  -632.500  0.000000E+00  0.000000E+00  0.000000E+00  0.000000E+00  0.000000E+00
  -632.400  0.000000E+00  0.000000E+00  0.000000E+00  0.000000E+00  0.000000E+00
  -632.300  0.000000E+00  0.000000E+00  0.000000E+00  0.000000E+00  0.000000E+00
  -632.200  0.000000E+00  0.000000E+00  0.000000E+00  0.000000E+00  0.000000E+00
  -632.100  0.000000E+00  0.000000E+00  0.000000E+00  0.000000E+00  0.000000E+00
  -632.000  0.000000E+00  0.000000E+00  0.000000E+00  0.000000E+00  0.000000E+00
  -631.900  0.000000E+00  0.000000E+00  0.000000E+00  0.000000E+00  0.000000E+00
  -631.800  0.000000E+00  0.000000E+00  0.000000E+00  0.000000E+00  0.000000E+00
  -631.700  0.000000E+00  0.000000E+00  0.000000E+00  0.000000E+00  0.000000E+00
  -631.600  0.000000E+00  0.000000E+00  0.000000E+00  0.000000E+00  0.000000E+00
  -631.500  0.000000E+00  0.000000E+00  0.000000E+00  0.000000E+00  0.000000E+00
  -631.400  0.000000E+00  0.000000E+00  0.000000E+00  0.000000E+00  0.000000E+00
  -631.300  0.000000E+00  0.000000E+00  0.000000E+00  0.000000E+00  0.000000E+00
  -631.200  0.000000E+00  0.000000E+00  0.000000E+00  0.000000E+00  0.000000E+00
  -631.100  0.000000E+00  0.000000E+00  0.000000E+00  0.000000E+00  0.000000E+00
  -631.000  0.000000E+00  0.000000E+00  0.000000E+00  0.000000E+00  0.000000E+00
  -630.900  0.000000E+00  0.000000E+00  0.000000E+00  0.000000E+00  0.000000E+00
  -630.800  0.000000E+00  0.000000E+00  0.000000E+00  0.000000E+00  0.000000E+00
  -630.700  0.000000E+00  0.000000E+00  0.000000E+00  0.000000E+00  0.000000E+00
  -630.600  0.000000E+00  0.000000E+00  0.000000E+00  0.000000E+00  0.000000E+00
  -630.500  0.000000E+00  0.000000E+00  0.000000E+00  0.000000E+00  0.000000E+00
  -630.400  0.000000E+00  0.000000E+00  0.000000E+00  0.000000E+00  0.000000E+00
  -630.300  0.000000E+00  0.000000E+00  0.000000E+00  0.000000E+00  0.000000E+00
  -630.200  0.000000E+00  0.000000E+00  0.000000E+00  0.000000E+00  0.000000E+00
  -630.100  0.000000E+00  0.000000E+00  0.000000E+00  0.000000E+00  0.000000E+00
  -630.000  0.000000E+00  0.000000E+00  0.000000E+00  0.000000E+00  0.000000E+00
  -629.900  0.000000E+00  0.000000E+00  0.000000E+00  0.000000E+00  0.000000E+00
  -629.800  0.000000E+00  0.000000E+00  0.000000E+00  0.000000E+00  0.000000E+00
  -629.700  0.000000E+00  0.000000E+00  0.000000E+00  0.000000E+00  0.000000E+00
  -629.600  0.000000E+00  0.000000E+00  0.000000E+00  0.000000E+00  0.000000E+00
  -629.500  0.000000E+00  0.000000E+00  0.000000E+00  0.000000E+00  0.000000E+00
  -629.400  0.000000E+00  0.000000E+00  0.000000E+00  0.000000E+00  0.000000E+00
  -629.300  0.000000E+00  0.000000E+00  0.000000E+00  0.000000E+00  0.000000E+00
  -629.200  0.000000E+00  0.000000E+00  0.000000E+00  0.000000E+00  0.000000E+00
  -629.100  0.000000E+00  0.000000E+00  0.000000E+00  0.000000E+00  0.000000E+00
  -629.000  0.000000E+00  0.000000E+00  0.000000E+00  0.000000E+00  0.000000E+00
  -628.900  0.000000E+00  0.000000E+00  0.000000E+00  0.000000E+00  0.000000E+00
  -628.800  0.000000E+00  0.000000E+00  0.000000E+00  0.000000E+00  0.000000E+00
  -628.700  0.000000E+00  0.000000E+00  0.000000E+00  0.000000E+00  0.000000E+00
  -628.600  0.000000E+00  0.000000E+00  0.000000E+00  0.000000E+00  0.000000E+00
  -628.500  0.000000E+00  0.000000E+00  0.000000E+00  0.000000E+00  0.000000E+00
  -628.400  0.000000E+00  0.000000E+00  0.000000E+00  0.000000E+00  0.000000E+00
  -628.300  0.000000E+00  0.000000E+00  0.000000E+00  0.000000E+00  0.000000E+00
  -628.200  0.000000E+00  0.000000E+00  0.000000E+00  0.000000E+00  0.000000E+00
  -628.100  0.000000E+00  0.000000E+00  0.000000E+00  0.000000E+00  0.000000E+00
  -628.000  0.000000E+00  0.000000E+00  0.000000E+00  0.000000E+00  0.000000E+00
  -627.900  0.000000E+00  0.000000E+00  0.000000E+00  0.000000E+00  0.000000E+00
  -627.800  0.000000E+00  0.000000E+00  0.000000E+00  0.000000E+00  0.000000E+00
  -627.700  0.000000E+00  0.000000E+00  0.000000E+00  0.000000E+00  0.000000E+00
  -627.600  0.000000E+00  0.000000E+00  0.000000E+00  0.000000E+00  0.000000E+00
  -627.500  0.000000E+00  0.000000E+00  0.000000E+00  0.000000E+00  0.000000E+00
  -627.400  0.000000E+00  0.000000E+00  0.000000E+00  0.000000E+00  0.000000E+00
  -627.300  0.000000E+00  0.000000E+00  0.000000E+00  0.000000E+00  0.000000E+00
  -627.200  0.000000E+00  0.000000E+00  0.000000E+00  0.000000E+00  0.000000E+00
  -627.100  0.000000E+00  0.000000E+00  0.000000E+00  0.000000E+00  0.000000E+00
  -627.000  0.000000E+00  0.000000E+00  0.000000E+00  0.000000E+00  0.000000E+00
  -626.900  0.000000E+00  0.000000E+00  0.000000E+00  0.000000E+00  0.000000E+00
  -626.800  0.000000E+00  0.000000E+00  0.000000E+00  0.000000E+00  0.000000E+00
  -626.700  0.000000E+00  0.000000E+00  0.000000E+00  0.000000E+00  0.000000E+00
  -626.600  0.000000E+00  0.000000E+00  0.000000E+00  0.000000E+00  0.000000E+00
  -626.500  0.000000E+00  0.000000E+00  0.000000E+00  0.000000E+00  0.000000E+00
  -626.400  0.000000E+00  0.000000E+00  0.000000E+00  0.000000E+00  0.000000E+00
  -626.300  0.000000E+00  0.000000E+00  0.000000E+00  0.000000E+00  0.000000E+00
  -626.200  0.000000E+00  0.000000E+00  0.000000E+00  0.000000E+00  0.000000E+00
  -626.100  0.000000E+00  0.000000E+00  0.000000E+00  0.000000E+00  0.000000E+00
  -626.000  0.000000E+00  0.000000E+00  0.000000E+00  0.000000E+00  0.000000E+00
  -625.900  0.000000E+00  0.000000E+00  0.000000E+00  0.000000E+00  0.000000E+00
  -625.800  0.000000E+00  0.000000E+00  0.000000E+00  0.000000E+00  0.000000E+00
  -625.700  0.000000E+00  0.000000E+00  0.000000E+00  0.000000E+00  0.000000E+00
  -625.600  0.000000E+00  0.000000E+00  0.000000E+00  0.000000E+00  0.000000E+00
  -625.500  0.000000E+00  0.000000E+00  0.000000E+00  0.000000E+00  0.000000E+00
  -625.400  0.000000E+00  0.000000E+00  0.000000E+00  0.000000E+00  0.000000E+00
  -625.300  0.000000E+00  0.000000E+00  0.000000E+00  0.000000E+00  0.000000E+00
  -625.200  0.000000E+00  0.000000E+00  0.000000E+00  0.000000E+00  0.000000E+00
  -625.100  0.000000E+00  0.000000E+00  0.000000E+00  0.000000E+00  0.000000E+00
  -625.000  0.000000E+00  0.000000E+00  0.000000E+00  0.000000E+00  0.000000E+00
  -624.900  0.000000E+00  0.000000E+00  0.000000E+00  0.000000E+00  0.000000E+00
  -624.800  0.000000E+00  0.000000E+00  0.000000E+00  0.000000E+00  0.000000E+00
  -624.700  0.000000E+00  0.000000E+00  0.000000E+00  0.000000E+00  0.000000E+00
  -624.600  0.000000E+00  0.000000E+00  0.000000E+00  0.000000E+00  0.000000E+00
  -624.500  0.000000E+00  0.000000E+00  0.000000E+00  0.000000E+00  0.000000E+00
  -624.400  0.000000E+00  0.000000E+00  0.000000E+00  0.000000E+00  0.000000E+00
  -624.300  0.000000E+00  0.000000E+00  0.000000E+00  0.000000E+00  0.000000E+00
  -624.200  0.000000E+00  0.000000E+00  0.000000E+00  0.000000E+00  0.000000E+00
  -624.100  0.000000E+00  0.000000E+00  0.000000E+00  0.000000E+00  0.000000E+00
  -624.000  0.000000E+00  0.000000E+00  0.000000E+00  0.000000E+00  0.000000E+00
  -623.900  0.000000E+00  0.000000E+00  0.000000E+00  0.000000E+00  0.000000E+00
  -623.800  0.000000E+00  0.000000E+00  0.000000E+00  0.000000E+00  0.000000E+00
  -623.700  0.000000E+00  0.000000E+00  0.000000E+00  0.000000E+00  0.000000E+00
  -623.600  0.000000E+00  0.000000E+00  0.000000E+00  0.000000E+00  0.000000E+00
  -623.500  0.000000E+00  0.000000E+00  0.000000E+00  0.000000E+00  0.000000E+00
  -623.400  0.000000E+00  0.000000E+00  0.000000E+00  0.000000E+00  0.000000E+00
  -623.300  0.000000E+00  0.000000E+00  0.000000E+00  0.000000E+00  0.000000E+00
  -623.200  0.000000E+00  0.000000E+00  0.000000E+00  0.000000E+00  0.000000E+00
  -623.100  0.000000E+00  0.000000E+00  0.000000E+00  0.000000E+00  0.000000E+00
  -623.000  0.000000E+00  0.000000E+00  0.000000E+00  0.000000E+00  0.000000E+00
  -622.900  0.000000E+00  0.000000E+00  0.000000E+00  0.000000E+00  0.000000E+00
  -622.800  0.000000E+00  0.000000E+00  0.000000E+00  0.000000E+00  0.000000E+00
  -622.700  0.000000E+00  0.000000E+00  0.000000E+00  0.000000E+00  0.000000E+00
  -622.600  0.000000E+00  0.000000E+00  0.000000E+00  0.000000E+00  0.000000E+00
  -622.500  0.000000E+00  0.000000E+00  0.000000E+00  0.000000E+00  0.000000E+00
  -622.400  0.000000E+00  0.000000E+00  0.000000E+00  0.000000E+00  0.000000E+00
  -622.300  0.000000E+00  0.000000E+00  0.000000E+00  0.000000E+00  0.000000E+00
  -622.200  0.000000E+00  0.000000E+00  0.000000E+00  0.000000E+00  0.000000E+00
  -622.100  0.000000E+00  0.000000E+00  0.000000E+00  0.000000E+00  0.000000E+00
  -622.000  0.000000E+00  0.000000E+00  0.000000E+00  0.000000E+00  0.000000E+00
  -621.900  0.000000E+00  0.000000E+00  0.000000E+00  0.000000E+00  0.000000E+00
  -621.800  0.000000E+00  0.000000E+00  0.000000E+00  0.000000E+00  0.000000E+00
  -621.700  0.000000E+00  0.000000E+00  0.000000E+00  0.000000E+00  0.000000E+00
  -621.600  0.000000E+00  0.000000E+00  0.000000E+00  0.000000E+00  0.000000E+00
  -621.500  0.000000E+00  0.000000E+00  0.000000E+00  0.000000E+00  0.000000E+00
  -621.400  0.000000E+00  0.000000E+00  0.000000E+00  0.000000E+00  0.000000E+00
  -621.300  0.000000E+00  0.000000E+00  0.000000E+00  0.000000E+00  0.000000E+00
  -621.200  0.000000E+00  0.000000E+00  0.000000E+00  0.000000E+00  0.000000E+00
  -621.100  0.000000E+00  0.000000E+00  0.000000E+00  0.000000E+00  0.000000E+00
  -621.000  0.000000E+00  0.000000E+00  0.000000E+00  0.000000E+00  0.000000E+00
  -620.900  0.000000E+00  0.000000E+00  0.000000E+00  0.000000E+00  0.000000E+00
  -620.800  0.000000E+00  0.000000E+00  0.000000E+00  0.000000E+00  0.000000E+00
  -620.700  0.000000E+00  0.000000E+00  0.000000E+00  0.000000E+00  0.000000E+00
  -620.600  0.000000E+00  0.000000E+00  0.000000E+00  0.000000E+00  0.000000E+00
  -620.500  0.000000E+00  0.000000E+00  0.000000E+00  0.000000E+00  0.000000E+00
  -620.400  0.000000E+00  0.000000E+00  0.000000E+00  0.000000E+00  0.000000E+00
  -620.300  0.000000E+00  0.000000E+00  0.000000E+00  0.000000E+00  0.000000E+00
  -620.200  0.000000E+00  0.000000E+00  0.000000E+00  0.000000E+00  0.000000E+00
  -620.100  0.000000E+00  0.000000E+00  0.000000E+00  0.000000E+00  0.000000E+00
  -620.000  0.000000E+00  0.000000E+00  0.000000E+00  0.000000E+00  0.000000E+00
