Structure,Energy,Nucleus,delta_iso
01,-72315.510119,Sn01,639.067907221
01,-72315.510119,Sn02,639.063066386
01,-72315.510119,Sn03,639.064797125
01,-72315.510119,Sn04,639.068178434
01,-72315.510119,Sn05,639.063030672
01,-72315.510119,Sn06,639.0650722
01,-72315.510119,Sn07,640.846525126
01,-72315.510119,Sn08,649.063639562
01,-72315.510119,Sn09,649.05629377
01,-72315.510119,Sn10,649.063565146
01,-72315.510119,Sn11,649.056845787
01,-72315.510119,Sn12,640.844116564
01,-72315.510119,Sn13,649.058361381
01,-72315.510119,Sn14,649.058404831
01,-72315.510119,Sn15,640.840878601
