-651.4580055874751 -651.4580055874751 -651.4580055874751 -651.4580055874751
-656.5326818945617 -656.1749873461428 -649.6777092930445 -650.6730333869136
-657.7164767791479 -656.9300842365956 -658.3966717377075 -648.9199692889175
-658.2292028279095 -650.0053291567394 -657.5527203013851 -656.3032046023914
-657.2999898141934 -657.0950696313101 -657.0950696313101 -657.0950696313101
-657.9392302464363 -657.9392302464363 -657.0914758351796 -657.0914758351796
-658.9867011910227 -658.9867011910227 -658.9867011910227 -658.9867011910227
-656.308790399813 -656.308801205783 -663.366049781256 -649.957835523659
-658.5463361034641 -659.3776320023485 -659.8823200078001 -658.9047285628862
-654.6070951406003 -657.3875079561265 -654.6070951406003 -655.9014900517991
-656.9996172423675 -656.9996172423675 -648.6725000468059 -656.4724149392983
-659.0524314503157 -659.0524314503157 -656.4182893604069 -656.4182893604069
-657.334946138935 -649.7044531926772 -658.4859245121703 -649.7044531926772
-656.5287645096662 -656.3673830630725 -648.9469514178328 -656.375209675227
-658.6842299595286 -658.2041432194158 -657.4815568702198 -649.3051599579208
-659.741552868816 -654.115244393038 -654.227521899315 -657.107073555082
-659.2817726318833 -659.2817726318833 -659.0782503278912 -657.4740159336318
-657.048391272197 -657.048391272197 -657.033921468284 -656.8656904944824
-651.0371429582499 -650.769455303106 -650.6949321902721 -650.6949321902721
-650.3756411574705 -650.3756411574705 -650.3756411574705 -650.3756411574705
-659.7341015388996 -659.7341015388996 -659.7341015388996 -659.7341015388996
-653.3780354447122 -653.3780354447122 -653.3780354447122 -653.3780354447122
