  x           300.0          873.0         1273.0         1673.0      Infinity
  -680.000  0.000000E+00  0.000000E+00  0.000000E+00  0.000000E+00  0.000000E+00
  -679.900  0.000000E+00  0.000000E+00  0.000000E+00  0.000000E+00  0.000000E+00
  -679.800  0.000000E+00  0.000000E+00  0.000000E+00  0.000000E+00  0.000000E+00
  -679.700  0.000000E+00  0.000000E+00  0.000000E+00  0.000000E+00  0.000000E+00
  -679.600  0.000000E+00  0.000000E+00  0.000000E+00  0.000000E+00  0.000000E+00
  -679.500  0.000000E+00  0.000000E+00  0.000000E+00  0.000000E+00  0.000000E+00
  -679.400  0.000000E+00  0.000000E+00  0.000000E+00  0.000000E+00  0.000000E+00
  -679.300  0.000000E+00  0.000000E+00  0.000000E+00  0.000000E+00  0.000000E+00
  -679.200  0.000000E+00  0.000000E+00  0.000000E+00  0.000000E+00  0.000000E+00
  -679.100  0.000000E+00  0.000000E+00  0.000000E+00  0.000000E+00  0.000000E+00
  -679.000  0.000000E+00  0.000000E+00  0.000000E+00  0.000000E+00  0.000000E+00
  -678.900  0.000000E+00  0.000000E+00  0.000000E+00  0.000000E+00  0.000000E+00
  -678.800  0.000000E+00  0.000000E+00  0.000000E+00  0.000000E+00  0.000000E+00
  -678.700  0.000000E+00  0.000000E+00  0.000000E+00  0.000000E+00  0.000000E+00
  -678.600  0.000000E+00  0.000000E+00  0.000000E+00  0.000000E+00  0.000000E+00
  -678.500  0.000000E+00  0.000000E+00  0.000000E+00  0.000000E+00  0.000000E+00
  -678.400  0.000000E+00  0.000000E+00  0.000000E+00  0.000000E+00  0.000000E+00
  -678.300  0.000000E+00  0.000000E+00  0.000000E+00  0.000000E+00  0.000000E+00
  -678.200  0.000000E+00  0.000000E+00  0.000000E+00  0.000000E+00  0.000000E+00
  -678.100  0.000000E+00  0.000000E+00  0.000000E+00  0.000000E+00  0.000000E+00
  -678.000  0.000000E+00  0.000000E+00  0.000000E+00  0.000000E+00  0.000000E+00
  -677.900  0.000000E+00  0.000000E+00  0.000000E+00  0.000000E+00  0.000000E+00
  -677.800  0.000000E+00  0.000000E+00  0.000000E+00  0.000000E+00  0.000000E+00
  -677.700  0.000000E+00  0.000000E+00  0.000000E+00  0.000000E+00  0.000000E+00
  -677.600  0.000000E+00  0.000000E+00  0.000000E+00  0.000000E+00  0.000000E+00
  -677.500  0.000000E+00  0.000000E+00  0.000000E+00  0.000000E+00  0.000000E+00
  -677.400  0.000000E+00  0.000000E+00  0.000000E+00  0.000000E+00  0.000000E+00
  -677.300  0.000000E+00  0.000000E+00  0.000000E+00  0.000000E+00  0.000000E+00
  -677.200  0.000000E+00  0.000000E+00  0.000000E+00  0.000000E+00  0.000000E+00
  -677.100  0.000000E+00  0.000000E+00  0.000000E+00  0.000000E+00  0.000000E+00
  -677.000  0.000000E+00  0.000000E+00  0.000000E+00  0.000000E+00  0.000000E+00
  -676.900  0.000000E+00  0.000000E+00  0.000000E+00  0.000000E+00  0.000000E+00
  -676.800  0.000000E+00  0.000000E+00  0.000000E+00  0.000000E+00  0.000000E+00
  -676.700  0.000000E+00  0.000000E+00  0.000000E+00  0.000000E+00  0.000000E+00
  -676.600  0.000000E+00  0.000000E+00  0.000000E+00  0.000000E+00  0.000000E+00
  -676.500  0.000000E+00  0.000000E+00  0.000000E+00  0.000000E+00  0.000000E+00
  -676.400  0.000000E+00  0.000000E+00  0.000000E+00  0.000000E+00  0.000000E+00
  -676.300  0.000000E+00  0.000000E+00  0.000000E+00  0.000000E+00  0.000000E+00
  -676.200  0.000000E+00  0.000000E+00  0.000000E+00  0.000000E+00  0.000000E+00
  -676.100  0.000000E+00  0.000000E+00  0.000000E+00  0.000000E+00  0.000000E+00
  -676.000  0.000000E+00  0.000000E+00  0.000000E+00  0.000000E+00  0.000000E+00
  -675.900  0.000000E+00  0.000000E+00  0.000000E+00  0.000000E+00  0.000000E+00
  -675.800  0.000000E+00  0.000000E+00  0.000000E+00  0.000000E+00  0.000000E+00
  -675.700  0.000000E+00  0.000000E+00  0.000000E+00  0.000000E+00  0.000000E+00
  -675.600  0.000000E+00  0.000000E+00  0.000000E+00  0.000000E+00  0.000000E+00
  -675.500  0.000000E+00  0.000000E+00  0.000000E+00  0.000000E+00  0.000000E+00
  -675.400  0.000000E+00  0.000000E+00  0.000000E+00  0.000000E+00  0.000000E+00
  -675.300  0.000000E+00  0.000000E+00  0.000000E+00  0.000000E+00  0.000000E+00
  -675.200  0.000000E+00  0.000000E+00  0.000000E+00  0.000000E+00  0.000000E+00
  -675.100  0.000000E+00  0.000000E+00  0.000000E+00  0.000000E+00  0.000000E+00
  -675.000  0.000000E+00  0.000000E+00  0.000000E+00  0.000000E+00  0.000000E+00
  -674.900  0.000000E+00  0.000000E+00  0.000000E+00  0.000000E+00  0.000000E+00
  -674.800  0.000000E+00  0.000000E+00  0.000000E+00  0.000000E+00  0.000000E+00
  -674.700  0.000000E+00  0.000000E+00  0.000000E+00  0.000000E+00  0.000000E+00
  -674.600  0.000000E+00  0.000000E+00  0.000000E+00  0.000000E+00  0.000000E+00
  -674.500  0.000000E+00  0.000000E+00  0.000000E+00  0.000000E+00  0.000000E+00
  -674.400  0.000000E+00  0.000000E+00  0.000000E+00  0.000000E+00  0.000000E+00
  -674.300  0.000000E+00  0.000000E+00  0.000000E+00  0.000000E+00  0.000000E+00
  -674.200  0.000000E+00  0.000000E+00  0.000000E+00  0.000000E+00  0.000000E+00
  -674.100  0.000000E+00  0.000000E+00  0.000000E+00  0.000000E+00  0.000000E+00
  -674.000  0.000000E+00  0.000000E+00  0.000000E+00  0.000000E+00  0.000000E+00
  -673.900  0.000000E+00  0.000000E+00  0.000000E+00  0.000000E+00  0.000000E+00
  -673.800  0.000000E+00  0.000000E+00  0.000000E+00  0.000000E+00  0.000000E+00
  -673.700  0.000000E+00  0.000000E+00  0.000000E+00  0.000000E+00  0.000000E+00
  -673.600  0.000000E+00  0.000000E+00  0.000000E+00  0.000000E+00  0.000000E+00
  -673.500  0.000000E+00  0.000000E+00  0.000000E+00  0.000000E+00  0.000000E+00
  -673.400  0.000000E+00  0.000000E+00  0.000000E+00  0.000000E+00  0.000000E+00
  -673.300  0.000000E+00  0.000000E+00  0.000000E+00  0.000000E+00  0.000000E+00
  -673.200  0.000000E+00  0.000000E+00  0.000000E+00  0.000000E+00  0.000000E+00
  -673.100  0.000000E+00  0.000000E+00  0.000000E+00  0.000000E+00  0.000000E+00
  -673.000  0.000000E+00  0.000000E+00  0.000000E+00  0.000000E+00  0.000000E+00
  -672.900  0.000000E+00  0.000000E+00  0.000000E+00  0.000000E+00  0.000000E+00
  -672.800  0.000000E+00  0.000000E+00  0.000000E+00  0.000000E+00  0.000000E+00
  -672.700  0.000000E+00  0.000000E+00  0.000000E+00  0.000000E+00  0.000000E+00
  -672.600  0.000000E+00  0.000000E+00  0.000000E+00  0.000000E+00  0.000000E+00
  -672.500  0.000000E+00  0.000000E+00  0.000000E+00  0.000000E+00  0.000000E+00
  -672.400  0.000000E+00  0.000000E+00  0.000000E+00  0.000000E+00  0.000000E+00
  -672.300  0.000000E+00  0.000000E+00  0.000000E+00  0.000000E+00  0.000000E+00
  -672.200  0.000000E+00  0.000000E+00  0.000000E+00  0.000000E+00  0.000000E+00
  -672.100  0.000000E+00  0.000000E+00  0.000000E+00  0.000000E+00  0.000000E+00
  -672.000  0.000000E+00  0.000000E+00  0.000000E+00  0.000000E+00  0.000000E+00
  -671.900  0.000000E+00  0.000000E+00  0.000000E+00  0.000000E+00  0.000000E+00
  -671.800  0.000000E+00  0.000000E+00  0.000000E+00  0.000000E+00  0.000000E+00
  -671.700  0.000000E+00  0.000000E+00  0.000000E+00  0.000000E+00  0.000000E+00
  -671.600  0.000000E+00  0.000000E+00  0.000000E+00  0.000000E+00  0.000000E+00
  -671.500  0.000000E+00  0.000000E+00  0.000000E+00  0.000000E+00  0.000000E+00
  -671.400  0.000000E+00  0.000000E+00  0.000000E+00  0.000000E+00  0.000000E+00
  -671.300  0.000000E+00  0.000000E+00  0.000000E+00  0.000000E+00  0.000000E+00
  -671.200  0.000000E+00  0.000000E+00  0.000000E+00  0.000000E+00  0.000000E+00
  -671.100  0.000000E+00  0.000000E+00  0.000000E+00  0.000000E+00  0.000000E+00
  -671.000  0.000000E+00  0.000000E+00  0.000000E+00  0.000000E+00  0.000000E+00
  -670.900  0.000000E+00  0.000000E+00  0.000000E+00  0.000000E+00  0.000000E+00
  -670.800  0.000000E+00  0.000000E+00  0.000000E+00  0.000000E+00  0.000000E+00
  -670.700  0.000000E+00  0.000000E+00  0.000000E+00  0.000000E+00  0.000000E+00
  -670.600  0.000000E+00  0.000000E+00  0.000000E+00  0.000000E+00  0.000000E+00
  -670.500  0.000000E+00  0.000000E+00  0.000000E+00  0.000000E+00  0.000000E+00
  -670.400  0.000000E+00  0.000000E+00  0.000000E+00  0.000000E+00  0.000000E+00
  -670.300  0.000000E+00  0.000000E+00  0.000000E+00  0.000000E+00  0.000000E+00
  -670.200  0.000000E+00  0.000000E+00  0.000000E+00  0.000000E+00  0.000000E+00
  -670.100  0.000000E+00  0.000000E+00  0.000000E+00  0.000000E+00  0.000000E+00
  -670.000  0.000000E+00  0.000000E+00  0.000000E+00  0.000000E+00  0.000000E+00
  -669.900  0.000000E+00  0.000000E+00  0.000000E+00  0.000000E+00  0.000000E+00
  -669.800  0.000000E+00  0.000000E+00  0.000000E+00  0.000000E+00  0.000000E+00
  -669.700  0.000000E+00  0.000000E+00  0.000000E+00  0.000000E+00  0.000000E+00
  -669.600  0.000000E+00  0.000000E+00  0.000000E+00  0.000000E+00  0.000000E+00
  -669.500  0.000000E+00  0.000000E+00  0.000000E+00  0.000000E+00  0.000000E+00
  -669.400  0.000000E+00  0.000000E+00  0.000000E+00  0.000000E+00  0.000000E+00
  -669.300  0.000000E+00  0.000000E+00  0.000000E+00  0.000000E+00  0.000000E+00
  -669.200  0.000000E+00  0.000000E+00  0.000000E+00  0.000000E+00  0.000000E+00
  -669.100  0.000000E+00  0.000000E+00  0.000000E+00  0.000000E+00  0.000000E+00
  -669.000  0.000000E+00  0.000000E+00  0.000000E+00  0.000000E+00  0.000000E+00
  -668.900  0.000000E+00  0.000000E+00  0.000000E+00  0.000000E+00  0.000000E+00
  -668.800  0.000000E+00  0.000000E+00  0.000000E+00  0.000000E+00  0.000000E+00
  -668.700  0.000000E+00  0.000000E+00  0.000000E+00  0.000000E+00  0.000000E+00
  -668.600  0.000000E+00  0.000000E+00  0.000000E+00  0.000000E+00  0.000000E+00
  -668.500  0.000000E+00  0.000000E+00  0.000000E+00  0.000000E+00  0.000000E+00
  -668.400  0.000000E+00  0.000000E+00  0.000000E+00  0.000000E+00  0.000000E+00
  -668.300  0.000000E+00  0.000000E+00  0.000000E+00  0.000000E+00  0.000000E+00
  -668.200  0.000000E+00  0.000000E+00  0.000000E+00  0.000000E+00  0.000000E+00
  -668.100  0.000000E+00  0.000000E+00  0.000000E+00  0.000000E+00  0.000000E+00
  -668.000  0.000000E+00  0.000000E+00  0.000000E+00  0.000000E+00  0.000000E+00
  -667.900  0.000000E+00  0.000000E+00  0.000000E+00  0.000000E+00  0.000000E+00
  -667.800  0.000000E+00  0.000000E+00  0.000000E+00  0.000000E+00  0.000000E+00
  -667.700  0.000000E+00  0.000000E+00  0.000000E+00  0.000000E+00  0.000000E+00
  -667.600  0.000000E+00  0.000000E+00  0.000000E+00  0.000000E+00  0.000000E+00
  -667.500  0.000000E+00  0.000000E+00  0.000000E+00  0.000000E+00  0.000000E+00
  -667.400  0.000000E+00  0.000000E+00  0.000000E+00  0.000000E+00  0.000000E+00
  -667.300  0.000000E+00  0.000000E+00  0.000000E+00  0.000000E+00  0.000000E+00
  -667.200  0.000000E+00  0.000000E+00  0.000000E+00  0.000000E+00  0.000000E+00
  -667.100  0.000000E+00  0.000000E+00  0.000000E+00  0.000000E+00  0.000000E+00
  -667.000  0.000000E+00  0.000000E+00  0.000000E+00  0.000000E+00  0.000000E+00
  -666.900  0.000000E+00  0.000000E+00  0.000000E+00  0.000000E+00  0.000000E+00
  -666.800  0.000000E+00  0.160060E-04  0.161942E-04  0.162632E-04  0.163560E-04
  -666.700  0.202745E-04  0.245895E-04  0.248692E-04  0.249710E-04  0.251033E-04
  -666.600  0.309398E-04  0.373583E-04  0.377682E-04  0.379160E-04  0.381004E-04
  -666.500  0.467131E-04  0.561419E-04  0.567341E-04  0.569454E-04  0.571959E-04
  -666.400  0.697881E-04  0.834701E-04  0.843133E-04  0.846106E-04  0.849413E-04
  -666.300  0.103180E-03  0.122796E-03  0.123979E-03  0.124391E-03  0.124813E-03
  -666.200  0.150979E-03  0.178770E-03  0.180407E-03  0.180967E-03  0.181485E-03
  -666.100  0.218654E-03  0.257570E-03  0.259802E-03  0.260552E-03  0.261153E-03
  -666.000  0.313413E-03  0.367284E-03  0.370284E-03  0.371268E-03  0.371913E-03
  -665.900  0.444609E-03  0.518338E-03  0.522310E-03  0.523579E-03  0.524184E-03
  -665.800  0.624178E-03  0.723955E-03  0.729136E-03  0.730740E-03  0.731152E-03
  -665.700  0.867089E-03  0.100062E-02  0.100727E-02  0.100925E-02  0.100922E-02
  -665.600  0.119177E-02  0.136849E-02  0.137691E-02  0.137930E-02  0.137843E-02
  -665.500  0.162044E-02  0.185177E-02  0.186223E-02  0.186504E-02  0.186274E-02
  -665.400  0.217935E-02  0.247883E-02  0.249163E-02  0.249482E-02  0.249026E-02
  -665.300  0.289878E-02  0.328224E-02  0.329762E-02  0.330111E-02  0.329311E-02
  -665.200  0.381278E-02  0.429840E-02  0.431653E-02  0.432016E-02  0.430715E-02
  -665.100  0.495860E-02  0.556686E-02  0.558780E-02  0.559131E-02  0.557121E-02
  -665.000  0.637571E-02  0.712925E-02  0.715292E-02  0.715591E-02  0.712609E-02
  -664.900  0.810446E-02  0.902780E-02  0.905391E-02  0.905584E-02  0.901299E-02
  -664.800  0.101843E-01  0.113035E-01  0.113315E-01  0.113317E-01  0.112718E-01
  -664.700  0.126519E-01  0.139938E-01  0.140230E-01  0.140205E-01  0.139388E-01
  -664.600  0.155387E-01  0.171308E-01  0.171599E-01  0.171537E-01  0.170447E-01
  -664.500  0.188688E-01  0.207383E-01  0.207659E-01  0.207547E-01  0.206123E-01
  -664.400  0.226569E-01  0.248301E-01  0.248546E-01  0.248370E-01  0.246543E-01
  -664.300  0.269062E-01  0.294083E-01  0.294278E-01  0.294023E-01  0.291722E-01
  -664.200  0.316075E-01  0.344623E-01  0.344749E-01  0.344398E-01  0.341551E-01
  -664.100  0.367382E-01  0.399682E-01  0.399717E-01  0.399256E-01  0.395792E-01
  -664.000  0.422625E-01  0.458888E-01  0.458818E-01  0.458232E-01  0.454087E-01
  -663.900  0.481319E-01  0.521755E-01  0.521565E-01  0.520844E-01  0.515962E-01
  -663.800  0.542866E-01  0.587686E-01  0.587371E-01  0.586508E-01  0.580850E-01
  -663.700  0.606569E-01  0.656000E-01  0.655565E-01  0.654558E-01  0.648102E-01
  -663.600  0.671652E-01  0.725945E-01  0.725406E-01  0.724261E-01  0.717012E-01
  -663.500  0.737279E-01  0.796719E-01  0.796106E-01  0.794836E-01  0.786824E-01
  -663.400  0.802568E-01  0.867479E-01  0.866838E-01  0.865465E-01  0.856753E-01
  -663.300  0.866608E-01  0.937355E-01  0.936747E-01  0.935303E-01  0.925987E-01
  -663.200  0.928473E-01  0.100545E+00  0.100496E+00  0.100348E+00  0.993689E-01
  -663.100  0.987230E-01  0.107085E+00  0.107056E+00  0.106911E+00  0.105900E+00
  -663.000  0.104195E+00  0.113263E+00  0.113265E+00  0.113127E+00  0.112105E+00
  -662.900  0.109173E+00  0.118985E+00  0.119029E+00  0.118905E+00  0.117892E+00
  -662.800  0.113569E+00  0.124156E+00  0.124255E+00  0.124153E+00  0.123174E+00
  -662.700  0.117304E+00  0.128688E+00  0.128854E+00  0.128779E+00  0.127859E+00
  -662.600  0.120307E+00  0.132495E+00  0.132738E+00  0.132698E+00  0.131863E+00
  -662.500  0.122520E+00  0.135502E+00  0.135833E+00  0.135834E+00  0.135110E+00
  -662.400  0.123902E+00  0.137647E+00  0.138076E+00  0.138124E+00  0.137533E+00
  -662.300  0.124434E+00  0.138890E+00  0.139421E+00  0.139521E+00  0.139085E+00
  -662.200  0.124120E+00  0.139210E+00  0.139846E+00  0.140001E+00  0.139737E+00
  -662.100  0.122992E+00  0.138613E+00  0.139355E+00  0.139566E+00  0.139485E+00
  -662.000  0.121107E+00  0.137135E+00  0.137977E+00  0.138243E+00  0.138350E+00
  -661.900  0.118551E+00  0.134835E+00  0.135769E+00  0.136088E+00  0.136380E+00
  -661.800  0.115434E+00  0.131804E+00  0.132815E+00  0.133181E+00  0.133648E+00
  -661.700  0.111886E+00  0.128153E+00  0.129222E+00  0.129626E+00  0.130248E+00
  -661.600  0.108053E+00  0.124011E+00  0.125115E+00  0.125546E+00  0.126292E+00
  -661.500  0.104088E+00  0.119520E+00  0.120631E+00  0.121076E+00  0.121907E+00
  -661.400  0.100151E+00  0.114830E+00  0.115915E+00  0.116356E+00  0.117224E+00
  -661.300  0.963935E-01  0.110089E+00  0.111111E+00  0.111530E+00  0.112378E+00
  -661.200  0.929595E-01  0.105440E+00  0.106360E+00  0.106737E+00  0.107502E+00
  -661.100  0.899777E-01  0.101017E+00  0.101792E+00  0.102106E+00  0.102718E+00
  -661.000  0.875586E-01  0.969391E-01  0.975273E-01  0.977541E-01  0.981424E-01
  -660.900  0.857932E-01  0.933108E-01  0.936696E-01  0.937873E-01  0.938781E-01
  -660.800  0.847528E-01  0.902220E-01  0.903104E-01  0.902969E-01  0.900181E-01
  -660.700  0.844924E-01  0.877495E-01  0.875287E-01  0.873631E-01  0.866455E-01
  -660.600  0.850543E-01  0.859602E-01  0.853950E-01  0.850581E-01  0.838373E-01
  -660.500  0.864750E-01  0.849167E-01  0.839759E-01  0.834504E-01  0.816681E-01
  -660.400  0.887928E-01  0.846832E-01  0.833397E-01  0.826106E-01  0.802149E-01
  -660.300  0.920564E-01  0.853322E-01  0.835632E-01  0.826175E-01  0.795632E-01
  -660.200  0.963341E-01  0.869519E-01  0.847380E-01  0.835645E-01  0.798119E-01
  -660.100  0.101721E+00  0.896519E-01  0.869762E-01  0.855651E-01  0.810784E-01
  -660.000  0.108346E+00  0.935678E-01  0.904149E-01  0.887569E-01  0.835020E-01
  -659.900  0.116373E+00  0.988636E-01  0.952174E-01  0.933031E-01  0.872453E-01
  -659.800  0.126001E+00  0.105729E+00  0.101572E+00  0.993911E-01  0.924920E-01
  -659.700  0.137453E+00  0.114374E+00  0.109686E+00  0.107226E+00  0.994414E-01
  -659.600  0.150967E+00  0.125019E+00  0.119774E+00  0.117021E+00  0.108299E+00
  -659.500  0.166774E+00  0.137876E+00  0.132046E+00  0.128983E+00  0.119264E+00
  -659.400  0.185075E+00  0.153133E+00  0.146684E+00  0.143292E+00  0.132511E+00
  -659.300  0.206016E+00  0.170930E+00  0.163826E+00  0.160086E+00  0.148171E+00
  -659.200  0.229653E+00  0.191335E+00  0.183543E+00  0.179434E+00  0.166315E+00
  -659.100  0.255938E+00  0.214328E+00  0.205817E+00  0.201322E+00  0.186934E+00
  -659.000  0.284687E+00  0.239781E+00  0.230530E+00  0.225634E+00  0.209926E+00
  -658.900  0.315579E+00  0.267451E+00  0.257451E+00  0.252150E+00  0.235091E+00
  -658.800  0.348153E+00  0.296984E+00  0.286244E+00  0.280539E+00  0.262130E+00
  -658.700  0.381820E+00  0.327917E+00  0.316470E+00  0.310376E+00  0.290656E+00
  -658.600  0.415890E+00  0.359708E+00  0.347613E+00  0.341159E+00  0.320209E+00
  -658.500  0.449609E+00  0.391760E+00  0.379104E+00  0.372334E+00  0.350285E+00
  -658.400  0.482205E+00  0.423457E+00  0.410357E+00  0.403330E+00  0.380359E+00
  -658.300  0.512931E+00  0.454200E+00  0.440800E+00  0.433590E+00  0.409924E+00
  -658.200  0.541116E+00  0.483441E+00  0.469912E+00  0.462605E+00  0.438511E+00
  -658.100  0.566203E+00  0.510717E+00  0.497246E+00  0.489940E+00  0.465718E+00
  -658.000  0.587776E+00  0.535663E+00  0.522450E+00  0.515248E+00  0.491222E+00
  -657.900  0.605573E+00  0.558022E+00  0.545272E+00  0.538280E+00  0.514782E+00
  -657.800  0.619490E+00  0.577642E+00  0.565556E+00  0.558879E+00  0.536237E+00
  -657.700  0.629562E+00  0.594461E+00  0.583227E+00  0.576962E+00  0.555486E+00
  -657.600  0.635937E+00  0.608483E+00  0.598268E+00  0.592504E+00  0.572475E+00
  -657.500  0.638843E+00  0.619752E+00  0.610695E+00  0.605505E+00  0.587162E+00
  -657.400  0.638550E+00  0.628319E+00  0.620529E+00  0.615970E+00  0.599503E+00
  -657.300  0.635338E+00  0.634227E+00  0.627773E+00  0.623886E+00  0.609430E+00
  -657.200  0.629465E+00  0.637486E+00  0.632402E+00  0.629207E+00  0.616839E+00
  -657.100  0.621156E+00  0.638070E+00  0.634352E+00  0.631851E+00  0.621591E+00
  -657.000  0.610589E+00  0.635922E+00  0.633531E+00  0.631705E+00  0.623521E+00
  -656.900  0.597909E+00  0.630966E+00  0.629827E+00  0.628645E+00  0.622451E+00
  -656.800  0.583231E+00  0.623126E+00  0.623137E+00  0.622551E+00  0.618219E+00
  -656.700  0.566673E+00  0.612354E+00  0.613389E+00  0.613338E+00  0.610702E+00
  -656.600  0.548368E+00  0.598654E+00  0.600568E+00  0.600981E+00  0.599847E+00
  -656.500  0.528496E+00  0.582106E+00  0.584738E+00  0.585539E+00  0.585688E+00
  -656.400  0.507297E+00  0.562885E+00  0.566064E+00  0.567170E+00  0.568365E+00
  -656.300  0.485082E+00  0.541267E+00  0.544815E+00  0.546139E+00  0.548134E+00
  -656.200  0.462240E+00  0.517629E+00  0.521367E+00  0.522820E+00  0.525363E+00
  -656.100  0.439228E+00  0.492446E+00  0.496193E+00  0.497688E+00  0.500523E+00
  -656.000  0.416560E+00  0.466269E+00  0.469849E+00  0.471300E+00  0.474172E+00
  -655.900  0.394784E+00  0.439710E+00  0.442951E+00  0.444271E+00  0.446934E+00
  -655.800  0.374460E+00  0.413410E+00  0.416149E+00  0.417258E+00  0.419471E+00
  -655.700  0.356130E+00  0.388019E+00  0.390103E+00  0.390926E+00  0.392462E+00
  -655.600  0.340292E+00  0.364168E+00  0.365461E+00  0.365927E+00  0.366577E+00
  -655.500  0.327379E+00  0.342451E+00  0.342832E+00  0.342882E+00  0.342461E+00
  -655.400  0.317737E+00  0.323406E+00  0.322779E+00  0.322361E+00  0.320713E+00
  -655.300  0.311615E+00  0.307503E+00  0.305797E+00  0.304875E+00  0.301882E+00
  -655.200  0.309157E+00  0.295138E+00  0.292315E+00  0.290868E+00  0.286457E+00
  -655.100  0.310404E+00  0.286629E+00  0.282687E+00  0.280712E+00  0.274860E+00
  -655.000  0.315301E+00  0.282218E+00  0.277195E+00  0.274707E+00  0.267451E+00
  -654.900  0.323707E+00  0.282072E+00  0.276047E+00  0.273083E+00  0.264519E+00
  -654.800  0.335412E+00  0.286283E+00  0.279376E+00  0.275995E+00  0.266285E+00
  -654.700  0.350150E+00  0.294868E+00  0.287243E+00  0.283522E+00  0.272887E+00
  -654.600  0.367608E+00  0.307769E+00  0.299624E+00  0.295660E+00  0.284379E+00
  -654.500  0.387441E+00  0.324844E+00  0.316408E+00  0.312314E+00  0.300713E+00
  -654.400  0.409277E+00  0.345860E+00  0.337386E+00  0.333285E+00  0.321726E+00
  -654.300  0.432711E+00  0.370483E+00  0.362235E+00  0.358258E+00  0.347122E+00
  -654.200  0.457309E+00  0.398268E+00  0.390512E+00  0.386792E+00  0.376466E+00
  -654.100  0.482601E+00  0.428656E+00  0.421648E+00  0.418310E+00  0.409168E+00
  -654.000  0.508074E+00  0.460968E+00  0.454943E+00  0.452104E+00  0.444488E+00
  -653.900  0.533172E+00  0.494415E+00  0.489578E+00  0.487339E+00  0.481548E+00
  -653.800  0.557302E+00  0.528115E+00  0.524631E+00  0.523074E+00  0.519348E+00
  -653.700  0.579838E+00  0.561119E+00  0.559109E+00  0.558294E+00  0.556807E+00
  -653.600  0.600144E+00  0.592447E+00  0.591985E+00  0.591947E+00  0.592802E+00
  -653.500  0.617596E+00  0.621133E+00  0.622244E+00  0.622995E+00  0.626223E+00
  -653.400  0.631613E+00  0.646269E+00  0.648934E+00  0.650464E+00  0.656028E+00
  -653.300  0.641688E+00  0.667057E+00  0.671216E+00  0.673494E+00  0.681297E+00
  -653.200  0.647418E+00  0.682847E+00  0.688408E+00  0.691387E+00  0.701284E+00
  -653.100  0.648535E+00  0.693179E+00  0.700022E+00  0.703643E+00  0.715451E+00
  -653.000  0.644922E+00  0.697799E+00  0.705790E+00  0.709983E+00  0.723497E+00
  -652.900  0.636628E+00  0.696675E+00  0.705669E+00  0.710363E+00  0.725366E+00
  -652.800  0.623862E+00  0.689993E+00  0.699846E+00  0.704968E+00  0.721245E+00
  -652.700  0.606994E+00  0.678140E+00  0.688712E+00  0.694193E+00  0.711540E+00
  -652.600  0.586526E+00  0.661679E+00  0.672840E+00  0.678616E+00  0.696850E+00
  -652.500  0.563074E+00  0.641312E+00  0.652946E+00  0.658962E+00  0.677921E+00
  -652.400  0.537333E+00  0.617840E+00  0.629849E+00  0.636055E+00  0.655603E+00
  -652.300  0.510047E+00  0.592120E+00  0.604420E+00  0.610778E+00  0.630806E+00
  -652.200  0.481971E+00  0.565026E+00  0.577549E+00  0.584026E+00  0.604446E+00
  -652.100  0.453838E+00  0.537401E+00  0.550093E+00  0.556664E+00  0.577409E+00
  -652.000  0.426331E+00  0.510026E+00  0.522846E+00  0.529491E+00  0.550508E+00
  -651.900  0.400051E+00  0.483589E+00  0.496501E+00  0.503204E+00  0.524449E+00
  -651.800  0.375501E+00  0.458655E+00  0.471631E+00  0.478377E+00  0.499812E+00
  -651.700  0.353060E+00  0.435648E+00  0.448662E+00  0.455440E+00  0.477026E+00
  -651.600  0.332980E+00  0.414846E+00  0.427873E+00  0.434669E+00  0.456364E+00
  -651.500  0.315379E+00  0.396369E+00  0.409381E+00  0.416181E+00  0.437936E+00
  -651.400  0.300241E+00  0.380191E+00  0.393159E+00  0.399945E+00  0.421705E+00
  -651.300  0.287433E+00  0.366151E+00  0.379039E+00  0.385793E+00  0.407493E+00
  -651.200  0.276713E+00  0.353974E+00  0.366742E+00  0.373443E+00  0.395011E+00
  -651.100  0.267758E+00  0.343297E+00  0.355902E+00  0.362527E+00  0.383883E+00
  -651.000  0.260190E+00  0.333705E+00  0.346099E+00  0.352622E+00  0.373683E+00
  -650.900  0.253600E+00  0.324756E+00  0.336890E+00  0.343284E+00  0.363965E+00
  -650.800  0.247581E+00  0.316022E+00  0.327844E+00  0.334084E+00  0.354298E+00
  -650.700  0.241750E+00  0.307114E+00  0.318574E+00  0.324633E+00  0.344296E+00
  -650.600  0.235769E+00  0.297704E+00  0.308752E+00  0.314606E+00  0.333641E+00
  -650.500  0.229365E+00  0.287545E+00  0.298137E+00  0.303762E+00  0.322096E+00
  -650.400  0.222337E+00  0.276479E+00  0.286575E+00  0.291949E+00  0.309519E+00
  -650.300  0.214561E+00  0.264437E+00  0.274002E+00  0.279109E+00  0.295858E+00
  -650.200  0.205983E+00  0.251435E+00  0.260441E+00  0.265266E+00  0.281147E+00
  -650.100  0.196619E+00  0.237562E+00  0.245988E+00  0.250520E+00  0.265496E+00
  -650.000  0.186537E+00  0.222965E+00  0.230796E+00  0.235027E+00  0.249070E+00
  -649.900  0.175852E+00  0.207831E+00  0.215061E+00  0.218986E+00  0.232077E+00
  -649.800  0.164703E+00  0.192372E+00  0.199003E+00  0.202620E+00  0.214749E+00
  -649.700  0.153253E+00  0.176811E+00  0.182847E+00  0.186158E+00  0.197325E+00
  -649.600  0.141666E+00  0.161363E+00  0.166817E+00  0.169827E+00  0.180039E+00
  -649.500  0.130105E+00  0.146228E+00  0.151119E+00  0.153835E+00  0.163108E+00
  -649.400  0.118724E+00  0.131587E+00  0.135936E+00  0.138368E+00  0.146727E+00
  -649.300  0.107663E+00  0.117588E+00  0.121424E+00  0.123584E+00  0.131060E+00
  -649.200  0.970411E-01  0.104354E+00  0.107706E+00  0.109608E+00  0.116242E+00
  -649.100  0.869601E-01  0.919773E-01  0.948778E-01  0.965382E-01  0.102375E+00
  -649.000  0.775001E-01  0.805200E-01  0.830039E-01  0.844395E-01  0.895306E-01
  -648.900  0.687203E-01  0.700189E-01  0.721219E-01  0.733505E-01  0.777504E-01
  -648.800  0.606591E-01  0.604869E-01  0.622448E-01  0.632849E-01  0.670511E-01
  -648.700  0.533356E-01  0.519158E-01  0.533641E-01  0.542341E-01  0.574255E-01
  -648.600  0.467498E-01  0.442800E-01  0.454529E-01  0.461710E-01  0.488463E-01
  -648.500  0.408853E-01  0.375389E-01  0.384694E-01  0.390532E-01  0.412698E-01
  -648.400  0.357108E-01  0.316406E-01  0.323597E-01  0.328258E-01  0.346389E-01
  -648.300  0.311829E-01  0.265246E-01  0.270611E-01  0.274252E-01  0.288870E-01
  -648.200  0.272486E-01  0.221244E-01  0.225052E-01  0.227818E-01  0.239407E-01
  -648.100  0.238487E-01  0.183707E-01  0.186201E-01  0.188224E-01  0.197229E-01
  -648.000  0.209207E-01  0.151932E-01  0.153333E-01  0.154734E-01  0.161558E-01
  -647.900  0.184018E-01  0.125227E-01  0.125736E-01  0.126623E-01  0.131627E-01
  -647.800  0.162312E-01  0.102930E-01  0.102726E-01  0.103195E-01  0.106702E-01
  -647.700  0.143529E-01  0.844239E-02  0.836641E-02  0.838016E-02  0.860924E-02
  -647.600  0.127169E-01  0.691403E-02  0.679648E-02  0.678447E-02  0.691663E-02
  -647.500  0.112805E-01  0.565709E-02  0.551006E-02  0.547875E-02  0.553525E-02
  -647.400  0.100086E-01  0.462676E-02  0.446057E-02  0.441547E-02  0.441442E-02
  -647.300  0.887426E-02  0.378432E-02  0.360757E-02  0.355327E-02  0.350990E-02
  -647.200  0.785769E-02  0.309686E-02  0.291650E-02  0.285676E-02  0.278360E-02
  -647.100  0.694618E-02  0.253698E-02  0.235833E-02  0.229610E-02  0.220321E-02
  -647.000  0.613311E-02  0.208222E-02  0.190906E-02  0.184652E-02  0.174164E-02
  -646.900  0.541733E-02  0.171460E-02  0.154920E-02  0.148780E-02  0.137654E-02
  -646.800  0.480253E-02  0.142010E-02  0.126323E-02  0.120372E-02  0.108967E-02
  -646.700  0.429689E-02  0.118814E-02  0.103914E-02  0.981577E-03  0.866443E-03
  -646.600  0.391288E-02  0.101123E-02  0.867935E-03  0.811725E-03  0.695357E-03
  -646.500  0.366729E-02  0.884551E-03  0.743306E-03  0.687159E-03  0.567603E-03
  -646.400  0.358143E-02  0.805694E-03  0.661258E-03  0.603183E-03  0.476665E-03
  -646.300  0.368132E-02  0.774422E-03  0.619852E-03  0.557118E-03  0.417983E-03
  -646.200  0.399791E-02  0.792444E-03  0.618963E-03  0.548044E-03  0.388664E-03
  -646.100  0.456692E-02  0.863211E-03  0.660047E-03  0.576562E-03  0.387228E-03
  -646.000  0.542840E-02  0.991664E-03  0.745903E-03  0.644560E-03  0.413361E-03
  -645.900  0.662573E-02  0.118394E-02  0.880403E-03  0.754950E-03  0.467682E-03
  -645.800  0.820395E-02  0.144697E-02  0.106817E-02  0.911373E-03  0.551505E-03
  -645.700  0.102074E-01  0.178802E-02  0.131418E-02  0.111785E-02  0.666576E-03
  -645.600  0.126767E-01  0.221406E-02  0.162332E-02  0.137838E-02  0.814792E-03
  -645.500  0.156451E-01  0.273110E-02  0.199985E-02  0.169648E-02  0.997898E-03
  -645.400  0.191341E-01  0.334338E-02  0.244681E-02  0.207466E-02  0.121717E-02
  -645.300  0.231498E-01  0.405263E-02  0.296543E-02  0.251396E-02  0.147307E-02
  -645.200  0.276781E-01  0.485722E-02  0.355456E-02  0.301337E-02  0.176496E-02
  -645.100  0.326819E-01  0.575153E-02  0.421012E-02  0.356947E-02  0.209080E-02
  -645.000  0.380981E-01  0.672537E-02  0.492472E-02  0.417599E-02  0.244694E-02
  -644.900  0.438371E-01  0.776372E-02  0.568743E-02  0.482371E-02  0.282799E-02
  -644.800  0.497829E-01  0.884673E-02  0.648376E-02  0.550036E-02  0.322677E-02
  -644.700  0.557960E-01  0.995007E-02  0.729593E-02  0.619084E-02  0.363447E-02
  -644.600  0.617181E-01  0.110456E-01  0.810331E-02  0.687768E-02  0.404081E-02
  -644.500  0.673782E-01  0.121025E-01  0.888327E-02  0.754165E-02  0.443448E-02
  -644.400  0.726007E-01  0.130886E-01  0.961208E-02  0.816258E-02  0.480357E-02
  -644.300  0.772144E-01  0.139717E-01  0.102661E-01  0.872038E-02  0.513615E-02
  -644.200  0.810615E-01  0.147220E-01  0.108232E-01  0.919605E-02  0.542094E-02
  -644.100  0.840070E-01  0.153127E-01  0.112635E-01  0.957281E-02  0.564786E-02
  -644.000  0.859462E-01  0.157227E-01  0.115712E-01  0.983699E-02  0.580869E-02
  -643.900  0.868113E-01  0.159370E-01  0.117350E-01  0.997894E-02  0.589750E-02
  -643.800  0.865753E-01  0.159480E-01  0.117491E-01  0.999356E-02  0.591106E-02
  -643.700  0.852534E-01  0.157560E-01  0.116133E-01  0.988063E-02  0.584903E-02
  -643.600  0.829020E-01  0.153689E-01  0.113334E-01  0.964483E-02  0.571395E-02
  -643.500  0.796145E-01  0.148019E-01  0.109202E-01  0.929539E-02  0.551110E-02
  -643.400  0.755158E-01  0.140766E-01  0.103894E-01  0.884555E-02  0.524815E-02
  -643.300  0.707542E-01  0.132193E-01  0.976042E-02  0.831170E-02  0.493470E-02
  -643.200  0.654926E-01  0.122598E-01  0.905505E-02  0.771243E-02  0.458168E-02
  -643.100  0.598999E-01  0.112296E-01  0.829647E-02  0.706744E-02  0.420077E-02
  -643.000  0.541415E-01  0.101599E-01  0.750792E-02  0.639651E-02  0.380369E-02
  -642.900  0.483723E-01  0.908080E-02  0.671149E-02  0.571851E-02  0.340171E-02
  -642.800  0.427296E-01  0.801914E-02  0.592725E-02  0.505056E-02  0.300508E-02
  -642.700  0.373293E-01  0.699809E-02  0.517242E-02  0.440741E-02  0.262266E-02
  -642.600  0.322625E-01  0.603631E-02  0.446095E-02  0.380098E-02  0.226167E-02
  -642.500  0.275952E-01  0.514769E-02  0.380324E-02  0.324022E-02  0.192755E-02
  -642.400  0.233688E-01  0.434138E-02  0.320622E-02  0.273108E-02  0.162395E-02
  -642.300  0.196022E-01  0.362213E-02  0.267351E-02  0.227672E-02  0.135286E-02
  -642.200  0.162952E-01  0.299079E-02  0.220586E-02  0.187782E-02  0.111476E-02
  -642.100  0.134321E-01  0.244503E-02  0.180162E-02  0.153300E-02  0.908922E-03
  -642.000  0.109853E-01  0.198002E-02  0.145726E-02  0.123928E-02  0.733613E-03
  -641.900  0.891919E-02  0.158917E-02  0.116794E-02  0.992564E-03  0.586420E-03
  -641.800  0.719386E-02  0.126486E-02  0.928038E-03  0.788039E-03  0.464492E-03
  -641.700  0.576760E-02  0.998964E-03  0.731523E-03  0.620578E-03  0.364774E-03
  -641.600  0.459933E-02  0.783381E-03  0.572381E-03  0.485040E-03  0.284190E-03
  -641.500  0.365027E-02  0.610378E-03  0.444859E-03  0.376508E-03  0.219790E-03
  -641.400  0.288503E-02  0.472841E-03  0.343659E-03  0.290453E-03  0.168854E-03
  -641.300  0.227222E-02  0.364430E-03  0.264054E-03  0.222829E-03  0.128945E-03
  -641.200  0.178464E-02  0.279635E-03  0.201935E-03  0.170121E-03  0.979436E-04
  -641.100  0.139921E-02  0.213778E-03  0.153813E-03  0.129341E-03  0.740499E-04
  -641.000  0.109670E-02  0.162969E-03  0.116785E-03  0.980049E-04  0.557652E-04
  -640.900  0.861301E-03  0.124025E-03  0.884786E-04  0.740827E-04  0.418657E-04
  -640.800  0.680210E-03  0.943864E-04  0.669865E-04  0.559421E-04  0.313684E-04
  -640.700  0.543159E-03  0.720171E-04  0.507942E-04  0.422884E-04  0.234950E-04
  -640.600  0.441985E-03  0.553192E-04  0.387139E-04  0.321069E-04  0.176367E-04
  -640.500  0.370241E-03  0.430483E-04  0.298231E-04  0.246101E-04  0.000000E+00
  -640.400  0.322852E-03  0.342427E-04  0.234101E-04  0.191914E-04  0.000000E+00
  -640.300  0.295813E-03  0.281619E-04  0.189291E-04  0.153861E-04  0.000000E+00
  -640.200  0.285936E-03  0.242367E-04  0.159617E-04  0.000000E+00  0.000000E+00
  -640.100  0.290630E-03  0.220270E-04  0.000000E+00  0.000000E+00  0.000000E+00
  -640.000  0.307717E-03  0.211897E-04  0.000000E+00  0.000000E+00  0.000000E+00
  -639.900  0.335278E-03  0.214510E-04  0.000000E+00  0.000000E+00  0.000000E+00
  -639.800  0.371532E-03  0.225868E-04  0.000000E+00  0.000000E+00  0.000000E+00
  -639.700  0.414733E-03  0.244058E-04  0.000000E+00  0.000000E+00  0.000000E+00
  -639.600  0.463110E-03  0.267380E-04  0.160505E-04  0.000000E+00  0.000000E+00
  -639.500  0.514828E-03  0.294265E-04  0.175979E-04  0.000000E+00  0.000000E+00
  -639.400  0.567975E-03  0.323222E-04  0.192887E-04  0.000000E+00  0.000000E+00
  -639.300  0.620591E-03  0.352815E-04  0.210320E-04  0.159943E-04  0.000000E+00
  -639.200  0.670705E-03  0.381663E-04  0.227411E-04  0.172882E-04  0.000000E+00
  -639.100  0.716401E-03  0.408462E-04  0.243352E-04  0.184978E-04  0.000000E+00
  -639.000  0.755899E-03  0.432014E-04  0.257403E-04  0.195657E-04  0.000000E+00
  -638.900  0.787630E-03  0.451269E-04  0.268918E-04  0.204420E-04  0.000000E+00
  -638.800  0.810320E-03  0.465369E-04  0.277371E-04  0.210861E-04  0.000000E+00
  -638.700  0.823052E-03  0.473683E-04  0.282373E-04  0.214678E-04  0.000000E+00
  -638.600  0.825319E-03  0.475835E-04  0.283693E-04  0.215692E-04  0.000000E+00
  -638.500  0.817040E-03  0.471720E-04  0.281261E-04  0.213848E-04  0.000000E+00
  -638.400  0.798562E-03  0.461502E-04  0.275172E-04  0.209218E-04  0.000000E+00
  -638.300  0.770626E-03  0.445594E-04  0.265673E-04  0.201987E-04  0.000000E+00
  -638.200  0.734317E-03  0.424627E-04  0.253140E-04  0.192443E-04  0.000000E+00
  -638.100  0.690983E-03  0.399404E-04  0.238055E-04  0.180955E-04  0.000000E+00
  -638.000  0.642156E-03  0.370847E-04  0.220972E-04  0.167943E-04  0.000000E+00
  -637.900  0.589457E-03  0.339938E-04  0.202481E-04  0.153858E-04  0.000000E+00
  -637.800  0.534510E-03  0.307663E-04  0.183175E-04  0.000000E+00  0.000000E+00
  -637.700  0.478856E-03  0.274962E-04  0.163619E-04  0.000000E+00  0.000000E+00
  -637.600  0.423894E-03  0.242689E-04  0.000000E+00  0.000000E+00  0.000000E+00
  -637.500  0.370827E-03  0.211573E-04  0.000000E+00  0.000000E+00  0.000000E+00
  -637.400  0.320631E-03  0.182206E-04  0.000000E+00  0.000000E+00  0.000000E+00
  -637.300  0.274043E-03  0.155030E-04  0.000000E+00  0.000000E+00  0.000000E+00
  -637.200  0.231563E-03  0.000000E+00  0.000000E+00  0.000000E+00  0.000000E+00
  -637.100  0.193471E-03  0.000000E+00  0.000000E+00  0.000000E+00  0.000000E+00
  -637.000  0.159850E-03  0.000000E+00  0.000000E+00  0.000000E+00  0.000000E+00
  -636.900  0.130623E-03  0.000000E+00  0.000000E+00  0.000000E+00  0.000000E+00
  -636.800  0.105582E-03  0.000000E+00  0.000000E+00  0.000000E+00  0.000000E+00
  -636.700  0.844262E-04  0.000000E+00  0.000000E+00  0.000000E+00  0.000000E+00
  -636.600  0.667948E-04  0.000000E+00  0.000000E+00  0.000000E+00  0.000000E+00
  -636.500  0.522926E-04  0.000000E+00  0.000000E+00  0.000000E+00  0.000000E+00
  -636.400  0.405163E-04  0.000000E+00  0.000000E+00  0.000000E+00  0.000000E+00
  -636.300  0.310724E-04  0.000000E+00  0.000000E+00  0.000000E+00  0.000000E+00
  -636.200  0.235906E-04  0.000000E+00  0.000000E+00  0.000000E+00  0.000000E+00
  -636.100  0.177334E-04  0.000000E+00  0.000000E+00  0.000000E+00  0.000000E+00
  -636.000  0.000000E+00  0.000000E+00  0.000000E+00  0.000000E+00  0.000000E+00
  -635.900  0.000000E+00  0.000000E+00  0.000000E+00  0.000000E+00  0.000000E+00
  -635.800  0.000000E+00  0.000000E+00  0.000000E+00  0.000000E+00  0.000000E+00
  -635.700  0.000000E+00  0.000000E+00  0.000000E+00  0.000000E+00  0.000000E+00
  -635.600  0.000000E+00  0.000000E+00  0.000000E+00  0.000000E+00  0.000000E+00
  -635.500  0.000000E+00  0.000000E+00  0.000000E+00  0.000000E+00  0.000000E+00
  -635.400  0.000000E+00  0.000000E+00  0.000000E+00  0.000000E+00  0.000000E+00
  -635.300  0.000000E+00  0.000000E+00  0.000000E+00  0.000000E+00  0.000000E+00
  -635.200  0.000000E+00  0.000000E+00  0.000000E+00  0.000000E+00  0.000000E+00
  -635.100  0.000000E+00  0.000000E+00  0.000000E+00  0.000000E+00  0.000000E+00
  -635.000  0.000000E+00  0.000000E+00  0.000000E+00  0.000000E+00  0.000000E+00
  -634.900  0.000000E+00  0.000000E+00  0.000000E+00  0.000000E+00  0.000000E+00
  -634.800  0.000000E+00  0.000000E+00  0.000000E+00  0.000000E+00  0.000000E+00
  -634.700  0.000000E+00  0.000000E+00  0.000000E+00  0.000000E+00  0.000000E+00
  -634.600  0.000000E+00  0.000000E+00  0.000000E+00  0.000000E+00  0.000000E+00
  -634.500  0.000000E+00  0.000000E+00  0.000000E+00  0.000000E+00  0.000000E+00
  -634.400  0.000000E+00  0.000000E+00  0.000000E+00  0.000000E+00  0.000000E+00
  -634.300  0.000000E+00  0.000000E+00  0.000000E+00  0.000000E+00  0.000000E+00
  -634.200  0.000000E+00  0.000000E+00  0.000000E+00  0.000000E+00  0.000000E+00
  -634.100  0.000000E+00  0.000000E+00  0.000000E+00  0.000000E+00  0.000000E+00
  -634.000  0.000000E+00  0.000000E+00  0.000000E+00  0.000000E+00  0.000000E+00
  -633.900  0.000000E+00  0.000000E+00  0.000000E+00  0.000000E+00  0.000000E+00
  -633.800  0.000000E+00  0.000000E+00  0.000000E+00  0.000000E+00  0.000000E+00
  -633.700  0.000000E+00  0.000000E+00  0.000000E+00  0.000000E+00  0.000000E+00
  -633.600  0.000000E+00  0.000000E+00  0.000000E+00  0.000000E+00  0.000000E+00
  -633.500  0.000000E+00  0.000000E+00  0.000000E+00  0.000000E+00  0.000000E+00
  -633.400  0.000000E+00  0.000000E+00  0.000000E+00  0.000000E+00  0.000000E+00
  -633.300  0.000000E+00  0.000000E+00  0.000000E+00  0.000000E+00  0.000000E+00
  -633.200  0.000000E+00  0.000000E+00  0.000000E+00  0.000000E+00  0.000000E+00
  -633.100  0.000000E+00  0.000000E+00  0.000000E+00  0.000000E+00  0.000000E+00
  -633.000  0.000000E+00  0.000000E+00  0.000000E+00  0.000000E+00  0.000000E+00
  -632.900  0.000000E+00  0.000000E+00  0.000000E+00  0.000000E+00  0.000000E+00
  -632.800  0.000000E+00  0.000000E+00  0.000000E+00  0.000000E+00  0.000000E+00
  -632.700  0.000000E+00  0.000000E+00  0.000000E+00  0.000000E+00  0.000000E+00
  -632.600  0.000000E+00  0.000000E+00  0.000000E+00  0.000000E+00  0.000000E+00
  -632.500  0.000000E+00  0.000000E+00  0.000000E+00  0.000000E+00  0.000000E+00
  -632.400  0.000000E+00  0.000000E+00  0.000000E+00  0.000000E+00  0.000000E+00
  -632.300  0.000000E+00  0.000000E+00  0.000000E+00  0.000000E+00  0.000000E+00
  -632.200  0.000000E+00  0.000000E+00  0.000000E+00  0.000000E+00  0.000000E+00
  -632.100  0.000000E+00  0.000000E+00  0.000000E+00  0.000000E+00  0.000000E+00
  -632.000  0.000000E+00  0.000000E+00  0.000000E+00  0.000000E+00  0.000000E+00
  -631.900  0.000000E+00  0.000000E+00  0.000000E+00  0.000000E+00  0.000000E+00
  -631.800  0.000000E+00  0.000000E+00  0.000000E+00  0.000000E+00  0.000000E+00
  -631.700  0.000000E+00  0.000000E+00  0.000000E+00  0.000000E+00  0.000000E+00
  -631.600  0.000000E+00  0.000000E+00  0.000000E+00  0.000000E+00  0.000000E+00
  -631.500  0.000000E+00  0.000000E+00  0.000000E+00  0.000000E+00  0.000000E+00
  -631.400  0.000000E+00  0.000000E+00  0.000000E+00  0.000000E+00  0.000000E+00
  -631.300  0.000000E+00  0.000000E+00  0.000000E+00  0.000000E+00  0.000000E+00
  -631.200  0.000000E+00  0.000000E+00  0.000000E+00  0.000000E+00  0.000000E+00
  -631.100  0.000000E+00  0.000000E+00  0.000000E+00  0.000000E+00  0.000000E+00
  -631.000  0.000000E+00  0.000000E+00  0.000000E+00  0.000000E+00  0.000000E+00
  -630.900  0.000000E+00  0.000000E+00  0.000000E+00  0.000000E+00  0.000000E+00
  -630.800  0.000000E+00  0.000000E+00  0.000000E+00  0.000000E+00  0.000000E+00
  -630.700  0.000000E+00  0.000000E+00  0.000000E+00  0.000000E+00  0.000000E+00
  -630.600  0.000000E+00  0.000000E+00  0.000000E+00  0.000000E+00  0.000000E+00
  -630.500  0.000000E+00  0.000000E+00  0.000000E+00  0.000000E+00  0.000000E+00
  -630.400  0.000000E+00  0.000000E+00  0.000000E+00  0.000000E+00  0.000000E+00
  -630.300  0.000000E+00  0.000000E+00  0.000000E+00  0.000000E+00  0.000000E+00
  -630.200  0.000000E+00  0.000000E+00  0.000000E+00  0.000000E+00  0.000000E+00
  -630.100  0.000000E+00  0.000000E+00  0.000000E+00  0.000000E+00  0.000000E+00
  -630.000  0.000000E+00  0.000000E+00  0.000000E+00  0.000000E+00  0.000000E+00
  -629.900  0.000000E+00  0.000000E+00  0.000000E+00  0.000000E+00  0.000000E+00
  -629.800  0.000000E+00  0.000000E+00  0.000000E+00  0.000000E+00  0.000000E+00
  -629.700  0.000000E+00  0.000000E+00  0.000000E+00  0.000000E+00  0.000000E+00
  -629.600  0.000000E+00  0.000000E+00  0.000000E+00  0.000000E+00  0.000000E+00
  -629.500  0.000000E+00  0.000000E+00  0.000000E+00  0.000000E+00  0.000000E+00
  -629.400  0.000000E+00  0.000000E+00  0.000000E+00  0.000000E+00  0.000000E+00
  -629.300  0.000000E+00  0.000000E+00  0.000000E+00  0.000000E+00  0.000000E+00
  -629.200  0.000000E+00  0.000000E+00  0.000000E+00  0.000000E+00  0.000000E+00
  -629.100  0.000000E+00  0.000000E+00  0.000000E+00  0.000000E+00  0.000000E+00
  -629.000  0.000000E+00  0.000000E+00  0.000000E+00  0.000000E+00  0.000000E+00
  -628.900  0.000000E+00  0.000000E+00  0.000000E+00  0.000000E+00  0.000000E+00
  -628.800  0.000000E+00  0.000000E+00  0.000000E+00  0.000000E+00  0.000000E+00
  -628.700  0.000000E+00  0.000000E+00  0.000000E+00  0.000000E+00  0.000000E+00
  -628.600  0.000000E+00  0.000000E+00  0.000000E+00  0.000000E+00  0.000000E+00
  -628.500  0.000000E+00  0.000000E+00  0.000000E+00  0.000000E+00  0.000000E+00
  -628.400  0.000000E+00  0.000000E+00  0.000000E+00  0.000000E+00  0.000000E+00
  -628.300  0.000000E+00  0.000000E+00  0.000000E+00  0.000000E+00  0.000000E+00
  -628.200  0.000000E+00  0.000000E+00  0.000000E+00  0.000000E+00  0.000000E+00
  -628.100  0.000000E+00  0.000000E+00  0.000000E+00  0.000000E+00  0.000000E+00
  -628.000  0.000000E+00  0.000000E+00  0.000000E+00  0.000000E+00  0.000000E+00
  -627.900  0.000000E+00  0.000000E+00  0.000000E+00  0.000000E+00  0.000000E+00
  -627.800  0.000000E+00  0.000000E+00  0.000000E+00  0.000000E+00  0.000000E+00
  -627.700  0.000000E+00  0.000000E+00  0.000000E+00  0.000000E+00  0.000000E+00
  -627.600  0.000000E+00  0.000000E+00  0.000000E+00  0.000000E+00  0.000000E+00
  -627.500  0.000000E+00  0.000000E+00  0.000000E+00  0.000000E+00  0.000000E+00
  -627.400  0.000000E+00  0.000000E+00  0.000000E+00  0.000000E+00  0.000000E+00
  -627.300  0.000000E+00  0.000000E+00  0.000000E+00  0.000000E+00  0.000000E+00
  -627.200  0.000000E+00  0.000000E+00  0.000000E+00  0.000000E+00  0.000000E+00
  -627.100  0.000000E+00  0.000000E+00  0.000000E+00  0.000000E+00  0.000000E+00
  -627.000  0.000000E+00  0.000000E+00  0.000000E+00  0.000000E+00  0.000000E+00
  -626.900  0.000000E+00  0.000000E+00  0.000000E+00  0.000000E+00  0.000000E+00
  -626.800  0.000000E+00  0.000000E+00  0.000000E+00  0.000000E+00  0.000000E+00
  -626.700  0.000000E+00  0.000000E+00  0.000000E+00  0.000000E+00  0.000000E+00
  -626.600  0.000000E+00  0.000000E+00  0.000000E+00  0.000000E+00  0.000000E+00
  -626.500  0.000000E+00  0.000000E+00  0.000000E+00  0.000000E+00  0.000000E+00
  -626.400  0.000000E+00  0.000000E+00  0.000000E+00  0.000000E+00  0.000000E+00
  -626.300  0.000000E+00  0.000000E+00  0.000000E+00  0.000000E+00  0.000000E+00
  -626.200  0.000000E+00  0.000000E+00  0.000000E+00  0.000000E+00  0.000000E+00
  -626.100  0.000000E+00  0.000000E+00  0.000000E+00  0.000000E+00  0.000000E+00
  -626.000  0.000000E+00  0.000000E+00  0.000000E+00  0.000000E+00  0.000000E+00
  -625.900  0.000000E+00  0.000000E+00  0.000000E+00  0.000000E+00  0.000000E+00
  -625.800  0.000000E+00  0.000000E+00  0.000000E+00  0.000000E+00  0.000000E+00
  -625.700  0.000000E+00  0.000000E+00  0.000000E+00  0.000000E+00  0.000000E+00
  -625.600  0.000000E+00  0.000000E+00  0.000000E+00  0.000000E+00  0.000000E+00
  -625.500  0.000000E+00  0.000000E+00  0.000000E+00  0.000000E+00  0.000000E+00
  -625.400  0.000000E+00  0.000000E+00  0.000000E+00  0.000000E+00  0.000000E+00
  -625.300  0.000000E+00  0.000000E+00  0.000000E+00  0.000000E+00  0.000000E+00
  -625.200  0.000000E+00  0.000000E+00  0.000000E+00  0.000000E+00  0.000000E+00
  -625.100  0.000000E+00  0.000000E+00  0.000000E+00  0.000000E+00  0.000000E+00
  -625.000  0.000000E+00  0.000000E+00  0.000000E+00  0.000000E+00  0.000000E+00
  -624.900  0.000000E+00  0.000000E+00  0.000000E+00  0.000000E+00  0.000000E+00
  -624.800  0.000000E+00  0.000000E+00  0.000000E+00  0.000000E+00  0.000000E+00
  -624.700  0.000000E+00  0.000000E+00  0.000000E+00  0.000000E+00  0.000000E+00
  -624.600  0.000000E+00  0.000000E+00  0.000000E+00  0.000000E+00  0.000000E+00
  -624.500  0.000000E+00  0.000000E+00  0.000000E+00  0.000000E+00  0.000000E+00
  -624.400  0.000000E+00  0.000000E+00  0.000000E+00  0.000000E+00  0.000000E+00
  -624.300  0.000000E+00  0.000000E+00  0.000000E+00  0.000000E+00  0.000000E+00
  -624.200  0.000000E+00  0.000000E+00  0.000000E+00  0.000000E+00  0.000000E+00
  -624.100  0.000000E+00  0.000000E+00  0.000000E+00  0.000000E+00  0.000000E+00
  -624.000  0.000000E+00  0.000000E+00  0.000000E+00  0.000000E+00  0.000000E+00
  -623.900  0.000000E+00  0.000000E+00  0.000000E+00  0.000000E+00  0.000000E+00
  -623.800  0.000000E+00  0.000000E+00  0.000000E+00  0.000000E+00  0.000000E+00
  -623.700  0.000000E+00  0.000000E+00  0.000000E+00  0.000000E+00  0.000000E+00
  -623.600  0.000000E+00  0.000000E+00  0.000000E+00  0.000000E+00  0.000000E+00
  -623.500  0.000000E+00  0.000000E+00  0.000000E+00  0.000000E+00  0.000000E+00
  -623.400  0.000000E+00  0.000000E+00  0.000000E+00  0.000000E+00  0.000000E+00
  -623.300  0.000000E+00  0.000000E+00  0.000000E+00  0.000000E+00  0.000000E+00
  -623.200  0.000000E+00  0.000000E+00  0.000000E+00  0.000000E+00  0.000000E+00
  -623.100  0.000000E+00  0.000000E+00  0.000000E+00  0.000000E+00  0.000000E+00
  -623.000  0.000000E+00  0.000000E+00  0.000000E+00  0.000000E+00  0.000000E+00
  -622.900  0.000000E+00  0.000000E+00  0.000000E+00  0.000000E+00  0.000000E+00
  -622.800  0.000000E+00  0.000000E+00  0.000000E+00  0.000000E+00  0.000000E+00
  -622.700  0.000000E+00  0.000000E+00  0.000000E+00  0.000000E+00  0.000000E+00
  -622.600  0.000000E+00  0.000000E+00  0.000000E+00  0.000000E+00  0.000000E+00
  -622.500  0.000000E+00  0.000000E+00  0.000000E+00  0.000000E+00  0.000000E+00
  -622.400  0.000000E+00  0.000000E+00  0.000000E+00  0.000000E+00  0.000000E+00
  -622.300  0.000000E+00  0.000000E+00  0.000000E+00  0.000000E+00  0.000000E+00
  -622.200  0.000000E+00  0.000000E+00  0.000000E+00  0.000000E+00  0.000000E+00
  -622.100  0.000000E+00  0.000000E+00  0.000000E+00  0.000000E+00  0.000000E+00
  -622.000  0.000000E+00  0.000000E+00  0.000000E+00  0.000000E+00  0.000000E+00
  -621.900  0.000000E+00  0.000000E+00  0.000000E+00  0.000000E+00  0.000000E+00
  -621.800  0.000000E+00  0.000000E+00  0.000000E+00  0.000000E+00  0.000000E+00
  -621.700  0.000000E+00  0.000000E+00  0.000000E+00  0.000000E+00  0.000000E+00
  -621.600  0.000000E+00  0.000000E+00  0.000000E+00  0.000000E+00  0.000000E+00
  -621.500  0.000000E+00  0.000000E+00  0.000000E+00  0.000000E+00  0.000000E+00
  -621.400  0.000000E+00  0.000000E+00  0.000000E+00  0.000000E+00  0.000000E+00
  -621.300  0.000000E+00  0.000000E+00  0.000000E+00  0.000000E+00  0.000000E+00
  -621.200  0.000000E+00  0.000000E+00  0.000000E+00  0.000000E+00  0.000000E+00
  -621.100  0.000000E+00  0.000000E+00  0.000000E+00  0.000000E+00  0.000000E+00
  -621.000  0.000000E+00  0.000000E+00  0.000000E+00  0.000000E+00  0.000000E+00
  -620.900  0.000000E+00  0.000000E+00  0.000000E+00  0.000000E+00  0.000000E+00
  -620.800  0.000000E+00  0.000000E+00  0.000000E+00  0.000000E+00  0.000000E+00
  -620.700  0.000000E+00  0.000000E+00  0.000000E+00  0.000000E+00  0.000000E+00
  -620.600  0.000000E+00  0.000000E+00  0.000000E+00  0.000000E+00  0.000000E+00
  -620.500  0.000000E+00  0.000000E+00  0.000000E+00  0.000000E+00  0.000000E+00
  -620.400  0.000000E+00  0.000000E+00  0.000000E+00  0.000000E+00  0.000000E+00
  -620.300  0.000000E+00  0.000000E+00  0.000000E+00  0.000000E+00  0.000000E+00
  -620.200  0.000000E+00  0.000000E+00  0.000000E+00  0.000000E+00  0.000000E+00
  -620.100  0.000000E+00  0.000000E+00  0.000000E+00  0.000000E+00  0.000000E+00
  -620.000  0.000000E+00  0.000000E+00  0.000000E+00  0.000000E+00  0.000000E+00
