
 ____________________________________________________________________________________________
 Temperature: T =    300.00000000000000      K
 Chemical potential: mu =   -750.42003467453526      eV
 Composition: x =   0.87500000000105049     

  n      m     omega(n,m)       E(n,m)          E-n*mu         prob(n,m,T)   prob(n,m,T)/omega    
 13      1       32           -70814.54558      -61059.08513    0.335568E-02    0.104865E-03
 13      2       48           -70814.54591      -61059.08546    0.509819E-02    0.106212E-03
 13      3       96           -70814.57501      -61059.11456    0.314198E-01    0.327290E-03
 13      4      192           -70814.58531      -61059.12486    0.936014E-01    0.487507E-03
 13      5       96           -70814.60588      -61059.14543    0.103728E+00    0.108050E-02
 13      6       16           -70814.56608      -61059.10563    0.370696E-02    0.231685E-03
 13      7       48           -70814.61397      -61059.15352    0.708987E-01    0.147706E-02
 13      8       32           -70814.62200      -61059.16155    0.645004E-01    0.201564E-02
 14      1       48           -71565.03360      -61059.15311    0.698057E-01    0.145428E-02
 14      2       24           -71565.04294      -61059.16245    0.500839E-01    0.208683E-02
 14      3       48           -71565.06234      -61059.18186    0.212219E+00    0.442124E-02
 15      1       16           -72315.51012      -61059.20960    0.206854E+00    0.129284E-01
 16      1        1           -73065.97876      -61059.25820    0.847278E-01    0.847278E-01
 ------------------------------
  n      Cumulative prob(n,T) 
    13            0.37631
    14            0.33211
    15            0.20685
    16            0.08473
 ------------------------------

 ____________________________________________________________________________________________
 Temperature: T =    873.00000000000000      K
 Chemical potential: mu =   -750.34571393721103      eV
 Composition: x =   0.87499999999851974     

  n      m     omega(n,m)       E(n,m)          E-n*mu         prob(n,m,T)   prob(n,m,T)/omega    
 13      1       32           -70814.54558      -61060.05130    0.116288E-01    0.363400E-03
 13      2       48           -70814.54591      -61060.05163    0.175199E-01    0.364997E-03
 13      3       96           -70814.57501      -61060.08073    0.515844E-01    0.537338E-03
 13      4      192           -70814.58531      -61060.09103    0.118308E+00    0.616190E-03
 13      5       96           -70814.60588      -61060.11160    0.777614E-01    0.810014E-03
 13      6       16           -70814.56608      -61060.07180    0.763500E-02    0.477188E-03
 13      7       48           -70814.61397      -61060.11969    0.432903E-01    0.901881E-03
 13      8       32           -70814.62200      -61060.12772    0.321142E-01    0.100357E-02
 14      1       48           -71565.03360      -61060.19360    0.115643E+00    0.240924E-02
 14      2       24           -71565.04294      -61060.20294    0.654616E-01    0.272757E-02
 14      3       48           -71565.06234      -61060.22235    0.169459E+00    0.353039E-02
 15      1       16           -72315.51012      -61060.32441    0.219346E+00    0.137091E-01
 16      1        1           -73065.97876      -61060.44733    0.702483E-01    0.702483E-01
 ------------------------------
  n      Cumulative prob(n,T) 
    13            0.35984
    14            0.35056
    15            0.21935
    16            0.07025
 ------------------------------

 ____________________________________________________________________________________________
 Temperature: T =    1273.0000000000000      K
 Chemical potential: mu =   -750.29278038496579      eV
 Composition: x =   0.87500000000035338     

  n      m     omega(n,m)       E(n,m)          E-n*mu         prob(n,m,T)   prob(n,m,T)/omega    
 13      1       32           -70814.54558      -61060.73944    0.139511E-01    0.435972E-03
 13      2       48           -70814.54591      -61060.73977    0.209897E-01    0.437285E-03
 13      3       96           -70814.57501      -61060.76886    0.547291E-01    0.570095E-03
 13      4      192           -70814.58531      -61060.77916    0.120235E+00    0.626223E-03
 13      5       96           -70814.60588      -61060.79974    0.725197E-01    0.755413E-03
 13      6       16           -70814.56608      -61060.75993    0.840833E-02    0.525521E-03
 13      7       48           -70814.61397      -61060.80782    0.390321E-01    0.813170E-03
 13      8       32           -70814.62200      -61060.81586    0.279994E-01    0.874983E-03
 14      1       48           -71565.03360      -61060.93467    0.124059E+00    0.258456E-02
 14      2       24           -71565.04294      -61060.94401    0.675398E-01    0.281416E-02
 14      3       48           -71565.06234      -61060.96342    0.161224E+00    0.335883E-02
 15      1       16           -72315.51012      -61061.11841    0.220762E+00    0.137976E-01
 16      1        1           -73065.97876      -61061.29427    0.685513E-01    0.685513E-01
 ------------------------------
  n      Cumulative prob(n,T) 
    13            0.35786
    14            0.35282
    15            0.22076
    16            0.06855
 ------------------------------

 ____________________________________________________________________________________________
 Temperature: T =    1673.0000000000000      K
 Chemical potential: mu =   -750.23966877738440      eV
 Composition: x =   0.87499999999919498     

  n      m     omega(n,m)       E(n,m)          E-n*mu         prob(n,m,T)   prob(n,m,T)/omega    
 13      1       32           -70814.54558      -61061.42989    0.152992E-01    0.478101E-03
 13      2       48           -70814.54591      -61061.43022    0.230014E-01    0.479196E-03
 13      3       96           -70814.57501      -61061.45931    0.562896E-01    0.586350E-03
 13      4      192           -70814.58531      -61061.46962    0.120917E+00    0.629778E-03
 13      5       96           -70814.60588      -61061.49019    0.697332E-01    0.726387E-03
 13      6       16           -70814.56608      -61061.45038    0.881805E-02    0.551128E-03
 13      7       48           -70814.61397      -61061.49827    0.368770E-01    0.768271E-03
 13      8       32           -70814.62200      -61061.50631    0.259941E-01    0.812316E-03
 14      1       48           -71565.03360      -61061.67824    0.128494E+00    0.267696E-02
 14      2       24           -71565.04294      -61061.68757    0.685452E-01    0.285605E-02
 14      3       48           -71565.06234      -61061.70698    0.156847E+00    0.326764E-02
 15      1       16           -72315.51012      -61061.91509    0.221439E+00    0.138399E-01
 16      1        1           -73065.97876      -61062.14406    0.677456E-01    0.677456E-01
 ------------------------------
  n      Cumulative prob(n,T) 
    13            0.35693
    14            0.35389
    15            0.22144
    16            0.06775
 ------------------------------

 ____________________________________________________________________________________________
 Ideal disorder limit
 Composition: x =   0.87500000000001055     
  n      m     omega(n,m)     E(n,m)                           prob(n,m,T)   prob(n,m,T)/omega    
 13      1       32           -70814.54558                    0.192258E-01    0.600805E-03
 13      2       48           -70814.54591                    0.288387E-01    0.600805E-03
 13      3       96           -70814.57501                    0.576773E-01    0.600805E-03
 13      4      192           -70814.58531                    0.115355E+00    0.600805E-03
 13      5       96           -70814.60588                    0.576773E-01    0.600805E-03
 13      6       16           -70814.56608                    0.961289E-02    0.600805E-03
 13      7       48           -70814.61397                    0.288387E-01    0.600805E-03
 13      8       32           -70814.62200                    0.192258E-01    0.600805E-03
 14      1       48           -71565.03360                    0.151208E+00    0.315017E-02
 14      2       24           -71565.04294                    0.756041E-01    0.315017E-02
 14      3       48           -71565.06234                    0.151208E+00    0.315017E-02
 15      1       16           -72315.51012                    0.234606E+00    0.146629E-01
 16      1        1           -73065.97876                    0.509223E-01    0.509223E-01
