Structure,Energy,Nucleus,delta_iso
01,-70814.545585,Sn01,637.331464188
01,-70814.545585,Sn02,648.238342924
01,-70814.545585,Sn03,648.23820565
01,-70814.545585,Sn04,656.946590213
01,-70814.545585,Sn05,658.549381599
01,-70814.545585,Sn06,648.279553605
01,-70814.545585,Sn07,648.279250126
01,-70814.545585,Sn08,658.544451983
01,-70814.545585,Sn09,658.54408392
01,-70814.545585,Sn10,648.274235149
01,-70814.545585,Sn11,656.653003406
01,-70814.545585,Sn12,656.652678744
01,-70814.545585,Sn13,648.274071269
02,-70814.545915,Sn01,646.364052659
02,-70814.545915,Sn02,646.363825554
02,-70814.545915,Sn03,646.36398985
02,-70814.545915,Sn04,646.363999673
02,-70814.545915,Sn05,659.037507501
02,-70814.545915,Sn06,651.052413435
02,-70814.545915,Sn07,656.684179646
02,-70814.545915,Sn08,651.052653149
02,-70814.545915,Sn09,656.683969177
02,-70814.545915,Sn10,659.037347153
02,-70814.545915,Sn11,656.684431198
02,-70814.545915,Sn12,656.684538605
02,-70814.545915,Sn13,638.322635714
03,-70814.575009,Sn01,638.540628241
03,-70814.575009,Sn02,647.377130441
03,-70814.575009,Sn03,638.540794014
03,-70814.575009,Sn04,647.377165592
03,-70814.575009,Sn05,650.669851132
03,-70814.575009,Sn06,657.635423868
03,-70814.575009,Sn07,648.591086895
03,-70814.575009,Sn08,648.590771982
03,-70814.575009,Sn09,657.635638842
03,-70814.575009,Sn10,649.200355598
03,-70814.575009,Sn11,647.23725861
03,-70814.575009,Sn12,659.612199723
03,-70814.575009,Sn13,649.200138579
04,-70814.585310,Sn01,647.399856792
04,-70814.585310,Sn02,637.417529537
04,-70814.585310,Sn03,647.776960208
04,-70814.585310,Sn04,648.728548817
04,-70814.585310,Sn05,647.383437424
04,-70814.585310,Sn06,649.282200271
04,-70814.585310,Sn07,647.324060005
04,-70814.585310,Sn08,649.076426788
04,-70814.585310,Sn09,657.536044663
04,-70814.585310,Sn10,650.105643811
04,-70814.585310,Sn11,657.379088915
04,-70814.585310,Sn12,659.004515261
04,-70814.585310,Sn13,640.995925609
05,-70814.605885,Sn01,638.711518064
05,-70814.605885,Sn02,638.209686872
05,-70814.605885,Sn03,639.231209168
05,-70814.605885,Sn04,647.7731181
05,-70814.605885,Sn05,650.136768599
05,-70814.605885,Sn06,649.493537778
05,-70814.605885,Sn07,649.973647938
05,-70814.605885,Sn08,647.93194608
05,-70814.605885,Sn09,649.396065641
05,-70814.605885,Sn10,650.111337697
05,-70814.605885,Sn11,649.412192084
05,-70814.605885,Sn12,658.59555208
05,-70814.605885,Sn13,639.182816866
06,-70814.566078,Sn01,656.917223675
06,-70814.566078,Sn02,646.886538633
06,-70814.566078,Sn03,646.889286188
06,-70814.566078,Sn04,656.920390521
06,-70814.566078,Sn05,646.887043171
06,-70814.566078,Sn06,646.887291993
06,-70814.566078,Sn07,646.88712454
06,-70814.566078,Sn08,656.918867021
06,-70814.566078,Sn09,646.888441574
06,-70814.566078,Sn10,656.915128086
06,-70814.566078,Sn11,656.920493067
06,-70814.566078,Sn12,656.921872684
06,-70814.566078,Sn13,642.860087248
07,-70814.613967,Sn01,647.983305828
07,-70814.613967,Sn02,649.546205987
07,-70814.613967,Sn03,639.761763835
07,-70814.613967,Sn04,649.546802764
07,-70814.613967,Sn05,647.983830872
07,-70814.613967,Sn06,639.761905459
07,-70814.613967,Sn07,649.54616439
07,-70814.613967,Sn08,647.983582965
07,-70814.613967,Sn09,647.984244073
07,-70814.613967,Sn10,649.546525693
07,-70814.613967,Sn11,641.098973192
07,-70814.613967,Sn12,656.587272092
07,-70814.613967,Sn13,641.10022232
08,-70814.622004,Sn01,648.459465123
08,-70814.622004,Sn02,638.704918526
08,-70814.622004,Sn03,648.527948783
08,-70814.622004,Sn04,638.704938189
08,-70814.622004,Sn05,648.45974041
08,-70814.622004,Sn06,648.527506269
08,-70814.622004,Sn07,638.721832819
08,-70814.622004,Sn08,648.380086295
08,-70814.622004,Sn09,648.380459861
08,-70814.622004,Sn10,648.57879687
08,-70814.622004,Sn11,642.175429572
08,-70814.622004,Sn12,648.528934767
08,-70814.622004,Sn13,648.57945905
