  0      1        1           -61059.13561      -61059.13561    0.129861E+00    0.129861E+00
  1      1       16           -61809.52206      -61058.90718    0.258963E+00    0.161852E-01
  2      1       48           -62559.91747      -61058.68771    0.105075E+00    0.218906E-02
  2      2       24           -62559.92649      -61058.69673    0.570385E-01    0.237660E-02
  2      3       48           -62559.93679      -61058.70702    0.125302E+00    0.261047E-02
  3      1       48           -63310.31227      -61058.46762    0.141313E-01    0.294402E-03
  3      2       32           -63310.31342      -61058.46878    0.952066E-02    0.297521E-03
  3      3       96           -63310.32148      -61058.47684    0.307382E-01    0.320189E-03
  3      4      192           -63310.33108      -61058.48644    0.671005E-01    0.349482E-03
  3      5       96           -63310.33003      -61058.48538    0.332291E-01    0.346137E-03
  3      6       48           -63310.32923      -61058.48459    0.164949E-01    0.343644E-03
  3      7       32           -63310.36223      -61058.51759    0.148560E-01    0.464249E-03
  3      8       16           -63310.29084      -61058.44620    0.387478E-02    0.242174E-03
  4      1       12           -64060.69708      -61058.23755    0.433784E-03    0.361487E-04
  4      2      192           -64060.71656      -61058.25704    0.828961E-02    0.431751E-04
  4      3      192           -64060.71491      -61058.25538    0.816541E-02    0.425282E-04
  4      4       96           -64060.72606      -61058.26654    0.451979E-02    0.470812E-04
  4      5       24           -64060.72769      -61058.26816    0.114682E-02    0.477842E-04
  4      6       96           -64060.73540      -61058.27588    0.492161E-02    0.512668E-04
  4      7       48           -64060.73390      -61058.27438    0.242734E-02    0.505696E-04
  4      8       96           -64060.71444      -61058.25492    0.406551E-02    0.423491E-04
  4      9      192           -64060.73261      -61058.27309    0.959577E-02    0.499779E-04
  4     10       96           -64060.75440      -61058.29487    0.585189E-02    0.609571E-04
  4     11       96           -64060.75643      -61058.29691    0.596129E-02    0.620968E-04
  4     12       96           -64060.72217      -61058.26265    0.436232E-02    0.454409E-04
  4     13       96           -64060.69587      -61058.23635    0.343239E-02    0.357541E-04
  4     14       96           -64060.72462      -61058.26510    0.446089E-02    0.464676E-04
  4     15       96           -64060.73338      -61058.27385    0.483146E-02    0.503277E-04
  4     16      192           -64060.74358      -61058.28405    0.106045E-01    0.552317E-04
  4     17       48           -64060.73462      -61058.27509    0.244319E-02    0.508998E-04
  4     18       24           -64060.74005      -61058.28053    0.128361E-02    0.534837E-04
  4     19        8           -64060.70845      -61058.24893    0.320780E-03    0.400975E-04
  4     20        4           -64060.71469      -61058.25516    0.169773E-03    0.424434E-04
  4     21       12           -64060.72936      -61058.26984    0.582217E-03    0.485181E-04
  4     22        8           -64060.80941      -61058.34988    0.805189E-03    0.100649E-03
  5      1       96           -64811.10732      -61058.03292    0.537303E-03    0.559691E-05
  5      2      192           -64811.12798      -61058.05357    0.129726E-02    0.675655E-05
  5      3       48           -64811.11935      -61058.04495    0.299784E-03    0.624550E-05
  5      4      192           -64811.11591      -61058.04150    0.116207E-02    0.605246E-05
  5      5       96           -64811.13305      -61058.05865    0.679348E-03    0.707654E-05
  5      6      192           -64811.14693      -61058.07253    0.154189E-02    0.803067E-05
  5      7       96           -64811.14333      -61058.06892    0.746048E-03    0.777133E-05
  5      8       96           -64811.11657      -61058.04216    0.584548E-03    0.608904E-05
  5      9       96           -64811.15908      -61058.08468    0.861240E-03    0.897125E-05
  5     10      192           -64811.12358      -61058.04918    0.124632E-02    0.649126E-05
  5     11       96           -64811.15460      -61058.08019    0.826769E-03    0.861218E-05
  5     12       96           -64811.13429      -61058.05989    0.687070E-03    0.715698E-05
  5     13       48           -64811.09652      -61058.02211    0.243452E-03    0.507191E-05
  5     14       96           -64811.09885      -61058.02445    0.497379E-03    0.518103E-05
  5     15       96           -64811.10455      -61058.03015    0.523892E-03    0.545720E-05
  5     16      192           -64811.12491      -61058.05051    0.126148E-02    0.657020E-05
  5     17      192           -64811.13724      -61058.06284    0.141158E-02    0.735199E-05
  5     18      192           -64811.14338      -61058.06898    0.149282E-02    0.777508E-05
  5     19      192           -64811.14607      -61058.07167    0.152988E-02    0.796810E-05
  5     20      192           -64811.15355      -61058.07915    0.163783E-02    0.853037E-05
  5     21       96           -64811.14266      -61058.06826    0.741518E-03    0.772415E-05
  5     22       96           -64811.16473      -61058.09032    0.906744E-03    0.944525E-05
  5     23      192           -64811.12660      -61058.05220    0.128109E-02    0.667233E-05
  5     24      192           -64811.13486      -61058.06046    0.138131E-02    0.719433E-05
  5     25      192           -64811.15418      -61058.07978    0.164723E-02    0.857934E-05
  5     26      192           -64811.14948      -61058.07508    0.157815E-02    0.821953E-05
  5     27       96           -64811.13234      -61058.05794    0.674952E-03    0.703075E-05
  5     28       96           -64811.14099      -61058.06659    0.730335E-03    0.760766E-05
  5     29       96           -64811.10918      -61058.03478    0.546491E-03    0.569262E-05
  5     30       48           -64811.11499      -61058.04059    0.288108E-03    0.600225E-05
  5     31       48           -64811.12250      -61058.04809    0.308511E-03    0.642732E-05
  5     32       96           -64811.15092      -61058.07652    0.799516E-03    0.832829E-05
  5     33       96           -64811.15329      -61058.07889    0.816992E-03    0.851033E-05
  5     34       48           -64811.17400      -61058.09959    0.493349E-03    0.102781E-04
  5     35       96           -64811.20776      -61058.13336    0.134229E-02    0.139822E-04
  6      1       48           -65561.52021      -61057.83092    0.426090E-04    0.887688E-06
  6      2       96           -65561.51663      -61057.82735    0.824856E-04    0.859225E-06
  6      3       96           -65561.53725      -61057.84796    0.995361E-04    0.103683E-05
  6      4       96           -65561.55042      -61057.86113    0.112235E-03    0.116911E-05
  6      5      192           -65561.54507      -61057.85579    0.213793E-03    0.111351E-05
  6      6      192           -65561.52659      -61057.83731    0.180651E-03    0.940889E-06
  6      7      192           -65561.55623      -61057.86694    0.236675E-03    0.123268E-05
  6      8       16           -65561.58156      -61057.89228    0.248466E-04    0.155291E-05
  6      9       48           -65561.53048      -61057.84119    0.467899E-04    0.974790E-06
  6     10      192           -65561.50648      -61057.81719    0.150385E-03    0.783256E-06
  6     11       96           -65561.50926      -61057.81997    0.771210E-04    0.803344E-06
  6     12       32           -65561.53261      -61057.84333    0.318069E-04    0.993965E-06
  6     13      192           -65561.53638      -61057.84709    0.197501E-03    0.102865E-05
  6     14      192           -65561.55508      -61057.86579    0.234211E-03    0.121985E-05
  6     15      192           -65561.56568      -61057.87639    0.257974E-03    0.134361E-05
  6     16      192           -65561.52769      -61057.83841    0.182466E-03    0.950345E-06
  6     17      192           -65561.54578      -61057.85649    0.215167E-03    0.112066E-05
  6     18       64           -65561.54481      -61057.85552    0.710937E-04    0.111084E-05
  6     19      192           -65561.55339      -61057.86411    0.230645E-03    0.120128E-05
  6     20       96           -65561.56876      -61057.87947    0.132659E-03    0.138186E-05
  6     21      192           -65561.56988      -61057.88060    0.268050E-03    0.139609E-05
  6     22      192           -65561.54427      -61057.85498    0.212226E-03    0.110534E-05
  6     23      192           -65561.55311      -61057.86382    0.230044E-03    0.119815E-05
  6     24      192           -65561.57385      -61057.88456    0.277916E-03    0.144748E-05
  6     25      192           -65561.56475      -61057.87547    0.255799E-03    0.133228E-05
  6     26       96           -65561.58096      -61057.89168    0.148272E-03    0.154450E-05
  6     27      192           -65561.56031      -61057.87103    0.245654E-03    0.127945E-05
  6     28       96           -65561.53571      -61057.84643    0.981557E-04    0.102245E-05
  6     29      192           -65561.55869      -61057.86940    0.242047E-03    0.126066E-05
  6     30      192           -65561.55524      -61057.86596    0.234559E-03    0.122166E-05
  6     31      192           -65561.55868      -61057.86939    0.242020E-03    0.126052E-05
  6     32      192           -65561.56461      -61057.87532    0.255470E-03    0.133057E-05
  6     33       48           -65561.50632      -61057.81703    0.375401E-04    0.782086E-06
  6     34      192           -65561.52438      -61057.83510    0.177041E-03    0.922090E-06
  6     35       32           -65561.54198      -61057.85270    0.346431E-04    0.108260E-05
  6     36      192           -65561.51409      -61057.82481    0.161189E-03    0.839528E-06
  6     37       48           -65561.51811      -61057.82882    0.418007E-04    0.870848E-06
  6     38       96           -65561.51989      -61057.83060    0.849690E-04    0.885094E-06
  6     39       96           -65561.51745      -61057.82817    0.831045E-04    0.865672E-06
  6     40       96           -65561.52718      -61057.83790    0.908091E-04    0.945928E-06
  6     41       48           -65561.51654      -61057.82726    0.412090E-04    0.858520E-06
  6     42      192           -65561.54816      -61057.85888    0.219901E-03    0.114532E-05
  6     43       24           -65561.51377      -61057.82449    0.200904E-04    0.837098E-06
  6     44       96           -65561.52518      -61057.83589    0.891677E-04    0.928830E-06
  6     45      192           -65561.54372      -61057.85443    0.211168E-03    0.109984E-05
  6     46      192           -65561.55012      -61057.86083    0.223855E-03    0.116591E-05
  6     47       96           -65561.54490      -61057.85562    0.106732E-03    0.111179E-05
  6     48       96           -65561.55341      -61057.86413    0.115340E-03    0.120146E-05
  6     49       96           -65561.57079      -61057.88151    0.135139E-03    0.140770E-05
  6     50       48           -65561.53532      -61057.84603    0.489010E-04    0.101877E-05
  6     51       96           -65561.57028      -61057.88100    0.134517E-03    0.140122E-05
  6     52      192           -65561.57470      -61057.88541    0.280075E-03    0.145872E-05
  6     53       96           -65561.57929      -61057.89001    0.146032E-03    0.152116E-05
  6     54       48           -65561.57496      -61057.88568    0.701881E-04    0.146225E-05
  6     55      192           -65561.56311      -61057.87383    0.252007E-03    0.131254E-05
  6     56       96           -65561.57904      -61057.88976    0.145699E-03    0.151770E-05
  6     57       16           -65561.54741      -61057.85813    0.181999E-04    0.113749E-05
  6     58       48           -65561.51364      -61057.82436    0.401324E-04    0.836091E-06
  6     59       48           -65561.55833      -61057.86904    0.603128E-04    0.125652E-05
  6     60       96           -65561.60610      -61057.91682    0.186454E-03    0.194223E-05
  6     61      192           -65561.59742      -61057.90813    0.344526E-03    0.179441E-05
  6     62       96           -65561.62828      -61057.93900    0.228241E-03    0.237751E-05
  6     63       96           -65561.60348      -61057.91419    0.182049E-03    0.189634E-05
  6     64       48           -65561.61413      -61057.92485    0.100308E-03    0.208975E-05
  6     65       48           -65561.59121      -61057.90192    0.813911E-04    0.169565E-05
  7      1      192           -66311.94451      -61057.64034    0.299958E-04    0.156228E-06
  7      2       48           -66311.97842      -61057.67426    0.102155E-04    0.212824E-06
  7      3       96           -66311.94963      -61057.64547    0.157152E-04    0.163700E-06
  7      4       96           -66311.91560      -61057.61144    0.115234E-04    0.120036E-06
  7      5       48           -66311.91094      -61057.60677    0.552177E-05    0.115037E-06
  7      6       96           -66311.93192      -61057.62776    0.133718E-04    0.139290E-06
  7      7       96           -66311.96458      -61057.66042    0.180092E-04    0.187596E-06
  7      8      192           -66311.94323      -61057.63907    0.296484E-04    0.154419E-06
  7      9      192           -66311.96152      -61057.65735    0.350270E-04    0.182432E-06
  7     10      192           -66311.97454      -61057.67037    0.394407E-04    0.205421E-06
  7     11      192           -66311.98827      -61057.68411    0.447002E-04    0.232814E-06
  7     12      192           -66311.96920      -61057.66504    0.375685E-04    0.195669E-06
  7     13      192           -66311.97897      -61057.67480    0.410665E-04    0.213888E-06
  7     14      192           -66311.95455      -61057.65038    0.328692E-04    0.171194E-06
  7     15      192           -66311.94879      -61057.64462    0.311890E-04    0.162443E-06
  7     16      192           -66311.97501      -61057.67084    0.396104E-04    0.206304E-06
  7     17      192           -66311.97941      -61057.67524    0.412308E-04    0.214744E-06
  7     18      192           -66311.97931      -61057.67514    0.411921E-04    0.214542E-06
  7     19       96           -66311.98554      -61057.68138    0.218012E-04    0.227095E-06
  7     20       96           -66311.97225      -61057.66809    0.193138E-04    0.201186E-06
  7     21      192           -66311.93300      -61057.62883    0.270078E-04    0.140666E-06
  7     22      192           -66311.95195      -61057.64778    0.321002E-04    0.167189E-06
  7     23       96           -66311.91308      -61057.60891    0.112616E-04    0.117308E-06
  7     24       96           -66311.92432      -61057.62016    0.124768E-04    0.129967E-06
  7     25      192           -66311.93376      -61057.62960    0.271971E-04    0.141651E-06
  7     26      192           -66311.94964      -61057.64547    0.314307E-04    0.163702E-06
  7     27      192           -66311.95674      -61057.65257    0.335335E-04    0.174654E-06
  7     28      192           -66311.94869      -61057.64453    0.311614E-04    0.162299E-06
  7     29       96           -66311.96376      -61057.65960    0.178753E-04    0.186201E-06
  7     30      192           -66311.92504      -61057.62087    0.251175E-04    0.130820E-06
  7     31       96           -66311.92608      -61057.62191    0.126780E-04    0.132063E-06
  7     32      192           -66311.94219      -61057.63803    0.293689E-04    0.152963E-06
  7     33      192           -66311.95534      -61057.65117    0.331083E-04    0.172439E-06
  7     34      192           -66311.93241      -61057.62824    0.268629E-04    0.139911E-06
  7     35      192           -66311.94584      -61057.64167    0.303617E-04    0.158134E-06
  7     36      192           -66311.96232      -61057.65815    0.352821E-04    0.183761E-06
  7     37      192           -66311.94051      -61057.63635    0.289223E-04    0.150637E-06
  7     38       96           -66311.94944      -61057.64528    0.156877E-04    0.163414E-06
  7     39      192           -66311.96984      -61057.66567    0.377866E-04    0.196805E-06
  7     40       96           -66311.93276      -61057.62859    0.134739E-04    0.140353E-06
  7     41      192           -66311.96916      -61057.66500    0.375548E-04    0.195598E-06
  7     42       96           -66311.96775      -61057.66358    0.185361E-04    0.193084E-06
  7     43       96           -66311.96666      -61057.66249    0.183530E-04    0.191177E-06
  7     44       96           -66311.99143      -61057.68727    0.230033E-04    0.239618E-06
  7     45       96           -66311.96841      -61057.66424    0.186488E-04    0.194258E-06
  7     46      192           -66311.97714      -61057.67297    0.403871E-04    0.210349E-06
  7     47      192           -66311.96119      -61057.65703    0.349221E-04    0.181886E-06
  7     48      192           -66311.99185      -61057.68768    0.461814E-04    0.240528E-06
  7     49      192           -66311.99770      -61057.69353    0.487123E-04    0.253710E-06
  7     50      192           -66311.97840      -61057.67424    0.408547E-04    0.212785E-06
  7     51       48           -66311.98007      -61057.67591    0.103703E-04    0.216047E-06
  7     52       96           -66311.96713      -61057.66297    0.184330E-04    0.192010E-06
  7     53       48           -66311.91035      -61057.60618    0.549220E-05    0.114421E-06
  7     54       96           -66311.93432      -61057.63015    0.136672E-04    0.142367E-06
  7     55      192           -66311.93864      -61057.63447    0.284329E-04    0.148088E-06
  7     56      192           -66311.94337      -61057.63920    0.296846E-04    0.154608E-06
  7     57       32           -66311.93053      -61057.62636    0.440112E-05    0.137535E-06
  7     58       96           -66311.95366      -61057.64950    0.163027E-04    0.169820E-06
  7     59       96           -66311.95312      -61057.64896    0.162226E-04    0.168986E-06
  7     60      192           -66311.96400      -61057.65984    0.358289E-04    0.186609E-06
  7     61       96           -66311.96270      -61057.65854    0.177036E-04    0.184412E-06
  7     62       16           -66311.93216      -61057.62800    0.223354E-05    0.139596E-06
  7     63       96           -66311.99363      -61057.68946    0.234684E-04    0.244463E-06
  7     64      192           -66312.02416      -61057.71999    0.619980E-04    0.322906E-06
  7     65      192           -66312.00195      -61057.69778    0.506357E-04    0.263727E-06
  7     66      192           -66312.02133      -61057.71717    0.604240E-04    0.314708E-06
  7     67      192           -66312.01008      -61057.70591    0.545304E-04    0.284013E-06
  7     68       64           -66311.99630      -61057.69214    0.160323E-04    0.250504E-06
  7     69       96           -66312.02607      -61057.72191    0.315452E-04    0.328596E-06
  7     70      192           -66312.01215      -61057.70798    0.555697E-04    0.289426E-06
  7     71      192           -66312.02303      -61057.71886    0.613643E-04    0.319606E-06
  7     72       96           -66311.98848      -61057.68432    0.223933E-04    0.233264E-06
  7     73      192           -66312.02080      -61057.71664    0.601316E-04    0.313186E-06
  7     74       96           -66311.98403      -61057.67986    0.215021E-04    0.223981E-06
  7     75       96           -66312.03621      -61057.73205    0.346007E-04    0.360424E-06
  7     76      192           -66311.98906      -61057.68489    0.450221E-04    0.234490E-06
  7     77       96           -66311.99918      -61057.69501    0.246863E-04    0.257149E-06
  7     78       96           -66311.95201      -61057.64784    0.160586E-04    0.167277E-06
  7     79       96           -66311.97882      -61057.67466    0.205057E-04    0.213601E-06
  7     80       48           -66311.97449      -61057.67032    0.985551E-05    0.205323E-06
  7     81       32           -66312.00074      -61057.69658    0.834701E-05    0.260844E-06
  7     82       16           -66312.07070      -61057.76653    0.789701E-05    0.493563E-06
  8      1       48           -67062.37149      -61057.45244    0.135237E-05    0.281743E-07
  8      2       96           -67062.33935      -61057.42031    0.201792E-05    0.210200E-07
  8      3      192           -67062.38655      -61057.46750    0.620573E-05    0.323215E-07
  8      4      192           -67062.36876      -61057.44971    0.527646E-05    0.274816E-07
  8      5      192           -67062.39867      -61057.47962    0.693048E-05    0.360963E-07
  8      6      192           -67062.39225      -61057.47320    0.653653E-05    0.340444E-07
  8      7       96           -67062.35957      -61057.44052    0.242626E-05    0.252736E-07
  8      8      192           -67062.33768      -61057.41863    0.397479E-05    0.207020E-07
  8      9      192           -67062.35671      -61057.43767    0.472791E-05    0.246245E-07
  8     10       96           -67062.36931      -61057.45026    0.265149E-05    0.276197E-07
  8     11      192           -67062.37592      -61057.45688    0.563270E-05    0.293370E-07
  8     12      192           -67062.37400      -61057.45496    0.553497E-05    0.288280E-07
  8     13       48           -67062.32089      -61057.40184    0.852665E-06    0.177639E-07
  8     14      192           -67062.34967      -61057.43062    0.443390E-05    0.230932E-07
  8     15      192           -67062.34013      -61057.42108    0.406456E-05    0.211696E-07
  8     16      192           -67062.35628      -61057.43723    0.470915E-05    0.245268E-07
  8     17      192           -67062.36970      -61057.45065    0.532197E-05    0.277186E-07
  8     18      192           -67062.36911      -61057.45006    0.529347E-05    0.275701E-07
  8     19       96           -67062.36918      -61057.45014    0.264850E-05    0.275885E-07
  8     20       96           -67062.38028      -61057.46123    0.293043E-05    0.305254E-07
  8     21       96           -67062.35428      -61057.43524    0.231214E-05    0.240848E-07
  8     22      192           -67062.36855      -61057.44950    0.526632E-05    0.274288E-07
  8     23      192           -67062.39009      -61057.47104    0.640914E-05    0.333809E-07
  8     24       96           -67062.37760      -61057.45855    0.285966E-05    0.297881E-07
  8     25       48           -67062.40669      -61057.48765    0.186412E-05    0.388359E-07
  8     26       96           -67062.38834      -61057.46929    0.315379E-05    0.328520E-07
  8     27       12           -67062.33386      -61057.41481    0.239924E-06    0.199937E-07
  8     28       96           -67062.36664      -61057.44759    0.258785E-05    0.269568E-07
  8     29       96           -67062.36557      -61057.44652    0.256259E-05    0.266937E-07
  8     30       96           -67062.38265      -61057.46360    0.299435E-05    0.311912E-07
  8     31      192           -67062.37600      -61057.45695    0.563666E-05    0.293576E-07
  8     32      192           -67062.40881      -61057.48976    0.760165E-05    0.395919E-07
  8     33      192           -67062.39069      -61057.47164    0.644435E-05    0.335643E-07
  8     34      192           -67062.39482      -61057.47577    0.669153E-05    0.348517E-07
  8     35      192           -67062.39888      -61057.47983    0.694383E-05    0.361658E-07
  8     36       48           -67062.38652      -61057.46747    0.155092E-05    0.323109E-07
  8     37       48           -67062.41005      -61057.49101    0.192210E-05    0.400438E-07
  8     38      192           -67062.33684      -61057.41780    0.394461E-05    0.205448E-07
  8     39      192           -67062.34865      -61057.42961    0.439302E-05    0.228803E-07
  8     40      192           -67062.35818      -61057.43914    0.479169E-05    0.249567E-07
  8     41       24           -67062.32830      -61057.40925    0.456122E-06    0.190051E-07
  8     42      192           -67062.35732      -61057.43828    0.475423E-05    0.247616E-07
  8     43       96           -67062.36696      -61057.44791    0.259529E-05    0.270343E-07
  8     44       96           -67062.37934      -61057.46030    0.290551E-05    0.302657E-07
  8     45       48           -67062.35793      -61057.43889    0.119519E-05    0.248999E-07
  8     46       96           -67062.36611      -61057.44706    0.257526E-05    0.268257E-07
  8     47      192           -67062.37410      -61057.45505    0.553987E-05    0.288535E-07
  8     48      192           -67062.38632      -61057.46728    0.619284E-05    0.322544E-07
  8     49      192           -67062.36835      -61057.44931    0.525707E-05    0.273805E-07
  8     50       48           -67062.36430      -61057.44526    0.126666E-05    0.263888E-07
  8     51       96           -67062.35851      -61057.43946    0.240291E-05    0.250303E-07
  8     52      192           -67062.41745      -61057.49840    0.822442E-05    0.428355E-07
  8     53      192           -67062.39766      -61057.47861    0.686709E-05    0.357661E-07
  8     54      192           -67062.42900      -61057.50995    0.913758E-05    0.475916E-07
  8     55       48           -67062.40622      -61057.48718    0.185617E-05    0.386702E-07
  8     56      192           -67062.41988      -61057.50083    0.840871E-05    0.437954E-07
  8     57      192           -67062.41906      -61057.50001    0.834640E-05    0.434708E-07
  8     58       96           -67062.42897      -61057.50992    0.456771E-05    0.475803E-07
  8     59      192           -67062.42367      -61057.50463    0.870494E-05    0.453382E-07
  8     60      192           -67062.43777      -61057.51873    0.989891E-05    0.515568E-07
  8     61      192           -67062.40146      -61057.48241    0.710914E-05    0.370268E-07
  8     62      192           -67062.43244      -61057.51340    0.942935E-05    0.491112E-07
  8     63      192           -67062.44145      -61057.52241    0.102365E-04    0.533152E-07
  8     64      192           -67062.39707      -61057.47802    0.683020E-05    0.355739E-07
  8     65       96           -67062.40749      -61057.48844    0.375529E-05    0.391176E-07
  8     66      192           -67062.42128      -61057.50223    0.851702E-05    0.443595E-07
  8     67      192           -67062.40120      -61057.48216    0.709244E-05    0.369398E-07
  8     68       96           -67062.35701      -61057.43796    0.237030E-05    0.246906E-07
  8     69       96           -67062.35604      -61057.43699    0.234943E-05    0.244732E-07
  8     70      192           -67062.37643      -61057.45738    0.565864E-05    0.294721E-07
  8     71       96           -67062.37170      -61057.45265    0.270997E-05    0.282288E-07
  8     72       96           -67062.39875      -61057.47971    0.346796E-05    0.361246E-07
  8     73      192           -67062.40666      -61057.48761    0.745411E-05    0.388235E-07
  8     74       96           -67062.41114      -61057.49210    0.388256E-05    0.404433E-07
  8     75       96           -67062.42871      -61057.50967    0.455702E-05    0.474690E-07
  8     76       24           -67062.40570      -61057.48665    0.923645E-06    0.384852E-07
  8     77       96           -67062.36628      -61057.44724    0.257942E-05    0.268690E-07
  8     78       96           -67062.36486      -61057.44582    0.254629E-05    0.265239E-07
  8     79       48           -67062.36441      -61057.44536    0.126789E-05    0.264143E-07
  8     80      192           -67062.39150      -61057.47246    0.649223E-05    0.338137E-07
  8     81      192           -67062.37530      -61057.45625    0.560070E-05    0.291703E-07
  8     82       96           -67062.41244      -61057.49339    0.392859E-05    0.409228E-07
  8     83       96           -67062.39691      -61057.47787    0.341025E-05    0.355234E-07
  8     84      192           -67062.42530      -61057.50625    0.883452E-05    0.460131E-07
  8     85      192           -67062.44172      -61057.52267    0.102610E-04    0.534427E-07
  8     86      192           -67062.41863      -61057.49958    0.831359E-05    0.433000E-07
  8     87       96           -67062.42418      -61057.50513    0.437255E-05    0.455474E-07
  8     88       96           -67062.41311      -61057.49406    0.395269E-05    0.411739E-07
  8     89      192           -67062.44060      -61057.52156    0.101573E-04    0.529027E-07
  8     90       48           -67062.41450      -61057.49545    0.200160E-05    0.417001E-07
  8     91       96           -67062.44096      -61057.52191    0.509526E-05    0.530757E-07
  8     92       48           -67062.47212      -61057.55307    0.338456E-05    0.705117E-07
  8     93       96           -67062.46959      -61057.55054    0.661449E-05    0.689009E-07
  8     94        6           -67062.34545      -61057.42640    0.133324E-06    0.222207E-07
  8     95       24           -67062.40391      -61057.48487    0.908729E-06    0.378637E-07
  8     96       48           -67062.45068      -61057.53164    0.278377E-05    0.579952E-07
  8     97       12           -67062.47861      -61057.55956    0.897677E-06    0.748064E-07
  9      1       16           -67812.76296      -61057.22903    0.588155E-07    0.367597E-08
  9      2       96           -67812.80679      -61057.27287    0.526256E-06    0.548183E-08
  9      3      192           -67812.77905      -61057.24512    0.817277E-06    0.425665E-08
  9      4      192           -67812.76004      -61057.22612    0.687297E-06    0.357967E-08
  9      5      192           -67812.79110      -61057.25717    0.912176E-06    0.475092E-08
  9      6      192           -67812.77669      -61057.24277    0.799940E-06    0.416636E-08
  9      7      192           -67812.78688      -61057.25296    0.877808E-06    0.457192E-08
  9      8      192           -67812.80827      -61057.27434    0.106673E-05    0.555588E-08
  9      9       96           -67812.81566      -61057.28173    0.570539E-06    0.594311E-08
  9     10       64           -67812.80977      -61057.27584    0.360479E-06    0.563248E-08
  9     11      192           -67812.79968      -61057.26575    0.986386E-06    0.513743E-08
  9     12       32           -67812.75844      -61057.22451    0.112883E-06    0.352758E-08
  9     13       96           -67812.76132      -61057.22739    0.347663E-06    0.362149E-08
  9     14      192           -67812.80434      -61057.27041    0.102919E-05    0.536036E-08
  9     15       96           -67812.81421      -61057.28028    0.563047E-06    0.586507E-08
  9     16       96           -67812.82611      -61057.29218    0.627590E-06    0.653740E-08
  9     17       96           -67812.75873      -61057.22480    0.339554E-06    0.353702E-08
  9     18       96           -67812.75730      -61057.22338    0.335172E-06    0.349137E-08
  9     19       96           -67812.77566      -61057.24174    0.396240E-06    0.412750E-08
  9     20       96           -67812.76941      -61057.23549    0.374292E-06    0.389887E-08
  9     21      192           -67812.79488      -61057.26095    0.944164E-06    0.491752E-08
  9     22      192           -67812.77850      -61057.24457    0.813197E-06    0.423540E-08
  9     23      192           -67812.78810      -61057.25417    0.887609E-06    0.462296E-08
  9     24      192           -67812.78696      -61057.25303    0.878416E-06    0.457509E-08
  9     25       48           -67812.77802      -61057.24409    0.202423E-06    0.421714E-08
  9     26       48           -67812.79165      -61057.25772    0.229190E-06    0.477480E-08
  9     27      192           -67812.81861      -61057.28468    0.117221E-05    0.610527E-08
  9     28      192           -67812.83925      -61057.30533    0.141494E-05    0.736950E-08
  9     29      192           -67812.83586      -61057.30193    0.137184E-05    0.714498E-08
  9     30       96           -67812.84881      -61057.31488    0.771857E-06    0.804018E-08
  9     31      192           -67812.84179      -61057.30786    0.144802E-05    0.754178E-08
  9     32      192           -67812.83873      -61057.30481    0.140824E-05    0.733458E-08
  9     33      192           -67812.81791      -61057.28398    0.116471E-05    0.606621E-08
  9     34       96           -67812.75800      -61057.22407    0.337289E-06    0.351343E-08
  9     35       96           -67812.77649      -61057.24257    0.399249E-06    0.415884E-08
  9     36      192           -67812.79496      -61057.26104    0.944922E-06    0.492147E-08
  9     37       96           -67812.78896      -61057.25503    0.447301E-06    0.465939E-08
  9     38      192           -67812.82654      -61057.29262    0.126013E-05    0.656319E-08
  9     39      192           -67812.80576      -61057.27183    0.104265E-05    0.543045E-08
  9     40       96           -67812.80616      -61057.27223    0.523213E-06    0.545014E-08
  9     41      192           -67812.82791      -61057.29398    0.127590E-05    0.664531E-08
  9     42       96           -67812.81007      -61057.27614    0.542194E-06    0.564785E-08
  9     43       96           -67812.84600      -61057.31207    0.752350E-06    0.783698E-08
  9     44       96           -67812.80759      -61057.27366    0.530074E-06    0.552160E-08
  9     45      192           -67812.78858      -61057.25466    0.891526E-06    0.464336E-08
  9     46      192           -67812.78535      -61057.25142    0.865619E-06    0.450843E-08
  9     47       96           -67812.80144      -61057.26751    0.501183E-06    0.522066E-08
  9     48      192           -67812.82713      -61057.29320    0.126685E-05    0.659817E-08
  9     49      192           -67812.79552      -61057.26159    0.949689E-06    0.494630E-08
  9     50      192           -67812.83546      -61057.30154    0.136688E-05    0.711917E-08
  9     51      192           -67812.81585      -61057.28192    0.114310E-05    0.595363E-08
  9     52      192           -67812.84622      -61057.31229    0.150772E-05    0.785272E-08
  9     53      192           -67812.85684      -61057.32291    0.166092E-05    0.865064E-08
  9     54       96           -67812.81905      -61057.28512    0.588472E-06    0.612992E-08
  9     55      192           -67812.82744      -61057.29351    0.127042E-05    0.661678E-08
  9     56      192           -67812.84162      -61057.30769    0.144574E-05    0.752989E-08
  9     57      192           -67812.85615      -61057.32223    0.165058E-05    0.859679E-08
  9     58       96           -67812.81278      -61057.27885    0.555760E-06    0.578917E-08
  9     59      192           -67812.86009      -61057.32616    0.171088E-05    0.891085E-08
  9     60      192           -67812.83829      -61057.30436    0.140251E-05    0.730475E-08
  9     61      192           -67812.84829      -61057.31436    0.153644E-05    0.800230E-08
  9     62      192           -67812.80518      -61057.27125    0.103713E-05    0.540172E-08
  9     63      192           -67812.85725      -61057.32332    0.166717E-05    0.868319E-08
  9     64       96           -67812.81455      -61057.28062    0.564821E-06    0.588355E-08
  9     65       96           -67812.79692      -61057.26299    0.480939E-06    0.500978E-08
  9     66      192           -67812.81048      -61057.27656    0.108853E-05    0.566941E-08
  9     67      192           -67812.83063      -61057.29670    0.130796E-05    0.681227E-08
  9     68      192           -67812.82720      -61057.29327    0.126768E-05    0.660250E-08
  9     69       48           -67812.87338      -61057.33946    0.482835E-06    0.100591E-07
  9     70       96           -67812.87207      -61057.33814    0.954120E-06    0.993875E-08
  9     71      192           -67812.88936      -61057.35543    0.223412E-05    0.116361E-07
  9     72       96           -67812.86915      -61057.33522    0.929109E-06    0.967821E-08
  9     73       48           -67812.77518      -61057.24125    0.197237E-06    0.410910E-08
  9     74       96           -67812.80572      -61057.27179    0.521133E-06    0.542847E-08
  9     75       96           -67812.84596      -61057.31203    0.752049E-06    0.783384E-08
  9     76      192           -67812.86070      -61057.32677    0.172039E-05    0.896037E-08
  9     77       96           -67812.85495      -61057.32102    0.816299E-06    0.850311E-08
  9     78       48           -67812.87663      -61057.34270    0.497318E-06    0.103608E-07
  9     79       96           -67812.89835      -61057.36442    0.121247E-05    0.126299E-07
  9     80       32           -67812.80120      -61057.26727    0.166700E-06    0.520939E-08
  9     81       96           -67812.89119      -61057.35726    0.113582E-05    0.118315E-07
  9     82       16           -67812.84558      -61057.31165    0.124910E-06    0.780689E-08
 10      1       96           -68563.19951      -61057.05070    0.694455E-07    0.723391E-09
 10      2      192           -68563.22623      -61057.07742    0.177204E-06    0.922938E-09
 10      3       96           -68563.19852      -61057.04972    0.688254E-07    0.716931E-09
 10      4       96           -68563.19838      -61057.04958    0.687370E-07    0.716010E-09
 10      5       48           -68563.21124      -61057.06243    0.386428E-07    0.805059E-09
 10      6       48           -68563.24170      -61057.09290    0.510109E-07    0.106273E-08
 10      7      192           -68563.19709      -61057.04828    0.135861E-06    0.707607E-09
 10      8       96           -68563.20784      -61057.05903    0.749270E-07    0.780489E-09
 10      9       96           -68563.21364      -61057.06484    0.789966E-07    0.822881E-09
 10     10      192           -68563.25766      -61057.10886    0.236002E-06    0.122918E-08
 10     11       96           -68563.19797      -61057.04916    0.684780E-07    0.713313E-09
 10     12      192           -68563.22825      -61057.07945    0.180499E-06    0.940099E-09
 10     13       96           -68563.24672      -61057.09791    0.106793E-06    0.111243E-08
 10     14      192           -68563.24614      -61057.09733    0.212466E-06    0.110659E-08
 10     15       96           -68563.22693      -61057.07813    0.891709E-07    0.928863E-09
 10     16      192           -68563.22335      -61057.07455    0.172614E-06    0.899031E-09
 10     17      192           -68563.25546      -61057.10666    0.231316E-06    0.120477E-08
 10     18      192           -68563.25561      -61057.10680    0.231614E-06    0.120632E-08
 10     19      192           -68563.25470      -61057.10590    0.229717E-06    0.119644E-08
 10     20      192           -68563.26407      -61057.11526    0.250187E-06    0.130306E-08
 10     21      192           -68563.27507      -61057.12626    0.276583E-06    0.144054E-08
 10     22      192           -68563.27252      -61057.12372    0.270238E-06    0.140749E-08
 10     23      192           -68563.23484      -61057.08603    0.191664E-06    0.998250E-09
 10     24      192           -68563.19848      -61057.04967    0.137598E-06    0.716656E-09
 10     25       96           -68563.19666      -61057.04785    0.676645E-07    0.704839E-09
 10     26       96           -68563.23259      -61057.08378    0.938890E-07    0.978011E-09
 10     27      192           -68563.22735      -61057.07854    0.179013E-06    0.932358E-09
 10     28       64           -68563.25601      -61057.10720    0.774874E-07    0.121074E-08
 10     29      192           -68563.24584      -61057.09703    0.211886E-06    0.110357E-08
 10     30      192           -68563.22906      -61057.08025    0.181830E-06    0.947032E-09
 10     31      192           -68563.24792      -61057.09911    0.215941E-06    0.112470E-08
 10     32      192           -68563.24485      -61057.09605    0.209992E-06    0.109371E-08
 10     33      192           -68563.26372      -61057.11491    0.249393E-06    0.129892E-08
 10     34       96           -68563.22979      -61057.08099    0.915262E-07    0.953398E-09
 10     35       48           -68563.20800      -61057.05920    0.375189E-07    0.781643E-09
 10     36      192           -68563.24395      -61057.09515    0.208272E-06    0.108475E-08
 10     37       48           -68563.20696      -61057.05815    0.371635E-07    0.774239E-09
 10     38      192           -68563.28889      -61057.14008    0.313703E-06    0.163387E-08
 10     39      192           -68563.28843      -61057.13963    0.312416E-06    0.162717E-08
 10     40       96           -68563.29626      -61057.14745    0.167752E-06    0.174741E-08
 10     41       96           -68563.29383      -61057.14503    0.164089E-06    0.170926E-08
 10     42       32           -68563.25704      -61057.10823    0.391099E-07    0.122218E-08
 10     43       16           -68563.27082      -61057.12201    0.221727E-07    0.138580E-08
 10     44       48           -68563.20535      -61057.05654    0.366217E-07    0.762952E-09
 10     45      192           -68563.25355      -61057.10474    0.227315E-06    0.118393E-08
 10     46       48           -68563.24488      -61057.09607    0.525108E-07    0.109398E-08
 10     47      192           -68563.27231      -61057.12350    0.269697E-06    0.140467E-08
 10     48      192           -68563.25558      -61057.10677    0.231548E-06    0.120598E-08
 10     49       48           -68563.21547      -61057.06666    0.401602E-07    0.836670E-09
 10     50       48           -68563.26774      -61057.11893    0.646748E-07    0.134739E-08
 10     51      192           -68563.29441      -61057.14560    0.329911E-06    0.171829E-08
 10     52      192           -68563.30566      -61057.15685    0.365517E-06    0.190373E-08
 10     53       24           -68563.22534      -61057.07653    0.219711E-07    0.915464E-09
 10     54       96           -68563.30286      -61057.15405    0.178159E-06    0.185582E-08
 10     55       96           -68563.21527      -61057.06647    0.801784E-07    0.835192E-09
 10     56       32           -68563.24851      -61057.09971    0.361857E-07    0.113080E-08
 10     57       96           -68563.26640      -61057.11759    0.127784E-06    0.133108E-08
 10     58       48           -68563.30263      -61057.15382    0.888954E-07    0.185199E-08
 10     59       96           -68563.30455      -61057.15574    0.180930E-06    0.188469E-08
 10     60       96           -68563.30780      -61057.15900    0.186372E-06    0.194138E-08
 10     61       16           -68563.23690      -61057.08809    0.162751E-07    0.101719E-08
 10     62       96           -68563.29162      -61057.14281    0.160807E-06    0.167507E-08
 10     63       48           -68563.30391      -61057.15510    0.899371E-07    0.187369E-08
 10     64       96           -68563.29514      -61057.14634    0.166058E-06    0.172977E-08
 10     65       48           -68563.32761      -61057.17880    0.111625E-06    0.232553E-08
 11      1       96           -69313.62809      -61056.86441    0.127090E-07    0.132386E-09
 11      2       48           -69313.62715      -61056.86346    0.630017E-08    0.131254E-09
 11      3       96           -69313.65893      -61056.89524    0.168341E-07    0.175356E-09
 11      4      192           -69313.68541      -61056.92172    0.428602E-07    0.223230E-09
 11      5       96           -69313.62681      -61056.86313    0.125616E-07    0.130850E-09
 11      6      192           -69313.65819      -61056.89451    0.334428E-07    0.174181E-09
 11      7      192           -69313.65744      -61056.89376    0.332150E-07    0.172995E-09
 11      8      192           -69313.65830      -61056.89461    0.334742E-07    0.174345E-09
 11      9      192           -69313.67591      -61056.91222    0.393029E-07    0.204702E-09
 11     10      192           -69313.65793      -61056.89424    0.333634E-07    0.173767E-09
 11     11       96           -69313.63928      -61056.87559    0.140736E-07    0.146600E-09
 11     12       96           -69313.70426      -61056.94057    0.254478E-07    0.265082E-09
 11     13      192           -69313.70946      -61056.94577    0.533654E-07    0.277945E-09
 11     14       96           -69313.68995      -61056.92626    0.223354E-07    0.232661E-09
 11     15       96           -69313.70310      -61056.93942    0.251811E-07    0.262303E-09
 11     16      192           -69313.66833      -61056.90464    0.366788E-07    0.191036E-09
 11     17      192           -69313.70143      -61056.93774    0.495999E-07    0.258333E-09
 11     18       48           -69313.70704      -61056.94335    0.130499E-07    0.271873E-09
 11     19      192           -69313.71851      -61056.95482    0.579552E-07    0.301850E-09
 11     20       48           -69313.64847      -61056.88478    0.765170E-08    0.159410E-09
 11     21       96           -69313.66195      -61056.89826    0.173034E-07    0.180244E-09
 11     22       48           -69313.62968      -61056.86599    0.644705E-08    0.134313E-09
 11     23      192           -69313.67752      -61056.91383    0.398865E-07    0.207742E-09
 11     24       96           -69313.68931      -61056.92562    0.222055E-07    0.231307E-09
 11     25       96           -69313.71057      -61056.94688    0.269533E-07    0.280764E-09
 11     26      192           -69313.71815      -61056.95446    0.577643E-07    0.300856E-09
 11     27       96           -69313.68511      -61056.92142    0.213710E-07    0.222615E-09
 11     28       96           -69313.71676      -61056.95307    0.285198E-07    0.297081E-09
 11     29       96           -69313.73547      -61056.97178    0.338232E-07    0.352325E-09
 11     30       96           -69313.68841      -61056.92472    0.220247E-07    0.229424E-09
 11     31       96           -69313.73744      -61056.97375    0.344348E-07    0.358696E-09
 11     32      192           -69313.74174      -61056.97805    0.716215E-07    0.373029E-09
 11     33       96           -69313.72588      -61056.96219    0.309902E-07    0.322815E-09
 11     34       48           -69313.73495      -61056.97126    0.168312E-07    0.350649E-09
 11     35       96           -69313.72839      -61056.96471    0.317101E-07    0.330313E-09
 12      1        8           -70064.06517      -61056.68660    0.209416E-09    0.261770E-10
 12      2      192           -70064.09310      -61056.71453    0.648323E-08    0.337668E-10
 12      3       96           -70064.12351      -61056.74494    0.427722E-08    0.445544E-10
 12      4       96           -70064.13387      -61056.75530    0.470055E-08    0.489641E-10
 12      5       96           -70064.13171      -61056.75314    0.460920E-08    0.480125E-10
 12      6       96           -70064.09231      -61056.71374    0.321844E-08    0.335254E-10
 12      7      192           -70064.12289      -61056.74432    0.850577E-08    0.443009E-10
 12      8       12           -70064.07365      -61056.69508    0.339361E-09    0.282801E-10
 12      9       96           -70064.14746      -61056.76889    0.532078E-08    0.554248E-10
 12     10      192           -70064.15224      -61056.77367    0.111148E-07    0.578896E-10
 12     11       96           -70064.12175      -61056.74318    0.420888E-08    0.438425E-10
 12     12       24           -70064.12149      -61056.74292    0.104980E-08    0.437419E-10
 12     13       96           -70064.16960      -61056.79103    0.651057E-08    0.678184E-10
 12     14       48           -70064.13176      -61056.75319    0.230559E-08    0.480331E-10
 12     15       48           -70064.13138      -61056.75281    0.229770E-08    0.478687E-10
 12     16       96           -70064.16325      -61056.78468    0.614429E-08    0.640030E-10
 12     17       96           -70064.14087      -61056.76230    0.501028E-08    0.521904E-10
 12     18      192           -70064.17831      -61056.79974    0.140973E-07    0.734234E-10
 12     19       24           -70064.18632      -61056.80775    0.189558E-08    0.789823E-10
 12     20        4           -70064.09081      -61056.71224    0.132279E-09    0.330698E-10
 12     21       12           -70064.18951      -61056.81094    0.975790E-09    0.813158E-10
 12     22        8           -70064.18482      -61056.80625    0.623289E-09    0.779111E-10
 13      1       32           -70814.54558      -61056.55213    0.245876E-09    0.768361E-11
 13      2       48           -70814.54591      -61056.55246    0.369925E-09    0.770676E-11
 13      3       96           -70814.57501      -61056.58156    0.964552E-09    0.100474E-10
 13      4      192           -70814.58531      -61056.59186    0.211903E-08    0.110366E-10
 13      5       96           -70814.60588      -61056.61243    0.127809E-08    0.133135E-10
 13      6       16           -70814.56608      -61056.57263    0.148189E-09    0.926183E-11
 13      7       48           -70814.61397      -61056.62052    0.687906E-09    0.143314E-10
 13      8       32           -70814.62200      -61056.62855    0.493465E-09    0.154208E-10
 14      1       48           -71565.03360      -61056.42527    0.116024E-09    0.241717E-11
 14      2       24           -71565.04294      -61056.43460    0.631654E-10    0.263189E-11
 14      3       48           -71565.06234      -61056.45401    0.150782E-09    0.314129E-11
 15      1       16           -72315.51012      -61056.28691    0.109561E-10    0.684757E-12
 16      1        1           -73065.97876      -61056.14066    0.180535E-12    0.180535E-12
