  -680.000  0.000000E+00  0.000000E+00  0.000000E+00  0.000000E+00  0.000000E+00
  -679.900  0.000000E+00  0.000000E+00  0.000000E+00  0.000000E+00  0.000000E+00
  -679.800  0.000000E+00  0.000000E+00  0.000000E+00  0.000000E+00  0.000000E+00
  -679.700  0.000000E+00  0.000000E+00  0.000000E+00  0.000000E+00  0.000000E+00
  -679.600  0.000000E+00  0.000000E+00  0.000000E+00  0.000000E+00  0.000000E+00
  -679.500  0.000000E+00  0.000000E+00  0.000000E+00  0.000000E+00  0.000000E+00
  -679.400  0.000000E+00  0.000000E+00  0.000000E+00  0.000000E+00  0.000000E+00
  -679.300  0.000000E+00  0.000000E+00  0.000000E+00  0.000000E+00  0.000000E+00
  -679.200  0.000000E+00  0.000000E+00  0.000000E+00  0.000000E+00  0.000000E+00
  -679.100  0.000000E+00  0.000000E+00  0.000000E+00  0.000000E+00  0.000000E+00
  -679.000  0.000000E+00  0.000000E+00  0.000000E+00  0.000000E+00  0.000000E+00
  -678.900  0.000000E+00  0.000000E+00  0.000000E+00  0.000000E+00  0.000000E+00
  -678.800  0.000000E+00  0.000000E+00  0.000000E+00  0.000000E+00  0.000000E+00
  -678.700  0.000000E+00  0.000000E+00  0.000000E+00  0.000000E+00  0.000000E+00
  -678.600  0.000000E+00  0.000000E+00  0.000000E+00  0.000000E+00  0.000000E+00
  -678.500  0.000000E+00  0.000000E+00  0.000000E+00  0.000000E+00  0.000000E+00
  -678.400  0.000000E+00  0.000000E+00  0.000000E+00  0.000000E+00  0.000000E+00
  -678.300  0.000000E+00  0.000000E+00  0.000000E+00  0.000000E+00  0.000000E+00
  -678.200  0.000000E+00  0.000000E+00  0.000000E+00  0.000000E+00  0.000000E+00
  -678.100  0.000000E+00  0.000000E+00  0.000000E+00  0.000000E+00  0.000000E+00
  -678.000  0.000000E+00  0.000000E+00  0.000000E+00  0.000000E+00  0.000000E+00
  -677.900  0.000000E+00  0.000000E+00  0.000000E+00  0.000000E+00  0.000000E+00
  -677.800  0.000000E+00  0.000000E+00  0.000000E+00  0.000000E+00  0.000000E+00
  -677.700  0.000000E+00  0.000000E+00  0.000000E+00  0.000000E+00  0.000000E+00
  -677.600  0.000000E+00  0.000000E+00  0.000000E+00  0.000000E+00  0.000000E+00
  -677.500  0.000000E+00  0.000000E+00  0.000000E+00  0.000000E+00  0.000000E+00
  -677.400  0.000000E+00  0.000000E+00  0.000000E+00  0.000000E+00  0.000000E+00
  -677.300  0.000000E+00  0.000000E+00  0.000000E+00  0.000000E+00  0.000000E+00
  -677.200  0.000000E+00  0.000000E+00  0.000000E+00  0.000000E+00  0.000000E+00
  -677.100  0.000000E+00  0.000000E+00  0.000000E+00  0.000000E+00  0.000000E+00
  -677.000  0.000000E+00  0.000000E+00  0.000000E+00  0.000000E+00  0.000000E+00
  -676.900  0.000000E+00  0.000000E+00  0.000000E+00  0.000000E+00  0.000000E+00
  -676.800  0.000000E+00  0.000000E+00  0.000000E+00  0.000000E+00  0.000000E+00
  -676.700  0.000000E+00  0.000000E+00  0.000000E+00  0.000000E+00  0.000000E+00
  -676.600  0.000000E+00  0.000000E+00  0.000000E+00  0.000000E+00  0.000000E+00
  -676.500  0.000000E+00  0.000000E+00  0.000000E+00  0.000000E+00  0.000000E+00
  -676.400  0.000000E+00  0.000000E+00  0.000000E+00  0.000000E+00  0.000000E+00
  -676.300  0.000000E+00  0.000000E+00  0.000000E+00  0.000000E+00  0.000000E+00
  -676.200  0.000000E+00  0.000000E+00  0.000000E+00  0.000000E+00  0.000000E+00
  -676.100  0.000000E+00  0.000000E+00  0.000000E+00  0.000000E+00  0.000000E+00
  -676.000  0.000000E+00  0.000000E+00  0.000000E+00  0.000000E+00  0.000000E+00
  -675.900  0.000000E+00  0.000000E+00  0.000000E+00  0.000000E+00  0.000000E+00
  -675.800  0.000000E+00  0.000000E+00  0.000000E+00  0.000000E+00  0.000000E+00
  -675.700  0.000000E+00  0.000000E+00  0.000000E+00  0.000000E+00  0.000000E+00
  -675.600  0.000000E+00  0.000000E+00  0.000000E+00  0.000000E+00  0.000000E+00
  -675.500  0.000000E+00  0.000000E+00  0.000000E+00  0.000000E+00  0.000000E+00
  -675.400  0.000000E+00  0.000000E+00  0.000000E+00  0.000000E+00  0.000000E+00
  -675.300  0.000000E+00  0.000000E+00  0.000000E+00  0.000000E+00  0.000000E+00
  -675.200  0.000000E+00  0.000000E+00  0.000000E+00  0.000000E+00  0.000000E+00
  -675.100  0.000000E+00  0.000000E+00  0.000000E+00  0.000000E+00  0.000000E+00
  -675.000  0.000000E+00  0.000000E+00  0.000000E+00  0.000000E+00  0.000000E+00
  -674.900  0.000000E+00  0.000000E+00  0.000000E+00  0.000000E+00  0.000000E+00
  -674.800  0.000000E+00  0.000000E+00  0.000000E+00  0.000000E+00  0.000000E+00
  -674.700  0.000000E+00  0.000000E+00  0.000000E+00  0.000000E+00  0.000000E+00
  -674.600  0.000000E+00  0.000000E+00  0.000000E+00  0.000000E+00  0.000000E+00
  -674.500  0.000000E+00  0.000000E+00  0.000000E+00  0.000000E+00  0.000000E+00
  -674.400  0.000000E+00  0.000000E+00  0.000000E+00  0.000000E+00  0.000000E+00
  -674.300  0.000000E+00  0.000000E+00  0.000000E+00  0.000000E+00  0.000000E+00
  -674.200  0.000000E+00  0.000000E+00  0.000000E+00  0.000000E+00  0.000000E+00
  -674.100  0.000000E+00  0.000000E+00  0.000000E+00  0.000000E+00  0.000000E+00
  -674.000  0.000000E+00  0.000000E+00  0.000000E+00  0.000000E+00  0.000000E+00
  -673.900  0.000000E+00  0.000000E+00  0.000000E+00  0.000000E+00  0.000000E+00
  -673.800  0.000000E+00  0.000000E+00  0.000000E+00  0.000000E+00  0.000000E+00
  -673.700  0.000000E+00  0.000000E+00  0.000000E+00  0.000000E+00  0.000000E+00
  -673.600  0.000000E+00  0.000000E+00  0.000000E+00  0.000000E+00  0.000000E+00
  -673.500  0.000000E+00  0.000000E+00  0.000000E+00  0.000000E+00  0.000000E+00
  -673.400  0.000000E+00  0.000000E+00  0.000000E+00  0.000000E+00  0.000000E+00
  -673.300  0.000000E+00  0.000000E+00  0.000000E+00  0.000000E+00  0.000000E+00
  -673.200  0.000000E+00  0.000000E+00  0.000000E+00  0.000000E+00  0.000000E+00
  -673.100  0.000000E+00  0.000000E+00  0.000000E+00  0.000000E+00  0.000000E+00
  -673.000  0.000000E+00  0.000000E+00  0.000000E+00  0.000000E+00  0.000000E+00
  -672.900  0.000000E+00  0.000000E+00  0.000000E+00  0.000000E+00  0.000000E+00
  -672.800  0.000000E+00  0.000000E+00  0.000000E+00  0.000000E+00  0.000000E+00
  -672.700  0.000000E+00  0.000000E+00  0.000000E+00  0.000000E+00  0.000000E+00
  -672.600  0.000000E+00  0.000000E+00  0.000000E+00  0.000000E+00  0.000000E+00
  -672.500  0.000000E+00  0.000000E+00  0.000000E+00  0.000000E+00  0.000000E+00
  -672.400  0.000000E+00  0.000000E+00  0.000000E+00  0.000000E+00  0.000000E+00
  -672.300  0.000000E+00  0.000000E+00  0.000000E+00  0.000000E+00  0.000000E+00
  -672.200  0.000000E+00  0.000000E+00  0.000000E+00  0.000000E+00  0.000000E+00
  -672.100  0.000000E+00  0.000000E+00  0.000000E+00  0.000000E+00  0.000000E+00
  -672.000  0.000000E+00  0.000000E+00  0.000000E+00  0.000000E+00  0.000000E+00
  -671.900  0.000000E+00  0.000000E+00  0.000000E+00  0.000000E+00  0.000000E+00
  -671.800  0.000000E+00  0.000000E+00  0.000000E+00  0.000000E+00  0.000000E+00
  -671.700  0.000000E+00  0.000000E+00  0.000000E+00  0.000000E+00  0.000000E+00
  -671.600  0.000000E+00  0.000000E+00  0.000000E+00  0.000000E+00  0.000000E+00
  -671.500  0.000000E+00  0.000000E+00  0.000000E+00  0.000000E+00  0.000000E+00
  -671.400  0.000000E+00  0.000000E+00  0.000000E+00  0.000000E+00  0.000000E+00
  -671.300  0.000000E+00  0.000000E+00  0.000000E+00  0.000000E+00  0.000000E+00
  -671.200  0.000000E+00  0.000000E+00  0.000000E+00  0.000000E+00  0.000000E+00
  -671.100  0.000000E+00  0.000000E+00  0.000000E+00  0.000000E+00  0.000000E+00
  -671.000  0.000000E+00  0.000000E+00  0.000000E+00  0.000000E+00  0.000000E+00
  -670.900  0.000000E+00  0.000000E+00  0.000000E+00  0.000000E+00  0.000000E+00
  -670.800  0.000000E+00  0.000000E+00  0.000000E+00  0.000000E+00  0.000000E+00
  -670.700  0.000000E+00  0.000000E+00  0.000000E+00  0.000000E+00  0.000000E+00
  -670.600  0.000000E+00  0.000000E+00  0.000000E+00  0.000000E+00  0.000000E+00
  -670.500  0.000000E+00  0.000000E+00  0.000000E+00  0.000000E+00  0.000000E+00
  -670.400  0.000000E+00  0.000000E+00  0.000000E+00  0.000000E+00  0.000000E+00
  -670.300  0.000000E+00  0.000000E+00  0.000000E+00  0.000000E+00  0.000000E+00
  -670.200  0.000000E+00  0.000000E+00  0.000000E+00  0.000000E+00  0.000000E+00
  -670.100  0.000000E+00  0.000000E+00  0.000000E+00  0.000000E+00  0.000000E+00
  -670.000  0.000000E+00  0.000000E+00  0.000000E+00  0.000000E+00  0.000000E+00
  -669.900  0.000000E+00  0.000000E+00  0.000000E+00  0.000000E+00  0.000000E+00
  -669.800  0.000000E+00  0.000000E+00  0.000000E+00  0.000000E+00  0.000000E+00
  -669.700  0.000000E+00  0.000000E+00  0.000000E+00  0.000000E+00  0.000000E+00
  -669.600  0.000000E+00  0.000000E+00  0.000000E+00  0.000000E+00  0.000000E+00
  -669.500  0.000000E+00  0.000000E+00  0.000000E+00  0.000000E+00  0.000000E+00
  -669.400  0.000000E+00  0.000000E+00  0.000000E+00  0.000000E+00  0.000000E+00
  -669.300  0.000000E+00  0.000000E+00  0.000000E+00  0.000000E+00  0.000000E+00
  -669.200  0.000000E+00  0.000000E+00  0.000000E+00  0.000000E+00  0.000000E+00
  -669.100  0.000000E+00  0.000000E+00  0.000000E+00  0.000000E+00  0.000000E+00
  -669.000  0.000000E+00  0.000000E+00  0.000000E+00  0.000000E+00  0.000000E+00
  -668.900  0.000000E+00  0.000000E+00  0.000000E+00  0.000000E+00  0.000000E+00
  -668.800  0.000000E+00  0.000000E+00  0.000000E+00  0.000000E+00  0.000000E+00
  -668.700  0.000000E+00  0.000000E+00  0.000000E+00  0.000000E+00  0.000000E+00
  -668.600  0.000000E+00  0.000000E+00  0.000000E+00  0.000000E+00  0.000000E+00
  -668.500  0.000000E+00  0.000000E+00  0.000000E+00  0.000000E+00  0.000000E+00
  -668.400  0.000000E+00  0.000000E+00  0.000000E+00  0.000000E+00  0.000000E+00
  -668.300  0.000000E+00  0.000000E+00  0.000000E+00  0.000000E+00  0.000000E+00
  -668.200  0.000000E+00  0.000000E+00  0.000000E+00  0.000000E+00  0.000000E+00
  -668.100  0.000000E+00  0.000000E+00  0.000000E+00  0.000000E+00  0.000000E+00
  -668.000  0.000000E+00  0.000000E+00  0.000000E+00  0.000000E+00  0.000000E+00
  -667.900  0.000000E+00  0.000000E+00  0.000000E+00  0.000000E+00  0.000000E+00
  -667.800  0.000000E+00  0.000000E+00  0.000000E+00  0.000000E+00  0.000000E+00
  -667.700  0.000000E+00  0.000000E+00  0.000000E+00  0.000000E+00  0.000000E+00
  -667.600  0.000000E+00  0.000000E+00  0.000000E+00  0.000000E+00  0.000000E+00
  -667.500  0.000000E+00  0.000000E+00  0.000000E+00  0.000000E+00  0.000000E+00
  -667.400  0.000000E+00  0.000000E+00  0.000000E+00  0.000000E+00  0.000000E+00
  -667.300  0.000000E+00  0.000000E+00  0.000000E+00  0.000000E+00  0.000000E+00
  -667.200  0.000000E+00  0.000000E+00  0.000000E+00  0.000000E+00  0.000000E+00
  -667.100  0.415313E-05  0.415262E-05  0.413248E-05  0.411794E-05  0.384846E-05
  -667.000  0.681426E-05  0.681339E-05  0.678033E-05  0.675647E-05  0.631431E-05
  -666.900  0.110278E-04  0.110263E-04  0.109728E-04  0.109342E-04  0.102186E-04
  -666.800  0.176032E-04  0.176007E-04  0.175153E-04  0.174536E-04  0.163113E-04
  -666.700  0.277163E-04  0.277122E-04  0.275776E-04  0.274804E-04  0.256817E-04
  -666.600  0.430454E-04  0.430388E-04  0.428295E-04  0.426786E-04  0.398849E-04
  -666.500  0.659445E-04  0.659337E-04  0.656128E-04  0.653815E-04  0.611013E-04
  -666.400  0.996554E-04  0.996378E-04  0.991526E-04  0.988027E-04  0.923340E-04
  -666.300  0.148562E-03  0.148533E-03  0.147809E-03  0.147287E-03  0.137643E-03
  -666.200  0.218480E-03  0.218435E-03  0.217369E-03  0.216601E-03  0.202416E-03
  -666.100  0.316983E-03  0.316912E-03  0.315363E-03  0.314247E-03  0.293665E-03
  -666.000  0.453730E-03  0.453618E-03  0.451398E-03  0.449799E-03  0.420333E-03
  -665.900  0.640798E-03  0.640625E-03  0.637483E-03  0.635223E-03  0.593600E-03
  -665.800  0.892968E-03  0.892701E-03  0.888314E-03  0.885159E-03  0.827145E-03
  -665.700  0.122793E-02  0.122752E-02  0.122147E-02  0.121713E-02  0.113733E-02
  -665.600  0.166637E-02  0.166575E-02  0.165752E-02  0.165161E-02  0.154329E-02
  -665.500  0.223188E-02  0.223095E-02  0.221989E-02  0.221196E-02  0.206684E-02
  -665.400  0.295067E-02  0.294930E-02  0.293462E-02  0.292410E-02  0.273218E-02
  -665.300  0.385104E-02  0.384902E-02  0.382978E-02  0.381601E-02  0.356542E-02
  -665.200  0.496255E-02  0.495961E-02  0.493469E-02  0.491689E-02  0.459381E-02
  -665.100  0.631499E-02  0.631076E-02  0.627888E-02  0.625613E-02  0.584477E-02
  -665.000  0.793712E-02  0.793108E-02  0.789076E-02  0.786203E-02  0.734468E-02
  -664.900  0.985517E-02  0.984668E-02  0.979625E-02  0.976039E-02  0.911756E-02
  -664.800  0.120914E-01  0.120796E-01  0.120172E-01  0.119730E-01  0.111836E-01
  -664.700  0.146627E-01  0.146464E-01  0.145701E-01  0.145161E-01  0.135580E-01
  -664.600  0.175790E-01  0.175569E-01  0.174644E-01  0.173992E-01  0.162493E-01
  -664.500  0.208423E-01  0.208127E-01  0.207018E-01  0.206238E-01  0.192589E-01
  -664.400  0.244463E-01  0.244070E-01  0.242753E-01  0.241830E-01  0.225800E-01
  -664.300  0.283753E-01  0.283239E-01  0.281689E-01  0.280607E-01  0.261974E-01
  -664.200  0.326046E-01  0.325383E-01  0.323576E-01  0.322319E-01  0.300874E-01
  -664.100  0.371011E-01  0.370165E-01  0.368076E-01  0.366628E-01  0.342184E-01
  -664.000  0.418229E-01  0.417165E-01  0.414770E-01  0.413117E-01  0.385511E-01
  -663.900  0.467208E-01  0.465887E-01  0.463163E-01  0.461293E-01  0.430392E-01
  -663.800  0.517386E-01  0.515767E-01  0.512694E-01  0.510594E-01  0.476302E-01
  -663.700  0.568132E-01  0.566174E-01  0.562735E-01  0.560395E-01  0.522656E-01
  -663.600  0.618754E-01  0.616419E-01  0.612599E-01  0.610013E-01  0.568817E-01
  -663.500  0.668499E-01  0.665751E-01  0.661542E-01  0.658707E-01  0.614094E-01
  -663.400  0.716557E-01  0.713366E-01  0.708765E-01  0.705680E-01  0.657747E-01
  -663.300  0.762060E-01  0.758405E-01  0.753418E-01  0.750088E-01  0.698990E-01
  -663.200  0.804098E-01  0.799968E-01  0.794606E-01  0.791042E-01  0.736999E-01
  -663.100  0.841726E-01  0.837122E-01  0.831408E-01  0.827625E-01  0.770923E-01
  -663.000  0.873990E-01  0.868928E-01  0.862893E-01  0.858913E-01  0.799906E-01
  -662.900  0.899960E-01  0.894470E-01  0.888155E-01  0.884005E-01  0.823116E-01
  -662.800  0.918769E-01  0.912896E-01  0.906351E-01  0.902064E-01  0.839779E-01
  -662.700  0.929658E-01  0.923461E-01  0.916746E-01  0.912361E-01  0.849220E-01
  -662.600  0.932030E-01  0.925580E-01  0.918763E-01  0.914323E-01  0.850910E-01
  -662.500  0.925498E-01  0.918877E-01  0.912029E-01  0.907579E-01  0.844511E-01
  -662.400  0.909925E-01  0.903221E-01  0.896417E-01  0.892007E-01  0.829910E-01
  -662.300  0.885457E-01  0.878761E-01  0.872078E-01  0.867754E-01  0.807248E-01
  -662.200  0.852535E-01  0.845939E-01  0.839450E-01  0.835259E-01  0.776935E-01
  -662.100  0.811895E-01  0.805485E-01  0.799259E-01  0.795244E-01  0.739644E-01
  -662.000  0.764541E-01  0.758395E-01  0.752493E-01  0.748692E-01  0.696288E-01
  -661.900  0.711702E-01  0.705888E-01  0.700360E-01  0.696805E-01  0.647986E-01
  -661.800  0.654776E-01  0.649347E-01  0.644233E-01  0.640947E-01  0.596007E-01
  -661.700  0.595266E-01  0.590258E-01  0.585582E-01  0.582582E-01  0.541712E-01
  -661.600  0.534704E-01  0.530133E-01  0.525909E-01  0.523202E-01  0.486489E-01
  -661.500  0.474585E-01  0.470451E-01  0.466675E-01  0.464259E-01  0.431689E-01
  -661.400  0.416314E-01  0.412591E-01  0.409247E-01  0.407112E-01  0.378579E-01
  -661.300  0.361156E-01  0.357798E-01  0.354855E-01  0.352981E-01  0.328299E-01
  -661.200  0.310220E-01  0.307152E-01  0.304564E-01  0.302926E-01  0.281840E-01
  -661.100  0.264452E-01  0.261570E-01  0.259278E-01  0.257839E-01  0.240044E-01
  -661.000  0.224659E-01  0.221820E-01  0.219746E-01  0.218463E-01  0.203619E-01
  -660.900  0.191543E-01  0.188560E-01  0.186610E-01  0.185427E-01  0.173173E-01
  -660.800  0.165765E-01  0.162391E-01  0.160449E-01  0.159300E-01  0.149265E-01
  -660.700  0.148009E-01  0.143927E-01  0.141847E-01  0.140654E-01  0.132467E-01
  -660.600  0.139061E-01  0.133860E-01  0.131467E-01  0.130131E-01  0.123428E-01
  -660.500  0.139887E-01  0.133044E-01  0.130118E-01  0.128521E-01  0.122947E-01
  -660.400  0.151698E-01  0.142555E-01  0.138828E-01  0.136825E-01  0.132032E-01
  -660.300  0.176015E-01  0.163751E-01  0.158892E-01  0.156309E-01  0.151953E-01
  -660.200  0.214698E-01  0.198306E-01  0.191918E-01  0.188542E-01  0.184274E-01
  -660.100  0.269963E-01  0.248226E-01  0.239832E-01  0.235410E-01  0.230867E-01
  -660.000  0.344347E-01  0.315826E-01  0.304864E-01  0.299098E-01  0.293890E-01
  -659.900  0.440655E-01  0.403678E-01  0.389496E-01  0.382044E-01  0.375741E-01
  -659.800  0.561852E-01  0.514522E-01  0.496382E-01  0.486852E-01  0.478968E-01
  -659.700  0.710920E-01  0.651135E-01  0.628218E-01  0.616176E-01  0.606156E-01
  -659.600  0.890682E-01  0.816178E-01  0.787596E-01  0.772574E-01  0.759775E-01
  -659.500  0.110359E+00  0.101200E+00  0.976827E-01  0.958331E-01  0.942009E-01
  -659.400  0.135153E+00  0.124047E+00  0.119775E+00  0.117527E+00  0.115457E+00
  -659.300  0.163554E+00  0.150271E+00  0.145153E+00  0.142459E+00  0.139853E+00
  -659.200  0.195569E+00  0.179901E+00  0.173851E+00  0.170663E+00  0.167411E+00
  -659.100  0.231088E+00  0.212858E+00  0.205803E+00  0.202082E+00  0.198058E+00
  -659.000  0.269870E+00  0.248953E+00  0.240835E+00  0.236550E+00  0.231617E+00
  -658.900  0.311549E+00  0.287877E+00  0.278662E+00  0.273792E+00  0.267800E+00
  -658.800  0.355628E+00  0.329209E+00  0.318887E+00  0.313425E+00  0.306215E+00
  -658.700  0.401500E+00  0.372421E+00  0.361014E+00  0.354968E+00  0.346373E+00
  -658.600  0.448463E+00  0.416900E+00  0.404460E+00  0.397857E+00  0.387704E+00
  -658.500  0.495748E+00  0.461966E+00  0.448580E+00  0.441460E+00  0.429578E+00
  -658.400  0.542551E+00  0.506897E+00  0.492683E+00  0.485106E+00  0.471329E+00
  -658.300  0.588058E+00  0.550958E+00  0.536062E+00  0.528102E+00  0.512277E+00
  -658.200  0.631480E+00  0.593422E+00  0.578015E+00  0.569759E+00  0.551752E+00
  -658.100  0.672076E+00  0.633591E+00  0.617865E+00  0.609409E+00  0.589114E+00
  -658.000  0.709171E+00  0.670818E+00  0.654973E+00  0.646423E+00  0.623767E+00
  -657.900  0.742172E+00  0.704512E+00  0.688755E+00  0.680214E+00  0.655169E+00
  -657.800  0.770574E+00  0.734146E+00  0.718677E+00  0.710252E+00  0.682836E+00
  -657.700  0.793958E+00  0.759259E+00  0.744269E+00  0.736059E+00  0.706343E+00
  -657.600  0.811991E+00  0.779456E+00  0.765114E+00  0.757210E+00  0.725325E+00
  -657.500  0.824417E+00  0.794404E+00  0.780857E+00  0.773336E+00  0.739470E+00
  -657.400  0.831059E+00  0.803833E+00  0.791198E+00  0.784125E+00  0.748523E+00
  -657.300  0.831810E+00  0.807540E+00  0.795903E+00  0.789327E+00  0.752284E+00
  -657.200  0.826641E+00  0.805397E+00  0.794807E+00  0.788760E+00  0.750619E+00
  -657.100  0.815607E+00  0.797356E+00  0.787833E+00  0.782330E+00  0.743467E+00
  -657.000  0.798854E+00  0.783470E+00  0.775000E+00  0.770041E+00  0.730852E+00
  -656.900  0.776634E+00  0.763904E+00  0.756443E+00  0.752012E+00  0.712902E+00
  -656.800  0.749313E+00  0.738949E+00  0.732426E+00  0.728494E+00  0.689858E+00
  -656.700  0.717386E+00  0.709032E+00  0.703354E+00  0.699878E+00  0.662087E+00
  -656.600  0.681471E+00  0.674720E+00  0.669771E+00  0.666700E+00  0.630085E+00
  -656.500  0.642312E+00  0.636714E+00  0.632364E+00  0.629637E+00  0.594473E+00
  -656.400  0.600761E+00  0.595835E+00  0.591940E+00  0.589490E+00  0.555988E+00
  -656.300  0.557755E+00  0.552999E+00  0.549406E+00  0.547160E+00  0.515460E+00
  -656.200  0.514287E+00  0.509190E+00  0.505740E+00  0.503620E+00  0.473784E+00
  -656.100  0.471366E+00  0.465416E+00  0.461948E+00  0.459876E+00  0.431890E+00
  -656.000  0.429980E+00  0.422675E+00  0.419027E+00  0.416925E+00  0.390704E+00
  -655.900  0.391049E+00  0.381910E+00  0.377927E+00  0.375717E+00  0.351114E+00
  -655.800  0.355395E+00  0.343975E+00  0.339509E+00  0.337118E+00  0.313940E+00
  -655.700  0.323704E+00  0.309603E+00  0.304521E+00  0.301882E+00  0.279902E+00
  -655.600  0.296503E+00  0.279386E+00  0.273572E+00  0.270627E+00  0.249606E+00
  -655.500  0.274153E+00  0.253760E+00  0.247124E+00  0.243825E+00  0.223534E+00
  -655.400  0.256842E+00  0.233007E+00  0.225487E+00  0.221803E+00  0.202040E+00
  -655.300  0.244592E+00  0.217262E+00  0.208830E+00  0.204745E+00  0.185359E+00
  -655.200  0.237283E+00  0.206526E+00  0.197194E+00  0.192710E+00  0.173617E+00
  -655.100  0.234674E+00  0.200692E+00  0.190514E+00  0.185655E+00  0.166851E+00
  -655.000  0.236429E+00  0.199566E+00  0.188639E+00  0.183451E+00  0.165027E+00
  -654.900  0.242157E+00  0.202894E+00  0.191360E+00  0.185910E+00  0.168053E+00
  -654.800  0.251433E+00  0.210384E+00  0.198427E+00  0.192803E+00  0.175798E+00
  -654.700  0.263826E+00  0.221725E+00  0.209568E+00  0.203874E+00  0.188099E+00
  -654.600  0.278922E+00  0.236600E+00  0.224495E+00  0.218854E+00  0.204761E+00
  -654.500  0.296331E+00  0.254688E+00  0.242911E+00  0.237455E+00  0.225561E+00
  -654.400  0.315696E+00  0.275668E+00  0.264507E+00  0.259374E+00  0.250234E+00
  -654.300  0.336687E+00  0.299212E+00  0.288955E+00  0.284285E+00  0.278467E+00
  -654.200  0.358996E+00  0.324974E+00  0.315898E+00  0.311825E+00  0.309882E+00
  -654.100  0.382319E+00  0.352578E+00  0.344938E+00  0.341584E+00  0.344030E+00
  -654.000  0.406350E+00  0.381611E+00  0.375629E+00  0.373100E+00  0.380380E+00
  -653.900  0.430761E+00  0.411612E+00  0.407467E+00  0.405851E+00  0.418320E+00
  -653.800  0.455197E+00  0.442073E+00  0.439897E+00  0.439256E+00  0.457159E+00
  -653.700  0.479273E+00  0.472441E+00  0.472314E+00  0.472687E+00  0.496144E+00
  -653.600  0.502572E+00  0.502133E+00  0.504082E+00  0.505480E+00  0.534482E+00
  -653.500  0.524657E+00  0.530550E+00  0.534549E+00  0.536959E+00  0.571364E+00
  -653.400  0.545086E+00  0.557099E+00  0.563078E+00  0.566465E+00  0.606003E+00
  -653.300  0.563431E+00  0.581224E+00  0.589071E+00  0.593379E+00  0.637664E+00
  -653.200  0.579301E+00  0.602432E+00  0.612003E+00  0.617161E+00  0.665704E+00
  -653.100  0.592367E+00  0.620317E+00  0.631444E+00  0.637370E+00  0.689599E+00
  -653.000  0.602381E+00  0.634583E+00  0.647085E+00  0.653691E+00  0.708971E+00
  -652.900  0.609194E+00  0.645065E+00  0.658756E+00  0.665950E+00  0.723602E+00
  -652.800  0.612770E+00  0.651731E+00  0.666428E+00  0.674123E+00  0.733449E+00
  -652.700  0.613190E+00  0.654690E+00  0.670222E+00  0.678333E+00  0.738632E+00
  -652.600  0.610650E+00  0.654184E+00  0.670392E+00  0.678843E+00  0.739430E+00
  -652.500  0.605449E+00  0.650565E+00  0.667311E+00  0.676037E+00  0.736257E+00
  -652.400  0.597973E+00  0.644284E+00  0.661449E+00  0.670392E+00  0.729633E+00
  -652.300  0.588671E+00  0.635851E+00  0.653336E+00  0.662450E+00  0.720152E+00
  -652.200  0.578027E+00  0.625809E+00  0.643535E+00  0.652781E+00  0.708442E+00
  -652.100  0.566525E+00  0.614696E+00  0.632597E+00  0.641945E+00  0.695128E+00
  -652.000  0.554623E+00  0.603010E+00  0.621033E+00  0.630457E+00  0.680790E+00
  -651.900  0.542714E+00  0.591179E+00  0.609277E+00  0.618754E+00  0.665935E+00
  -651.800  0.531106E+00  0.579528E+00  0.597659E+00  0.607167E+00  0.650959E+00
  -651.700  0.519998E+00  0.568263E+00  0.586383E+00  0.595898E+00  0.636134E+00
  -651.600  0.509464E+00  0.557458E+00  0.575519E+00  0.585015E+00  0.621593E+00
  -651.500  0.499457E+00  0.547053E+00  0.565000E+00  0.574446E+00  0.607329E+00
  -651.400  0.489809E+00  0.536862E+00  0.554633E+00  0.563993E+00  0.593202E+00
  -651.300  0.480249E+00  0.526595E+00  0.544117E+00  0.553353E+00  0.578966E+00
  -651.200  0.470430E+00  0.515883E+00  0.533077E+00  0.542143E+00  0.564291E+00
  -651.100  0.459960E+00  0.504317E+00  0.521096E+00  0.529944E+00  0.548802E+00
  -651.000  0.448439E+00  0.491482E+00  0.507756E+00  0.516337E+00  0.532118E+00
  -650.900  0.435495E+00  0.477000E+00  0.492677E+00  0.500941E+00  0.513891E+00
  -650.800  0.420822E+00  0.460566E+00  0.475558E+00  0.483456E+00  0.493843E+00
  -650.700  0.404204E+00  0.441976E+00  0.456200E+00  0.463688E+00  0.471795E+00
  -650.600  0.385542E+00  0.421151E+00  0.434534E+00  0.441573E+00  0.447689E+00
  -650.500  0.364863E+00  0.398147E+00  0.410627E+00  0.417186E+00  0.421599E+00
  -650.400  0.342320E+00  0.373151E+00  0.384684E+00  0.390738E+00  0.393728E+00
  -650.300  0.318184E+00  0.346474E+00  0.357031E+00  0.362567E+00  0.364396E+00
  -650.200  0.292822E+00  0.318530E+00  0.328099E+00  0.333111E+00  0.334023E+00
  -650.100  0.266676E+00  0.289804E+00  0.298390E+00  0.302882E+00  0.303095E+00
  -650.000  0.240229E+00  0.260823E+00  0.268448E+00  0.272434E+00  0.272137E+00
  -649.900  0.213977E+00  0.232121E+00  0.238823E+00  0.242322E+00  0.241679E+00
  -649.800  0.188395E+00  0.204211E+00  0.210038E+00  0.213077E+00  0.212221E+00
  -649.700  0.163914E+00  0.177550E+00  0.182563E+00  0.185174E+00  0.184211E+00
  -649.600  0.140901E+00  0.152528E+00  0.156793E+00  0.159012E+00  0.158022E+00
  -649.500  0.119640E+00  0.129444E+00  0.133033E+00  0.134898E+00  0.133940E+00
  -649.400  0.100332E+00  0.108505E+00  0.111491E+00  0.113042E+00  0.112155E+00
  -649.300  0.830897E-01  0.898247E-01  0.922816E-01  0.935568E-01  0.927644E-01
  -649.200  0.679435E-01  0.734300E-01  0.754286E-01  0.764651E-01  0.757780E-01
  -649.100  0.548533E-01  0.592710E-01  0.608782E-01  0.617111E-01  0.611309E-01
  -649.000  0.437199E-01  0.472354E-01  0.485129E-01  0.491746E-01  0.486962E-01
  -648.900  0.343992E-01  0.371637E-01  0.381674E-01  0.386871E-01  0.383013E-01
  -648.800  0.267168E-01  0.288651E-01  0.296445E-01  0.300478E-01  0.297432E-01
  -648.700  0.204818E-01  0.221313E-01  0.227294E-01  0.230388E-01  0.228030E-01
  -648.600  0.154983E-01  0.167495E-01  0.172030E-01  0.174376E-01  0.172586E-01
  -648.500  0.115748E-01  0.125124E-01  0.128523E-01  0.130280E-01  0.128947E-01
  -648.400  0.853185E-02  0.922601E-02  0.947759E-02  0.960765E-02  0.951015E-02
  -648.300  0.620675E-02  0.671436E-02  0.689835E-02  0.699347E-02  0.692347E-02
  -648.200  0.445620E-02  0.482284E-02  0.495576E-02  0.502448E-02  0.497515E-02
  -648.100  0.315745E-02  0.341899E-02  0.351385E-02  0.356290E-02  0.352875E-02
  -648.000  0.220786E-02  0.239211E-02  0.245898E-02  0.249355E-02  0.247035E-02
  -647.900  0.152357E-02  0.165175E-02  0.169830E-02  0.172237E-02  0.170689E-02
  -647.800  0.103753E-02  0.112559E-02  0.115759E-02  0.117415E-02  0.116401E-02
  -647.700  0.697243E-03  0.756975E-03  0.778700E-03  0.789941E-03  0.783434E-03
  -647.600  0.462385E-03  0.502390E-03  0.516954E-03  0.524492E-03  0.520394E-03
  -647.500  0.302591E-03  0.329043E-03  0.338683E-03  0.343673E-03  0.341145E-03
  -647.400  0.195405E-03  0.212673E-03  0.218972E-03  0.222234E-03  0.220707E-03
  -647.300  0.124520E-03  0.135647E-03  0.139711E-03  0.141816E-03  0.140915E-03
  -647.200  0.783000E-04  0.853781E-04  0.879661E-04  0.893075E-04  0.887876E-04
  -647.100  0.485846E-04  0.530289E-04  0.546558E-04  0.554994E-04  0.552074E-04
  -647.000  0.297472E-04  0.325015E-04  0.335111E-04  0.340348E-04  0.338755E-04
  -646.900  0.179721E-04  0.196570E-04  0.202753E-04  0.205961E-04  0.205121E-04
  -646.800  0.107142E-04  0.117313E-04  0.121050E-04  0.122991E-04  0.122565E-04
  -646.700  0.630254E-05  0.690854E-05  0.713150E-05  0.724732E-05  0.722685E-05
  -646.600  0.365822E-05  0.401453E-05  0.414579E-05  0.421401E-05  0.420485E-05
  -646.500  0.000000E+00  0.000000E+00  0.000000E+00  0.000000E+00  0.000000E+00
  -646.400  0.000000E+00  0.000000E+00  0.000000E+00  0.000000E+00  0.000000E+00
  -646.300  0.000000E+00  0.000000E+00  0.000000E+00  0.000000E+00  0.000000E+00
  -646.200  0.000000E+00  0.000000E+00  0.000000E+00  0.000000E+00  0.000000E+00
  -646.100  0.000000E+00  0.000000E+00  0.000000E+00  0.000000E+00  0.000000E+00
  -646.000  0.000000E+00  0.000000E+00  0.000000E+00  0.000000E+00  0.000000E+00
  -645.900  0.000000E+00  0.000000E+00  0.000000E+00  0.000000E+00  0.000000E+00
  -645.800  0.000000E+00  0.000000E+00  0.000000E+00  0.000000E+00  0.000000E+00
  -645.700  0.000000E+00  0.000000E+00  0.000000E+00  0.000000E+00  0.000000E+00
  -645.600  0.000000E+00  0.000000E+00  0.000000E+00  0.000000E+00  0.000000E+00
  -645.500  0.000000E+00  0.000000E+00  0.000000E+00  0.000000E+00  0.000000E+00
  -645.400  0.000000E+00  0.000000E+00  0.000000E+00  0.000000E+00  0.000000E+00
  -645.300  0.000000E+00  0.000000E+00  0.000000E+00  0.000000E+00  0.000000E+00
  -645.200  0.000000E+00  0.000000E+00  0.000000E+00  0.000000E+00  0.000000E+00
  -645.100  0.000000E+00  0.000000E+00  0.000000E+00  0.000000E+00  0.000000E+00
  -645.000  0.000000E+00  0.000000E+00  0.000000E+00  0.000000E+00  0.000000E+00
  -644.900  0.000000E+00  0.000000E+00  0.000000E+00  0.000000E+00  0.000000E+00
  -644.800  0.000000E+00  0.000000E+00  0.000000E+00  0.000000E+00  0.000000E+00
  -644.700  0.000000E+00  0.000000E+00  0.000000E+00  0.000000E+00  0.000000E+00
  -644.600  0.000000E+00  0.000000E+00  0.000000E+00  0.000000E+00  0.000000E+00
  -644.500  0.000000E+00  0.000000E+00  0.000000E+00  0.000000E+00  0.000000E+00
  -644.400  0.000000E+00  0.000000E+00  0.000000E+00  0.000000E+00  0.000000E+00
  -644.300  0.000000E+00  0.000000E+00  0.000000E+00  0.000000E+00  0.000000E+00
  -644.200  0.000000E+00  0.000000E+00  0.000000E+00  0.000000E+00  0.000000E+00
  -644.100  0.000000E+00  0.000000E+00  0.000000E+00  0.000000E+00  0.000000E+00
  -644.000  0.000000E+00  0.000000E+00  0.000000E+00  0.000000E+00  0.000000E+00
  -643.900  0.000000E+00  0.000000E+00  0.000000E+00  0.000000E+00  0.000000E+00
  -643.800  0.000000E+00  0.000000E+00  0.000000E+00  0.000000E+00  0.000000E+00
  -643.700  0.000000E+00  0.000000E+00  0.000000E+00  0.000000E+00  0.000000E+00
  -643.600  0.000000E+00  0.000000E+00  0.000000E+00  0.000000E+00  0.000000E+00
  -643.500  0.000000E+00  0.000000E+00  0.000000E+00  0.000000E+00  0.000000E+00
  -643.400  0.000000E+00  0.000000E+00  0.000000E+00  0.000000E+00  0.000000E+00
  -643.300  0.000000E+00  0.000000E+00  0.000000E+00  0.000000E+00  0.000000E+00
  -643.200  0.000000E+00  0.000000E+00  0.000000E+00  0.000000E+00  0.000000E+00
  -643.100  0.000000E+00  0.000000E+00  0.000000E+00  0.000000E+00  0.000000E+00
  -643.000  0.000000E+00  0.000000E+00  0.000000E+00  0.000000E+00  0.000000E+00
  -642.900  0.000000E+00  0.000000E+00  0.000000E+00  0.000000E+00  0.000000E+00
  -642.800  0.000000E+00  0.000000E+00  0.000000E+00  0.000000E+00  0.000000E+00
  -642.700  0.000000E+00  0.000000E+00  0.000000E+00  0.000000E+00  0.000000E+00
  -642.600  0.000000E+00  0.000000E+00  0.000000E+00  0.000000E+00  0.000000E+00
  -642.500  0.000000E+00  0.000000E+00  0.000000E+00  0.000000E+00  0.000000E+00
  -642.400  0.000000E+00  0.000000E+00  0.000000E+00  0.000000E+00  0.000000E+00
  -642.300  0.000000E+00  0.000000E+00  0.000000E+00  0.000000E+00  0.000000E+00
  -642.200  0.000000E+00  0.000000E+00  0.000000E+00  0.000000E+00  0.000000E+00
  -642.100  0.000000E+00  0.000000E+00  0.000000E+00  0.000000E+00  0.000000E+00
  -642.000  0.000000E+00  0.000000E+00  0.000000E+00  0.000000E+00  0.000000E+00
  -641.900  0.000000E+00  0.000000E+00  0.000000E+00  0.000000E+00  0.000000E+00
  -641.800  0.000000E+00  0.000000E+00  0.000000E+00  0.000000E+00  0.000000E+00
  -641.700  0.000000E+00  0.000000E+00  0.000000E+00  0.000000E+00  0.000000E+00
  -641.600  0.000000E+00  0.000000E+00  0.000000E+00  0.000000E+00  0.000000E+00
  -641.500  0.000000E+00  0.000000E+00  0.000000E+00  0.000000E+00  0.000000E+00
  -641.400  0.000000E+00  0.000000E+00  0.000000E+00  0.000000E+00  0.000000E+00
  -641.300  0.000000E+00  0.000000E+00  0.000000E+00  0.000000E+00  0.000000E+00
  -641.200  0.000000E+00  0.000000E+00  0.000000E+00  0.000000E+00  0.000000E+00
  -641.100  0.000000E+00  0.000000E+00  0.000000E+00  0.000000E+00  0.000000E+00
  -641.000  0.000000E+00  0.000000E+00  0.000000E+00  0.000000E+00  0.000000E+00
  -640.900  0.000000E+00  0.000000E+00  0.000000E+00  0.000000E+00  0.000000E+00
  -640.800  0.000000E+00  0.000000E+00  0.000000E+00  0.000000E+00  0.000000E+00
  -640.700  0.000000E+00  0.000000E+00  0.000000E+00  0.000000E+00  0.000000E+00
  -640.600  0.000000E+00  0.000000E+00  0.000000E+00  0.000000E+00  0.000000E+00
  -640.500  0.000000E+00  0.000000E+00  0.000000E+00  0.000000E+00  0.000000E+00
  -640.400  0.000000E+00  0.000000E+00  0.000000E+00  0.000000E+00  0.000000E+00
  -640.300  0.000000E+00  0.000000E+00  0.000000E+00  0.000000E+00  0.000000E+00
  -640.200  0.000000E+00  0.000000E+00  0.000000E+00  0.000000E+00  0.000000E+00
  -640.100  0.000000E+00  0.000000E+00  0.000000E+00  0.000000E+00  0.000000E+00
  -640.000  0.000000E+00  0.000000E+00  0.000000E+00  0.000000E+00  0.000000E+00
  -639.900  0.000000E+00  0.000000E+00  0.000000E+00  0.000000E+00  0.000000E+00
  -639.800  0.000000E+00  0.000000E+00  0.000000E+00  0.000000E+00  0.000000E+00
  -639.700  0.000000E+00  0.000000E+00  0.000000E+00  0.000000E+00  0.000000E+00
  -639.600  0.000000E+00  0.000000E+00  0.000000E+00  0.000000E+00  0.000000E+00
  -639.500  0.000000E+00  0.000000E+00  0.000000E+00  0.000000E+00  0.000000E+00
  -639.400  0.000000E+00  0.000000E+00  0.000000E+00  0.000000E+00  0.000000E+00
  -639.300  0.000000E+00  0.000000E+00  0.000000E+00  0.000000E+00  0.000000E+00
  -639.200  0.000000E+00  0.000000E+00  0.000000E+00  0.000000E+00  0.000000E+00
  -639.100  0.000000E+00  0.000000E+00  0.000000E+00  0.000000E+00  0.000000E+00
  -639.000  0.000000E+00  0.000000E+00  0.000000E+00  0.000000E+00  0.000000E+00
  -638.900  0.000000E+00  0.000000E+00  0.000000E+00  0.000000E+00  0.000000E+00
  -638.800  0.000000E+00  0.000000E+00  0.000000E+00  0.000000E+00  0.000000E+00
  -638.700  0.000000E+00  0.000000E+00  0.000000E+00  0.000000E+00  0.000000E+00
  -638.600  0.000000E+00  0.000000E+00  0.000000E+00  0.000000E+00  0.000000E+00
  -638.500  0.000000E+00  0.000000E+00  0.000000E+00  0.000000E+00  0.000000E+00
  -638.400  0.000000E+00  0.000000E+00  0.000000E+00  0.000000E+00  0.000000E+00
  -638.300  0.000000E+00  0.000000E+00  0.000000E+00  0.000000E+00  0.000000E+00
  -638.200  0.000000E+00  0.000000E+00  0.000000E+00  0.000000E+00  0.000000E+00
  -638.100  0.000000E+00  0.000000E+00  0.000000E+00  0.000000E+00  0.000000E+00
  -638.000  0.000000E+00  0.000000E+00  0.000000E+00  0.000000E+00  0.000000E+00
  -637.900  0.000000E+00  0.000000E+00  0.000000E+00  0.000000E+00  0.000000E+00
  -637.800  0.000000E+00  0.000000E+00  0.000000E+00  0.000000E+00  0.000000E+00
  -637.700  0.000000E+00  0.000000E+00  0.000000E+00  0.000000E+00  0.000000E+00
  -637.600  0.000000E+00  0.000000E+00  0.000000E+00  0.000000E+00  0.000000E+00
  -637.500  0.000000E+00  0.000000E+00  0.000000E+00  0.000000E+00  0.000000E+00
  -637.400  0.000000E+00  0.000000E+00  0.000000E+00  0.000000E+00  0.000000E+00
  -637.300  0.000000E+00  0.000000E+00  0.000000E+00  0.000000E+00  0.000000E+00
  -637.200  0.000000E+00  0.000000E+00  0.000000E+00  0.000000E+00  0.000000E+00
  -637.100  0.000000E+00  0.000000E+00  0.000000E+00  0.000000E+00  0.000000E+00
  -637.000  0.000000E+00  0.000000E+00  0.000000E+00  0.000000E+00  0.000000E+00
  -636.900  0.000000E+00  0.000000E+00  0.000000E+00  0.000000E+00  0.000000E+00
  -636.800  0.000000E+00  0.000000E+00  0.000000E+00  0.000000E+00  0.000000E+00
  -636.700  0.000000E+00  0.000000E+00  0.000000E+00  0.000000E+00  0.000000E+00
  -636.600  0.000000E+00  0.000000E+00  0.000000E+00  0.000000E+00  0.000000E+00
  -636.500  0.000000E+00  0.000000E+00  0.000000E+00  0.000000E+00  0.000000E+00
  -636.400  0.000000E+00  0.000000E+00  0.000000E+00  0.000000E+00  0.000000E+00
  -636.300  0.000000E+00  0.000000E+00  0.000000E+00  0.000000E+00  0.000000E+00
  -636.200  0.000000E+00  0.000000E+00  0.000000E+00  0.000000E+00  0.000000E+00
  -636.100  0.000000E+00  0.000000E+00  0.000000E+00  0.000000E+00  0.000000E+00
  -636.000  0.000000E+00  0.000000E+00  0.000000E+00  0.000000E+00  0.000000E+00
  -635.900  0.000000E+00  0.000000E+00  0.000000E+00  0.000000E+00  0.000000E+00
  -635.800  0.000000E+00  0.000000E+00  0.000000E+00  0.000000E+00  0.000000E+00
  -635.700  0.000000E+00  0.000000E+00  0.000000E+00  0.000000E+00  0.000000E+00
  -635.600  0.000000E+00  0.000000E+00  0.000000E+00  0.000000E+00  0.000000E+00
  -635.500  0.000000E+00  0.000000E+00  0.000000E+00  0.000000E+00  0.000000E+00
  -635.400  0.000000E+00  0.000000E+00  0.000000E+00  0.000000E+00  0.000000E+00
  -635.300  0.000000E+00  0.000000E+00  0.000000E+00  0.000000E+00  0.000000E+00
  -635.200  0.000000E+00  0.000000E+00  0.000000E+00  0.000000E+00  0.000000E+00
  -635.100  0.000000E+00  0.000000E+00  0.000000E+00  0.000000E+00  0.000000E+00
  -635.000  0.000000E+00  0.000000E+00  0.000000E+00  0.000000E+00  0.000000E+00
  -634.900  0.000000E+00  0.000000E+00  0.000000E+00  0.000000E+00  0.000000E+00
  -634.800  0.000000E+00  0.000000E+00  0.000000E+00  0.000000E+00  0.000000E+00
  -634.700  0.000000E+00  0.000000E+00  0.000000E+00  0.000000E+00  0.000000E+00
  -634.600  0.000000E+00  0.000000E+00  0.000000E+00  0.000000E+00  0.000000E+00
  -634.500  0.000000E+00  0.000000E+00  0.000000E+00  0.000000E+00  0.000000E+00
  -634.400  0.000000E+00  0.000000E+00  0.000000E+00  0.000000E+00  0.000000E+00
  -634.300  0.000000E+00  0.000000E+00  0.000000E+00  0.000000E+00  0.000000E+00
  -634.200  0.000000E+00  0.000000E+00  0.000000E+00  0.000000E+00  0.000000E+00
  -634.100  0.000000E+00  0.000000E+00  0.000000E+00  0.000000E+00  0.000000E+00
  -634.000  0.000000E+00  0.000000E+00  0.000000E+00  0.000000E+00  0.000000E+00
  -633.900  0.000000E+00  0.000000E+00  0.000000E+00  0.000000E+00  0.000000E+00
  -633.800  0.000000E+00  0.000000E+00  0.000000E+00  0.000000E+00  0.000000E+00
  -633.700  0.000000E+00  0.000000E+00  0.000000E+00  0.000000E+00  0.000000E+00
  -633.600  0.000000E+00  0.000000E+00  0.000000E+00  0.000000E+00  0.000000E+00
  -633.500  0.000000E+00  0.000000E+00  0.000000E+00  0.000000E+00  0.000000E+00
  -633.400  0.000000E+00  0.000000E+00  0.000000E+00  0.000000E+00  0.000000E+00
  -633.300  0.000000E+00  0.000000E+00  0.000000E+00  0.000000E+00  0.000000E+00
  -633.200  0.000000E+00  0.000000E+00  0.000000E+00  0.000000E+00  0.000000E+00
  -633.100  0.000000E+00  0.000000E+00  0.000000E+00  0.000000E+00  0.000000E+00
  -633.000  0.000000E+00  0.000000E+00  0.000000E+00  0.000000E+00  0.000000E+00
  -632.900  0.000000E+00  0.000000E+00  0.000000E+00  0.000000E+00  0.000000E+00
  -632.800  0.000000E+00  0.000000E+00  0.000000E+00  0.000000E+00  0.000000E+00
  -632.700  0.000000E+00  0.000000E+00  0.000000E+00  0.000000E+00  0.000000E+00
  -632.600  0.000000E+00  0.000000E+00  0.000000E+00  0.000000E+00  0.000000E+00
  -632.500  0.000000E+00  0.000000E+00  0.000000E+00  0.000000E+00  0.000000E+00
  -632.400  0.000000E+00  0.000000E+00  0.000000E+00  0.000000E+00  0.000000E+00
  -632.300  0.000000E+00  0.000000E+00  0.000000E+00  0.000000E+00  0.000000E+00
  -632.200  0.000000E+00  0.000000E+00  0.000000E+00  0.000000E+00  0.000000E+00
  -632.100  0.000000E+00  0.000000E+00  0.000000E+00  0.000000E+00  0.000000E+00
  -632.000  0.000000E+00  0.000000E+00  0.000000E+00  0.000000E+00  0.000000E+00
  -631.900  0.000000E+00  0.000000E+00  0.000000E+00  0.000000E+00  0.000000E+00
  -631.800  0.000000E+00  0.000000E+00  0.000000E+00  0.000000E+00  0.000000E+00
  -631.700  0.000000E+00  0.000000E+00  0.000000E+00  0.000000E+00  0.000000E+00
  -631.600  0.000000E+00  0.000000E+00  0.000000E+00  0.000000E+00  0.000000E+00
  -631.500  0.000000E+00  0.000000E+00  0.000000E+00  0.000000E+00  0.000000E+00
  -631.400  0.000000E+00  0.000000E+00  0.000000E+00  0.000000E+00  0.000000E+00
  -631.300  0.000000E+00  0.000000E+00  0.000000E+00  0.000000E+00  0.000000E+00
  -631.200  0.000000E+00  0.000000E+00  0.000000E+00  0.000000E+00  0.000000E+00
  -631.100  0.000000E+00  0.000000E+00  0.000000E+00  0.000000E+00  0.000000E+00
  -631.000  0.000000E+00  0.000000E+00  0.000000E+00  0.000000E+00  0.000000E+00
  -630.900  0.000000E+00  0.000000E+00  0.000000E+00  0.000000E+00  0.000000E+00
  -630.800  0.000000E+00  0.000000E+00  0.000000E+00  0.000000E+00  0.000000E+00
  -630.700  0.000000E+00  0.000000E+00  0.000000E+00  0.000000E+00  0.000000E+00
  -630.600  0.000000E+00  0.000000E+00  0.000000E+00  0.000000E+00  0.000000E+00
  -630.500  0.000000E+00  0.000000E+00  0.000000E+00  0.000000E+00  0.000000E+00
  -630.400  0.000000E+00  0.000000E+00  0.000000E+00  0.000000E+00  0.000000E+00
  -630.300  0.000000E+00  0.000000E+00  0.000000E+00  0.000000E+00  0.000000E+00
  -630.200  0.000000E+00  0.000000E+00  0.000000E+00  0.000000E+00  0.000000E+00
  -630.100  0.000000E+00  0.000000E+00  0.000000E+00  0.000000E+00  0.000000E+00
  -630.000  0.000000E+00  0.000000E+00  0.000000E+00  0.000000E+00  0.000000E+00
  -629.900  0.000000E+00  0.000000E+00  0.000000E+00  0.000000E+00  0.000000E+00
  -629.800  0.000000E+00  0.000000E+00  0.000000E+00  0.000000E+00  0.000000E+00
  -629.700  0.000000E+00  0.000000E+00  0.000000E+00  0.000000E+00  0.000000E+00
  -629.600  0.000000E+00  0.000000E+00  0.000000E+00  0.000000E+00  0.000000E+00
  -629.500  0.000000E+00  0.000000E+00  0.000000E+00  0.000000E+00  0.000000E+00
  -629.400  0.000000E+00  0.000000E+00  0.000000E+00  0.000000E+00  0.000000E+00
  -629.300  0.000000E+00  0.000000E+00  0.000000E+00  0.000000E+00  0.000000E+00
  -629.200  0.000000E+00  0.000000E+00  0.000000E+00  0.000000E+00  0.000000E+00
  -629.100  0.000000E+00  0.000000E+00  0.000000E+00  0.000000E+00  0.000000E+00
  -629.000  0.000000E+00  0.000000E+00  0.000000E+00  0.000000E+00  0.000000E+00
  -628.900  0.000000E+00  0.000000E+00  0.000000E+00  0.000000E+00  0.000000E+00
  -628.800  0.000000E+00  0.000000E+00  0.000000E+00  0.000000E+00  0.000000E+00
  -628.700  0.000000E+00  0.000000E+00  0.000000E+00  0.000000E+00  0.000000E+00
  -628.600  0.000000E+00  0.000000E+00  0.000000E+00  0.000000E+00  0.000000E+00
  -628.500  0.000000E+00  0.000000E+00  0.000000E+00  0.000000E+00  0.000000E+00
  -628.400  0.000000E+00  0.000000E+00  0.000000E+00  0.000000E+00  0.000000E+00
  -628.300  0.000000E+00  0.000000E+00  0.000000E+00  0.000000E+00  0.000000E+00
  -628.200  0.000000E+00  0.000000E+00  0.000000E+00  0.000000E+00  0.000000E+00
  -628.100  0.000000E+00  0.000000E+00  0.000000E+00  0.000000E+00  0.000000E+00
  -628.000  0.000000E+00  0.000000E+00  0.000000E+00  0.000000E+00  0.000000E+00
  -627.900  0.000000E+00  0.000000E+00  0.000000E+00  0.000000E+00  0.000000E+00
  -627.800  0.000000E+00  0.000000E+00  0.000000E+00  0.000000E+00  0.000000E+00
  -627.700  0.000000E+00  0.000000E+00  0.000000E+00  0.000000E+00  0.000000E+00
  -627.600  0.000000E+00  0.000000E+00  0.000000E+00  0.000000E+00  0.000000E+00
  -627.500  0.000000E+00  0.000000E+00  0.000000E+00  0.000000E+00  0.000000E+00
  -627.400  0.000000E+00  0.000000E+00  0.000000E+00  0.000000E+00  0.000000E+00
  -627.300  0.000000E+00  0.000000E+00  0.000000E+00  0.000000E+00  0.000000E+00
  -627.200  0.000000E+00  0.000000E+00  0.000000E+00  0.000000E+00  0.000000E+00
  -627.100  0.000000E+00  0.000000E+00  0.000000E+00  0.000000E+00  0.000000E+00
  -627.000  0.000000E+00  0.000000E+00  0.000000E+00  0.000000E+00  0.000000E+00
  -626.900  0.000000E+00  0.000000E+00  0.000000E+00  0.000000E+00  0.000000E+00
  -626.800  0.000000E+00  0.000000E+00  0.000000E+00  0.000000E+00  0.000000E+00
  -626.700  0.000000E+00  0.000000E+00  0.000000E+00  0.000000E+00  0.000000E+00
  -626.600  0.000000E+00  0.000000E+00  0.000000E+00  0.000000E+00  0.000000E+00
  -626.500  0.000000E+00  0.000000E+00  0.000000E+00  0.000000E+00  0.000000E+00
  -626.400  0.000000E+00  0.000000E+00  0.000000E+00  0.000000E+00  0.000000E+00
  -626.300  0.000000E+00  0.000000E+00  0.000000E+00  0.000000E+00  0.000000E+00
  -626.200  0.000000E+00  0.000000E+00  0.000000E+00  0.000000E+00  0.000000E+00
  -626.100  0.000000E+00  0.000000E+00  0.000000E+00  0.000000E+00  0.000000E+00
  -626.000  0.000000E+00  0.000000E+00  0.000000E+00  0.000000E+00  0.000000E+00
  -625.900  0.000000E+00  0.000000E+00  0.000000E+00  0.000000E+00  0.000000E+00
  -625.800  0.000000E+00  0.000000E+00  0.000000E+00  0.000000E+00  0.000000E+00
  -625.700  0.000000E+00  0.000000E+00  0.000000E+00  0.000000E+00  0.000000E+00
  -625.600  0.000000E+00  0.000000E+00  0.000000E+00  0.000000E+00  0.000000E+00
  -625.500  0.000000E+00  0.000000E+00  0.000000E+00  0.000000E+00  0.000000E+00
  -625.400  0.000000E+00  0.000000E+00  0.000000E+00  0.000000E+00  0.000000E+00
  -625.300  0.000000E+00  0.000000E+00  0.000000E+00  0.000000E+00  0.000000E+00
  -625.200  0.000000E+00  0.000000E+00  0.000000E+00  0.000000E+00  0.000000E+00
  -625.100  0.000000E+00  0.000000E+00  0.000000E+00  0.000000E+00  0.000000E+00
  -625.000  0.000000E+00  0.000000E+00  0.000000E+00  0.000000E+00  0.000000E+00
  -624.900  0.000000E+00  0.000000E+00  0.000000E+00  0.000000E+00  0.000000E+00
  -624.800  0.000000E+00  0.000000E+00  0.000000E+00  0.000000E+00  0.000000E+00
  -624.700  0.000000E+00  0.000000E+00  0.000000E+00  0.000000E+00  0.000000E+00
  -624.600  0.000000E+00  0.000000E+00  0.000000E+00  0.000000E+00  0.000000E+00
  -624.500  0.000000E+00  0.000000E+00  0.000000E+00  0.000000E+00  0.000000E+00
  -624.400  0.000000E+00  0.000000E+00  0.000000E+00  0.000000E+00  0.000000E+00
  -624.300  0.000000E+00  0.000000E+00  0.000000E+00  0.000000E+00  0.000000E+00
  -624.200  0.000000E+00  0.000000E+00  0.000000E+00  0.000000E+00  0.000000E+00
  -624.100  0.000000E+00  0.000000E+00  0.000000E+00  0.000000E+00  0.000000E+00
  -624.000  0.000000E+00  0.000000E+00  0.000000E+00  0.000000E+00  0.000000E+00
  -623.900  0.000000E+00  0.000000E+00  0.000000E+00  0.000000E+00  0.000000E+00
  -623.800  0.000000E+00  0.000000E+00  0.000000E+00  0.000000E+00  0.000000E+00
  -623.700  0.000000E+00  0.000000E+00  0.000000E+00  0.000000E+00  0.000000E+00
  -623.600  0.000000E+00  0.000000E+00  0.000000E+00  0.000000E+00  0.000000E+00
  -623.500  0.000000E+00  0.000000E+00  0.000000E+00  0.000000E+00  0.000000E+00
  -623.400  0.000000E+00  0.000000E+00  0.000000E+00  0.000000E+00  0.000000E+00
  -623.300  0.000000E+00  0.000000E+00  0.000000E+00  0.000000E+00  0.000000E+00
  -623.200  0.000000E+00  0.000000E+00  0.000000E+00  0.000000E+00  0.000000E+00
  -623.100  0.000000E+00  0.000000E+00  0.000000E+00  0.000000E+00  0.000000E+00
  -623.000  0.000000E+00  0.000000E+00  0.000000E+00  0.000000E+00  0.000000E+00
  -622.900  0.000000E+00  0.000000E+00  0.000000E+00  0.000000E+00  0.000000E+00
  -622.800  0.000000E+00  0.000000E+00  0.000000E+00  0.000000E+00  0.000000E+00
  -622.700  0.000000E+00  0.000000E+00  0.000000E+00  0.000000E+00  0.000000E+00
  -622.600  0.000000E+00  0.000000E+00  0.000000E+00  0.000000E+00  0.000000E+00
  -622.500  0.000000E+00  0.000000E+00  0.000000E+00  0.000000E+00  0.000000E+00
  -622.400  0.000000E+00  0.000000E+00  0.000000E+00  0.000000E+00  0.000000E+00
  -622.300  0.000000E+00  0.000000E+00  0.000000E+00  0.000000E+00  0.000000E+00
  -622.200  0.000000E+00  0.000000E+00  0.000000E+00  0.000000E+00  0.000000E+00
  -622.100  0.000000E+00  0.000000E+00  0.000000E+00  0.000000E+00  0.000000E+00
  -622.000  0.000000E+00  0.000000E+00  0.000000E+00  0.000000E+00  0.000000E+00
  -621.900  0.000000E+00  0.000000E+00  0.000000E+00  0.000000E+00  0.000000E+00
  -621.800  0.000000E+00  0.000000E+00  0.000000E+00  0.000000E+00  0.000000E+00
  -621.700  0.000000E+00  0.000000E+00  0.000000E+00  0.000000E+00  0.000000E+00
  -621.600  0.000000E+00  0.000000E+00  0.000000E+00  0.000000E+00  0.000000E+00
  -621.500  0.000000E+00  0.000000E+00  0.000000E+00  0.000000E+00  0.000000E+00
  -621.400  0.000000E+00  0.000000E+00  0.000000E+00  0.000000E+00  0.000000E+00
  -621.300  0.000000E+00  0.000000E+00  0.000000E+00  0.000000E+00  0.000000E+00
  -621.200  0.000000E+00  0.000000E+00  0.000000E+00  0.000000E+00  0.000000E+00
  -621.100  0.000000E+00  0.000000E+00  0.000000E+00  0.000000E+00  0.000000E+00
  -621.000  0.000000E+00  0.000000E+00  0.000000E+00  0.000000E+00  0.000000E+00
  -620.900  0.000000E+00  0.000000E+00  0.000000E+00  0.000000E+00  0.000000E+00
  -620.800  0.000000E+00  0.000000E+00  0.000000E+00  0.000000E+00  0.000000E+00
  -620.700  0.000000E+00  0.000000E+00  0.000000E+00  0.000000E+00  0.000000E+00
  -620.600  0.000000E+00  0.000000E+00  0.000000E+00  0.000000E+00  0.000000E+00
  -620.500  0.000000E+00  0.000000E+00  0.000000E+00  0.000000E+00  0.000000E+00
  -620.400  0.000000E+00  0.000000E+00  0.000000E+00  0.000000E+00  0.000000E+00
  -620.300  0.000000E+00  0.000000E+00  0.000000E+00  0.000000E+00  0.000000E+00
  -620.200  0.000000E+00  0.000000E+00  0.000000E+00  0.000000E+00  0.000000E+00
  -620.100  0.000000E+00  0.000000E+00  0.000000E+00  0.000000E+00  0.000000E+00
  -620.000  0.000000E+00  0.000000E+00  0.000000E+00  0.000000E+00  0.000000E+00
