Structure,Energy,Nucleus,delta_iso
01,-64060.697076,Sn01,650.215100483
01,-64060.697076,Sn02,650.151143029
01,-64060.697076,Sn03,650.152158936
01,-64060.697076,Sn04,650.214828191
02,-64060.716561,Sn01,655.430118233
02,-64060.716561,Sn02,655.595980902
02,-64060.716561,Sn03,649.583237177
02,-64060.716561,Sn04,649.70104536
03,-64060.714905,Sn01,660.95012001
03,-64060.714905,Sn02,656.589939777
03,-64060.714905,Sn03,656.313184044
03,-64060.714905,Sn04,650.00198417
04,-64060.726062,Sn01,661.022107475
04,-64060.726062,Sn02,650.158454245
04,-64060.726062,Sn03,656.22971296
04,-64060.726062,Sn04,656.137509046
05,-64060.727688,Sn01,655.81869562
05,-64060.727688,Sn02,656.062745547
05,-64060.727688,Sn03,656.062438098
05,-64060.727688,Sn04,656.135179317
06,-64060.735405,Sn01,655.893382589
06,-64060.735405,Sn02,655.892909876
06,-64060.735405,Sn03,655.961998338
06,-64060.735405,Sn04,655.962124717
07,-64060.733903,Sn01,656.120853538
07,-64060.733903,Sn02,656.119910614
07,-64060.733903,Sn03,656.119783057
07,-64060.733903,Sn04,656.121030301
08,-64060.714442,Sn01,656.3087904
08,-64060.714442,Sn02,656.308801206
08,-64060.714442,Sn03,663.366049781
08,-64060.714442,Sn04,649.957835524
09,-64060.732612,Sn01,662.005791722
09,-64060.732612,Sn02,656.141534047
09,-64060.732612,Sn03,663.110640311
09,-64060.732612,Sn04,656.475602837
10,-64060.754397,Sn01,654.251572813
10,-64060.754397,Sn02,659.257514419
10,-64060.754397,Sn03,654.251539301
10,-64060.754397,Sn04,657.573680251
11,-64060.756429,Sn01,652.976778379
11,-64060.756429,Sn02,652.976983961
11,-64060.756429,Sn03,650.249830011
11,-64060.756429,Sn04,653.60256936
12,-64060.722172,Sn01,661.932386939
12,-64060.722172,Sn02,661.932648657
12,-64060.722172,Sn03,656.874065088
12,-64060.722172,Sn04,656.873875757
13,-64060.695872,Sn01,656.602270788
13,-64060.695872,Sn02,649.858896997
13,-64060.695872,Sn03,655.6836825
13,-64060.695872,Sn04,649.857119016
14,-64060.724623,Sn01,661.679768676
14,-64060.724623,Sn02,656.024486386
14,-64060.724623,Sn03,649.742980055
14,-64060.724623,Sn04,656.351632924
15,-64060.733377,Sn01,656.63584355
15,-64060.733377,Sn02,661.88393551
15,-64060.733377,Sn03,656.514739988
15,-64060.733377,Sn04,649.777582798
16,-64060.743577,Sn01,659.741552869
16,-64060.743577,Sn02,654.115244393
16,-64060.743577,Sn03,654.227521899
16,-64060.743577,Sn04,657.107073555
17,-64060.734617,Sn01,655.837152767
17,-64060.734617,Sn02,656.02850468
17,-64060.734617,Sn03,656.028470605
17,-64060.734617,Sn04,655.837467118
18,-64060.740049,Sn01,662.667406836
18,-64060.740049,Sn02,662.667610838
18,-64060.740049,Sn03,662.852963631
18,-64060.740049,Sn04,662.907280267
19,-64060.708449,Sn01,649.766883014
19,-64060.708449,Sn02,649.845086766
19,-64060.708449,Sn03,649.766859547
19,-64060.708449,Sn04,649.76645
20,-64060.714686,Sn01,649.891786612
20,-64060.714686,Sn02,649.888182745
20,-64060.714686,Sn03,649.891979354
20,-64060.714686,Sn04,649.880542146
21,-64060.729360,Sn01,663.388815742
21,-64060.729360,Sn02,663.38882752
21,-64060.729360,Sn03,664.300118346
21,-64060.729360,Sn04,664.300324011
22,-64060.809407,Sn01,644.231063209
22,-64060.809407,Sn02,644.200264337
22,-64060.809407,Sn03,644.198182255
22,-64060.809407,Sn04,644.41860917
