Structure,Energy,Nucleus,delta_iso
01,-69313.628095,Sn01,656.589329266
01,-69313.628095,Sn02,656.589570566
01,-69313.628095,Sn03,658.652800639
01,-69313.628095,Sn04,657.799968696
01,-69313.628095,Sn05,657.69378223
01,-69313.628095,Sn06,657.800721217
01,-69313.628095,Sn07,656.549497381
01,-69313.628095,Sn08,658.652887373
01,-69313.628095,Sn09,657.693775996
01,-69313.628095,Sn10,656.5503625
01,-69313.628095,Sn11,657.416789982
02,-69313.627153,Sn01,656.045622591
02,-69313.627153,Sn02,656.046083013
02,-69313.627153,Sn03,660.83907784
02,-69313.627153,Sn04,657.350825532
02,-69313.627153,Sn05,657.351198344
02,-69313.627153,Sn06,657.351562738
02,-69313.627153,Sn07,657.351024768
02,-69313.627153,Sn08,657.11521887
02,-69313.627153,Sn09,657.427417949
02,-69313.627153,Sn10,657.427248414
02,-69313.627153,Sn11,657.115142513
03,-69313.658931,Sn01,646.679379426
03,-69313.658931,Sn02,646.679130175
03,-69313.658931,Sn03,659.991067697
03,-69313.658931,Sn04,648.825573467
03,-69313.658931,Sn05,656.209499659
03,-69313.658931,Sn06,659.465271849
03,-69313.658931,Sn07,658.094921208
03,-69313.658931,Sn08,659.991213485
03,-69313.658931,Sn09,658.094855534
03,-69313.658931,Sn10,656.20931448
03,-69313.658931,Sn11,649.267743954
04,-69313.685411,Sn01,646.869655621
04,-69313.685411,Sn02,648.090888309
04,-69313.685411,Sn03,656.664761041
04,-69313.685411,Sn04,647.879698591
04,-69313.685411,Sn05,656.758767129
04,-69313.685411,Sn06,658.239095432
04,-69313.685411,Sn07,656.903475104
04,-69313.685411,Sn08,657.164763624
04,-69313.685411,Sn09,650.554883801
04,-69313.685411,Sn10,658.552616306
04,-69313.685411,Sn11,647.818020635
05,-69313.626815,Sn01,656.089815225
05,-69313.626815,Sn02,656.921208161
05,-69313.626815,Sn03,655.902973217
05,-69313.626815,Sn04,658.23260118
05,-69313.626815,Sn05,655.920495038
05,-69313.626815,Sn06,658.808507778
05,-69313.626815,Sn07,658.685857359
05,-69313.626815,Sn08,656.977729278
05,-69313.626815,Sn09,659.243278889
05,-69313.626815,Sn10,655.929209942
05,-69313.626815,Sn11,656.087508781
06,-69313.658194,Sn01,648.118524184
06,-69313.658194,Sn02,648.064541452
06,-69313.658194,Sn03,656.721456229
06,-69313.658194,Sn04,659.055319642
06,-69313.658194,Sn05,649.104269485
06,-69313.658194,Sn06,659.021208056
06,-69313.658194,Sn07,657.877071636
06,-69313.658194,Sn08,658.821711217
06,-69313.658194,Sn09,658.11671726
06,-69313.658194,Sn10,657.951847711
06,-69313.658194,Sn11,646.885750954
07,-69313.657444,Sn01,646.686274605
07,-69313.657444,Sn02,647.328845972
07,-69313.657444,Sn03,657.973615304
07,-69313.657444,Sn04,659.399775654
07,-69313.657444,Sn05,649.536019221
07,-69313.657444,Sn06,657.272240758
07,-69313.657444,Sn07,657.251826264
07,-69313.657444,Sn08,657.43953479
07,-69313.657444,Sn09,658.206838026
07,-69313.657444,Sn10,657.935500727
07,-69313.657444,Sn11,648.365736984
08,-69313.658297,Sn01,646.326579816
08,-69313.658297,Sn02,646.951966886
08,-69313.658297,Sn03,657.721363303
08,-69313.658297,Sn04,658.227079106
08,-69313.658297,Sn05,649.420683729
08,-69313.658297,Sn06,656.204174583
08,-69313.658297,Sn07,658.095494897
08,-69313.658297,Sn08,658.290909245
08,-69313.658297,Sn09,659.121715501
08,-69313.658297,Sn10,656.018449036
08,-69313.658297,Sn11,646.847915874
09,-69313.675906,Sn01,646.531469035
09,-69313.675906,Sn02,646.89722278
09,-69313.675906,Sn03,656.495170403
09,-69313.675906,Sn04,651.396559249
09,-69313.675906,Sn05,650.586810846
09,-69313.675906,Sn06,657.101120394
09,-69313.675906,Sn07,659.414739157
09,-69313.675906,Sn08,658.961566188
09,-69313.675906,Sn09,658.096247627
09,-69313.675906,Sn10,655.657854508
09,-69313.675906,Sn11,647.733013701
10,-69313.657933,Sn01,646.83841051
10,-69313.657933,Sn02,648.664755976
10,-69313.657933,Sn03,656.266726669
10,-69313.657933,Sn04,660.348123214
10,-69313.657933,Sn05,649.110745961
10,-69313.657933,Sn06,658.200979251
10,-69313.657933,Sn07,658.981297418
10,-69313.657933,Sn08,657.774101446
10,-69313.657933,Sn09,657.935101036
10,-69313.657933,Sn10,657.483901294
10,-69313.657933,Sn11,647.140736027
11,-69313.639283,Sn01,656.198708338
11,-69313.639283,Sn02,655.175419654
11,-69313.639283,Sn03,657.321997852
11,-69313.639283,Sn04,660.073391565
11,-69313.639283,Sn05,659.355581158
11,-69313.639283,Sn06,655.088318063
11,-69313.639283,Sn07,659.53511276
11,-69313.639283,Sn08,656.023974318
11,-69313.639283,Sn09,659.356158528
11,-69313.639283,Sn10,657.307776453
11,-69313.639283,Sn11,656.002657442
12,-69313.704261,Sn01,637.253723267
12,-69313.704261,Sn02,648.299349939
12,-69313.704261,Sn03,648.299948654
12,-69313.704261,Sn04,646.956771694
12,-69313.704261,Sn05,646.956972135
12,-69313.704261,Sn06,658.395428199
12,-69313.704261,Sn07,658.394430121
12,-69313.704261,Sn08,650.427022845
12,-69313.704261,Sn09,658.54521528
12,-69313.704261,Sn10,658.545055659
12,-69313.704261,Sn11,650.42740249
13,-69313.709459,Sn01,637.228686175
13,-69313.709459,Sn02,648.121031366
13,-69313.709459,Sn03,647.852350118
13,-69313.709459,Sn04,658.662157985
13,-69313.709459,Sn05,647.396333542
13,-69313.709459,Sn06,649.032333072
13,-69313.709459,Sn07,659.390900704
13,-69313.709459,Sn08,649.857416638
13,-69313.709459,Sn09,657.235648083
13,-69313.709459,Sn10,658.188831963
13,-69313.709459,Sn11,642.065638145
14,-69313.689950,Sn01,638.2626086
14,-69313.689950,Sn02,649.691099149
14,-69313.689950,Sn03,647.533364346
14,-69313.689950,Sn04,659.430566781
14,-69313.689950,Sn05,649.052893234
14,-69313.689950,Sn06,647.533650933
14,-69313.689950,Sn07,659.395078678
14,-69313.689950,Sn08,660.024724683
14,-69313.689950,Sn09,649.095261564
14,-69313.689950,Sn10,657.273598409
14,-69313.689950,Sn11,649.638770984
15,-69313.703105,Sn01,637.429839408
15,-69313.703105,Sn02,648.84301234
15,-69313.703105,Sn03,648.379852117
15,-69313.703105,Sn04,658.557199584
15,-69313.703105,Sn05,647.36562725
15,-69313.703105,Sn06,648.365845422
15,-69313.703105,Sn07,657.283789118
15,-69313.703105,Sn08,647.563920718
15,-69313.703105,Sn09,658.472356192
15,-69313.703105,Sn10,660.750568664
15,-69313.703105,Sn11,648.952886397
16,-69313.668326,Sn01,647.44179556
16,-69313.668326,Sn02,655.798904781
16,-69313.668326,Sn03,657.348213092
16,-69313.668326,Sn04,645.960364684
16,-69313.668326,Sn05,655.792375696
16,-69313.668326,Sn06,649.234700654
16,-69313.668326,Sn07,657.50086736
16,-69313.668326,Sn08,656.657315498
16,-69313.668326,Sn09,659.39801221
16,-69313.668326,Sn10,657.517826052
16,-69313.668326,Sn11,647.188267408
17,-69313.701432,Sn01,648.252405311
17,-69313.701432,Sn02,647.96495468
17,-69313.701432,Sn03,648.170937788
17,-69313.701432,Sn04,646.809852605
17,-69313.701432,Sn05,648.99231817
17,-69313.701432,Sn06,649.747820984
17,-69313.701432,Sn07,656.037302764
17,-69313.701432,Sn08,658.244769848
17,-69313.701432,Sn09,658.512907241
17,-69313.701432,Sn10,659.99734141
17,-69313.701432,Sn11,638.833056658
18,-69313.707036,Sn01,648.954668493
18,-69313.707036,Sn02,648.954365259
18,-69313.707036,Sn03,648.955113038
18,-69313.707036,Sn04,648.955061573
18,-69313.707036,Sn05,649.515763443
18,-69313.707036,Sn06,659.278777063
18,-69313.707036,Sn07,649.515917221
18,-69313.707036,Sn08,659.278274698
18,-69313.707036,Sn09,659.278957469
18,-69313.707036,Sn10,659.278688329
18,-69313.707036,Sn11,640.258047732
19,-69313.718510,Sn01,641.255918092
19,-69313.718510,Sn02,647.162061624
19,-69313.718510,Sn03,649.312796127
19,-69313.718510,Sn04,647.339446911
19,-69313.718510,Sn05,650.41988423
19,-69313.718510,Sn06,657.660452042
19,-69313.718510,Sn07,649.127781914
19,-69313.718510,Sn08,659.069813426
19,-69313.718510,Sn09,657.852085874
19,-69313.718510,Sn10,658.162808514
19,-69313.718510,Sn11,638.359037015
20,-69313.648473,Sn01,657.133902735
20,-69313.648473,Sn02,655.663005708
20,-69313.648473,Sn03,657.133956869
20,-69313.648473,Sn04,655.663406605
20,-69313.648473,Sn05,658.720440996
20,-69313.648473,Sn06,655.66291528
20,-69313.648473,Sn07,658.721021515
20,-69313.648473,Sn08,655.663519668
20,-69313.648473,Sn09,659.113139165
20,-69313.648473,Sn10,657.134603401
20,-69313.648473,Sn11,657.134267687
21,-69313.661947,Sn01,646.150223086
21,-69313.661947,Sn02,658.624927856
21,-69313.661947,Sn03,657.236852306
21,-69313.661947,Sn04,646.888235024
21,-69313.661947,Sn05,657.269101539
21,-69313.661947,Sn06,651.502384161
21,-69313.661947,Sn07,658.533152079
21,-69313.661947,Sn08,658.351700884
21,-69313.661947,Sn09,658.606906801
21,-69313.661947,Sn10,658.253978168
21,-69313.661947,Sn11,646.247881559
22,-69313.629681,Sn01,656.107427473
22,-69313.629681,Sn02,656.107822466
22,-69313.629681,Sn03,656.107714665
22,-69313.629681,Sn04,656.107507475
22,-69313.629681,Sn05,657.566589354
22,-69313.629681,Sn06,657.697256657
22,-69313.629681,Sn07,657.697082913
22,-69313.629681,Sn08,657.566265409
22,-69313.629681,Sn09,657.696975204
22,-69313.629681,Sn10,657.698195928
22,-69313.629681,Sn11,655.156616888
23,-69313.677523,Sn01,646.518873704
23,-69313.677523,Sn02,656.836627279
23,-69313.677523,Sn03,655.538274681
23,-69313.677523,Sn04,648.589039777
23,-69313.677523,Sn05,657.332426261
23,-69313.677523,Sn06,656.426325006
23,-69313.677523,Sn07,649.91104864
23,-69313.677523,Sn08,658.721771531
23,-69313.677523,Sn09,650.594871491
23,-69313.677523,Sn10,657.061930285
23,-69313.677523,Sn11,646.878017004
24,-69313.689310,Sn01,647.849395479
24,-69313.689310,Sn02,649.101118475
24,-69313.689310,Sn03,647.849255155
24,-69313.689310,Sn04,649.1010742
24,-69313.689310,Sn05,658.637337163
24,-69313.689310,Sn06,651.046500858
24,-69313.689310,Sn07,651.04663342
24,-69313.689310,Sn08,661.023449315
24,-69313.689310,Sn09,659.50575422
24,-69313.689310,Sn10,659.505729709
24,-69313.689310,Sn11,637.950133506
25,-69313.710566,Sn01,646.35359713
25,-69313.710566,Sn02,648.873982893
25,-69313.710566,Sn03,648.873814065
25,-69313.710566,Sn04,646.353540369
25,-69313.710566,Sn05,659.735030331
25,-69313.710566,Sn06,650.483268511
25,-69313.710566,Sn07,642.519103607
25,-69313.710566,Sn08,656.870211254
25,-69313.710566,Sn09,659.73513943
25,-69313.710566,Sn10,656.870259567
25,-69313.710566,Sn11,637.838076856
26,-69313.718148,Sn01,646.687076045
26,-69313.718148,Sn02,648.750895591
26,-69313.718148,Sn03,647.822391698
26,-69313.718148,Sn04,647.45849444
26,-69313.718148,Sn05,646.728176622
26,-69313.718148,Sn06,646.993813143
26,-69313.718148,Sn07,658.046257984
26,-69313.718148,Sn08,648.675009549
26,-69313.718148,Sn09,659.025861233
26,-69313.718148,Sn10,651.101571404
26,-69313.718148,Sn11,649.783121099
27,-69313.685108,Sn01,648.164114431
27,-69313.685108,Sn02,656.65044932
27,-69313.685108,Sn03,656.747085836
27,-69313.685108,Sn04,646.803538907
27,-69313.685108,Sn05,656.926009235
27,-69313.685108,Sn06,648.123831609
27,-69313.685108,Sn07,657.262229047
27,-69313.685108,Sn08,657.577409083
27,-69313.685108,Sn09,656.697700573
27,-69313.685108,Sn10,652.576030743
27,-69313.685108,Sn11,648.3998929
28,-69313.716763,Sn01,649.239018891
28,-69313.716763,Sn02,647.787496127
28,-69313.716763,Sn03,649.239211864
28,-69313.716763,Sn04,647.787795212
28,-69313.716763,Sn05,659.326895335
28,-69313.716763,Sn06,647.55102996
28,-69313.716763,Sn07,647.5513056
28,-69313.716763,Sn08,659.32718554
28,-69313.716763,Sn09,648.007174809
28,-69313.716763,Sn10,650.68403365
28,-69313.716763,Sn11,648.007391894
29,-69313.735472,Sn01,647.87548954
29,-69313.735472,Sn02,647.560321148
29,-69313.735472,Sn03,647.875447705
29,-69313.735472,Sn04,647.560733368
29,-69313.735472,Sn05,658.379384395
29,-69313.735472,Sn06,649.751882107
29,-69313.735472,Sn07,649.752114383
29,-69313.735472,Sn08,658.379537659
29,-69313.735472,Sn09,649.727666555
29,-69313.735472,Sn10,656.712860962
29,-69313.735472,Sn11,649.727732392
30,-69313.688413,Sn01,647.78570825
30,-69313.688413,Sn02,648.404789961
30,-69313.688413,Sn03,639.999744281
30,-69313.688413,Sn04,657.214536046
30,-69313.688413,Sn05,648.816824256
30,-69313.688413,Sn06,649.520911534
30,-69313.688413,Sn07,657.861594321
30,-69313.688413,Sn08,647.885720746
30,-69313.688413,Sn09,648.41738132
30,-69313.688413,Sn10,660.396778976
30,-69313.688413,Sn11,657.937341079
31,-69313.737438,Sn01,638.705625169
31,-69313.737438,Sn02,650.335305697
31,-69313.737438,Sn03,638.705683392
31,-69313.737438,Sn04,650.335320459
31,-69313.737438,Sn05,650.435978794
31,-69313.737438,Sn06,648.579650232
31,-69313.737438,Sn07,648.579674214
31,-69313.737438,Sn08,649.930374257
31,-69313.737438,Sn09,642.304982424
31,-69313.737438,Sn10,660.095957463
31,-69313.737438,Sn11,649.930386306
32,-69313.741736,Sn01,637.980479258
32,-69313.741736,Sn02,649.110047894
32,-69313.741736,Sn03,639.227116488
32,-69313.741736,Sn04,647.44073051
32,-69313.741736,Sn05,642.13341569
32,-69313.741736,Sn06,649.391928529
32,-69313.741736,Sn07,650.133381683
32,-69313.741736,Sn08,658.927815443
32,-69313.741736,Sn09,648.653403007
32,-69313.741736,Sn10,648.932012626
32,-69313.741736,Sn11,649.656762003
33,-69313.725876,Sn01,638.983205212
33,-69313.725876,Sn02,656.43863455
33,-69313.725876,Sn03,648.400725948
33,-69313.725876,Sn04,646.632885218
33,-69313.725876,Sn05,641.840370794
33,-69313.725876,Sn06,658.185925509
33,-69313.725876,Sn07,642.034979117
33,-69313.725876,Sn08,658.798234524
33,-69313.725876,Sn09,658.438176836
33,-69313.725876,Sn10,646.626527656
33,-69313.725876,Sn11,648.637170343
34,-69313.734949,Sn01,658.116178879
34,-69313.734949,Sn02,636.879774959
34,-69313.734949,Sn03,648.671604202
34,-69313.734949,Sn04,641.774595615
34,-69313.734949,Sn05,656.659115026
34,-69313.734949,Sn06,648.672144133
34,-69313.734949,Sn07,641.774352897
34,-69313.734949,Sn08,658.116197316
34,-69313.734949,Sn09,649.037346552
34,-69313.734949,Sn10,656.620533603
34,-69313.734949,Sn11,649.037610116
35,-69313.728395,Sn01,647.386074112
35,-69313.728395,Sn02,647.039290826
35,-69313.728395,Sn03,655.607215389
35,-69313.728395,Sn04,648.435757997
35,-69313.728395,Sn05,640.513440215
35,-69313.728395,Sn06,648.435784539
35,-69313.728395,Sn07,655.606999668
35,-69313.728395,Sn08,647.38646803
35,-69313.728395,Sn09,658.664178954
35,-69313.728395,Sn10,658.664007964
35,-69313.728395,Sn11,639.898889942
